abu+S+alnaSrh+53.607	8112	2910	0.792	0.696	1750	3113	1.712	2.158
abu+S+alnaSrh+508.308	7422	2322	1.200	4.084	1082	2478	2.297	4.403
abu+S+alnaSrh+634.143	6685	2059	1.956	8.381	2826	3121	0.564	-0.818
alohali+S+alnaSrh+129.997	7877	2149	1.502	3.844	6447	2633	-0.596	2.003
alohali+S+alnaSrh+335.103	8003	3055	0.940	0.412	5276	3258	0.219	0.587
alohali+S+alnaSrh+555.361	6291	2099	1.813	4.467	5102	2004	-0.017	3.596
alotaiq+S+alnaSrh+81.224	7504	2293	1.504	5.437	2056	3138	1.275	0.497
alotaiq+S+alnaSrh+213.664	7280	1954	1.614	6.093	2989	3384	0.574	-1.025
alotaiq+S+alnaSrh+303.684	7448	2464	1.633	4.205	2577	3325	0.921	-0.139
mohammed+S+alnaSrh+132.008	9061	2053	0.037	0.912	6796	3562	-0.658	-0.412
mohammed+S+alnaSrh+320.368	9622	2235	0.197	-0.010	8086	3063	-0.779	1.053
mohammed+S+alnaSrh+561.576	9927	2142	-0.244	0.836	8216	3301	-0.866	0.494
naif1+S+alnaSrh+65.998	7707	2912	1.221	1.424	5185	3110	0.161	0.811
naif1+S+alnaSrh+187.275	7911	2983	0.976	0.333	5445	3110	0.190	0.853
naif1+S+alnaSrh+327.089	8454	2899	0.813	0.840	5005	3721	0.185	-0.457
naif2+S+alnaSrh+54.070	8595	3108	0.672	-0.345	5566	3572	0.163	0.037
naif2+S+alnaSrh+158.665	9147	3356	0.436	-0.802	6383	3522	0.291	0.381
naif2+S+alnaSrh+273.032	7855	1959	1.498	3.767	6619	2490	-0.811	2.416
saud+S+alnaSrh+58.640	8114	2750	0.888	1.479	5637	3247	-0.014	0.274
saud+S+alnaSrh+200.544	7480	2378	1.371	3.263	5875	2592	-0.182	1.825
saud+S+alnaSrh+351.602	9054	2506	0.839	2.122	7097	3256	-0.425	0.664
alohali+S+baS+69.958	6757	1482	2.811	13.472	6062	1763	-1.186	6.745
alohali+S+baS+373.779	6450	2084	1.723	4.311	5288	2020	-0.080	3.696
alohali+S+baS+561.541	6653	2225	1.449	3.303	4767	2598	-0.181	0.779
alotaiq+S+baS+56.118	6124	1992	1.856	6.681	3356	2804	0.144	-0.672
alotaiq+S+baS+230.838	6730	2264	2.466	8.891	3970	3046	0.047	-0.253
alotaiq+S+baS+306.053	7349	2541	1.687	5.274	1587	2813	1.710	2.213
mohammed+S+baS+66.500	7007	1758	1.800	4.919	6297	1679	-0.096	6.133
mohammed+S+baS+366.033	7044	1676	1.336	4.391	6080	2054	-0.854	3.122
mohammed+S+baS+566.505	6688	2057	1.835	4.205	5573	2054	-0.227	3.866
naif1+S+baS+34.749	6842	2389	1.564	3.258	5214	2444	-0.052	2.126
naif1+S+baS+211.131	7067	3195	1.095	0.712	4658	2674	0.773	2.443
naif1+S+baS+330.339	7981	3030	0.906	0.555	5341	3178	0.265	0.663
naif2+S+baS+27.634	6539	2750	1.678	3.169	4638	2437	0.400	2.872
naif2+S+baS+179.546	6914	2686	1.414	1.094	5155	2481	0.209	2.582
naif2+S+baS+275.824	7274	2252	1.374	2.577	5996	2258	-0.057	2.837
saud+S+baS+24.853	8373	2531	0.795	1.285	7013	2447	0.349	1.832
saud+S+baS+228.958	8534	2466	0.135	0.435	6771	2834	-0.080	0.265
saud+S+baS+355.268	8538	2296	0.834	2.935	7184	2580	-0.245	1.725
abu+S+faSl+269.924	8667	2764	0.401	0.446	4890	3883	0.209	-0.859
abu+S+faSl+529.682	7894	2606	0.710	1.069	4619	3510	0.140	-0.670
abu+S+faSl+621.785	7892	2939	0.828	1.075	3043	3528	0.864	-0.061
alohali+S+faSl+231.781	7688	2536	0.840	0.391	5868	2725	-0.047	1.130
alohali+S+faSl+315.885	8416	2312	1.173	3.438	6164	3358	-0.441	0.028
alohali+S+faSl+542.249	7710	2455	0.425	-0.068	5794	2766	-0.037	0.415
alotaiq+S+faSl+133.980	7335	2065	1.156	3.947	3763	3420	0.222	-1.143
alotaiq+S+faSl+205.433	7379	2694	1.510	4.468	1041	2332	2.537	6.340
alotaiq+S+faSl+298.503	7365	2327	1.378	4.617	2400	3232	1.010	-0.087
mohammed+S+faSl+217.886	8196	1487	1.106	6.971	7415	2080	-1.414	4.414
mohammed+S+faSl+299.301	8930	2234	0.326	0.482	7540	2718	-0.498	1.163
mohammed+S+faSl+548.037	9036	1801	-0.147	1.052	8002	2431	-0.981	1.796
naif1+S+faSl+123.338	8625	3296	0.683	0.091	5780	3403	0.366	0.600
naif1+S+faSl+175.913	6663	2261	1.895	3.978	5192	2343	-0.212	2.596
naif1+S+faSl+318.130	9452	3159	0.358	-0.625	5523	4184	0.204	-0.687
naif2+S+faSl+105.425	7422	1982	2.232	6.581	5418	3043	-0.587	0.182
naif2+S+faSl+149.176	7183	2447	1.634	3.294	4408	3168	0.022	-0.239
naif2+S+faSl+265.086	7056	3067	1.378	1.603	4803	2696	0.543	2.378
saud+S+faSl+121.018	7323	2336	1.164	2.242	5533	2691	-0.223	1.033
saud+S+faSl+185.619	6948	2466	1.295	1.822	5495	2269	0.259	2.974
saud+S+faSl+343.120	8444	2584	0.421	0.409	4876	3796	0.100	-0.908
abu+S+mtwaSl+170.266	8065	2564	0.574	0.247	5665	3204	-0.122	-0.051
abu+S+mtwaSl+375.539	7634	2318	0.629	1.817	2649	3423	0.886	-0.495
abu+S+mtwaSl+547.398	7389	2642	0.952	1.726	3335	3371	0.589	-0.493
alohali+S+mtwaSl+191.751	6741	1761	2.359	9.627	5855	1911	-0.627	4.997
alohali+S+mtwaSl+470.372	7989	2219	0.339	0.422	6000	2996	-0.380	-0.005
alohali+S+mtwaSl+710.174	6857	2668	0.753	0.892	3942	2907	0.410	0.084
alotaiq+S+mtwaSl+110.476	7298	1951	0.806	3.055	4008	3371	0.090	-1.248
alotaiq+S+mtwaSl+270.585	6816	2161	1.466	4.518	2883	3132	0.589	-0.711
alotaiq+S+mtwaSl+363.096	7290	2114	1.174	3.111	4497	3251	-0.110	-0.793
mohammed+S+mtwaSl+179.136	8778	2427	0.012	-0.651	7264	2687	-0.075	0.386
mohammed+S+mtwaSl+467.012	9752	2358	-0.567	0.036	7668	3468	-0.540	-0.334
naif1+S+mtwaSl+100.095	7844	3175	1.195	1.191	4736	3337	0.365	0.592
naif1+S+mtwaSl+273.450	7194	3412	0.932	0.296	2969	3054	1.052	1.402
naif1+S+mtwaSl+413.597	6377	2574	1.655	2.171	4903	2135	0.502	4.246
naif2+S+mtwaSl+84.226	7882	2723	1.068	1.276	4559	3510	0.181	-0.446
naif2+S+mtwaSl+227.748	9474	3282	0.268	-0.205	3448	4173	0.957	-0.112
naif2+S+mtwaSl+348.258	8436	2536	0.561	-0.197	6246	3217	-0.274	0.173
saud+S+mtwaSl+93.479	8600	2544	0.529	1.050	5824	3594	-0.178	-0.495
saud+S+mtwaSl+293.707	9792	3080	0.176	-0.008	5808	4334	0.153	-0.875
saud+S+mtwaSl+436.298	8812	2638	0.249	-0.019	7077	2839	0.095	0.402
