abu+s+as\9ed+32.574	8827	3024	0.709	0.794	4487	4010	0.423	-0.626
abu+s+m\9eslh+50.617	7661	2410	1.332	3.143	5149	3236	-0.175	-0.127
abu+s+jrs+61.004	7331	2963	1.909	4.806	3556	3342	0.558	0.290
abu+s+msa\9edh+67.538	6929	2808	1.751	5.016	2199	2982	1.164	1.018
abu+s+awtwbys+71.157	7382	2496	1.783	6.299	4343	3307	0.118	-0.293
abu+s+stwr+132.435	7852	2870	1.460	3.198	5557	3061	0.113	1.253
abu+s+sdyd+134.204	8180	2709	0.811	1.207	5841	3171	-0.033	0.375
abu+s+bsaTh+161.801	8328	2916	0.644	0.265	4230	3779	0.409	-0.592
abu+s+sTwr+171.224	7178	2389	1.410	3.592	4627	3074	-0.054	-0.101
abu+s+slTh+193.778	7752	2758	0.825	0.684	5709	2815	0.193	1.110
abu+s+smwT+195.170	8329	3197	1.422	2.201	5794	3296	0.233	1.362
abu+s+smwt+200.215	7060	2418	1.607	4.201	5484	2437	0.027	2.363
abu+s+wsyTh+268.262	7611	2562	1.079	2.131	4706	3325	0.046	-0.370
abu+s+msTrh+295.894	7540	2408	1.097	2.891	6057	2401	0.217	1.779
abu+s+mlabs+333.099	7748	2192	0.642	2.115	4275	3568	0.100	-1.125
abu+s+s\9eyd+345.630	7483	2550	1.522	3.229	5913	2505	0.120	2.568
abu+s+wsTy+353.175	9185	3477	0.443	-0.309	4841	4053	0.532	-0.284
abu+s+mlabs+376.848	7829	2123	0.928	3.464	5283	3338	-0.302	-0.639
abu+s+m\9eslh+378.910	7464	2386	0.921	1.636	4937	3145	-0.107	-0.285
abu+s+wsTh+383.413	7777	2716	0.876	2.281	3844	3533	0.459	-0.563
abu+s+wsyTh+388.287	7588	2603	0.936	1.458	910	2306	2.698	6.869
abu+s+awtwbys+392.722	7655	2317	0.801	2.277	3857	3540	0.300	-1.001
abu+s+jrs+394.041	7344	2384	1.179	2.666	2815	3347	0.744	-0.522
abu+s+as\9ed+400.087	7664	2097	1.233	2.362	3391	3625	0.427	-1.154
abu+s+slTh+401.061	7525	2199	1.197	3.703	915	2338	2.574	5.768
abu+s+msa\9edh+405.922	7584	2245	1.262	3.778	4932	3279	-0.163	-0.531
abu+s+msTrh+413.389	8132	2018	0.959	4.232	4074	3860	0.204	-1.370
abu+s+sTam+414.024	8190	2197	1.005	2.782	5178	3662	-0.202	-0.917
abu+s+sTwr+437.569	6440	2385	1.788	5.335	4413	2579	0.026	1.123
abu+s+smwt+443.834	8318	2829	0.783	1.051	4327	3788	0.343	-0.643
abu+s+sbHh+453.027	7776	2509	0.690	1.030	5875	2781	-0.021	0.733
abu+s+sdf+514.630	7845	2705	0.775	0.590	4350	3514	0.246	-0.560
abu+s+smwT+518.206	7144	2949	1.376	2.677	205	1030	6.979	56.955
abu+s+s\9eyd+523.208	7468	2296	1.236	3.565	4312	3385	0.063	-0.789
abu+s+bsaTh+533.400	7613	2643	0.839	1.834	3093	3466	0.728	-0.465
abu+s+stwr+534.534	8264	2501	0.671	1.836	5865	3268	-0.165	-0.109
abu+s+sdyd+542.291	6781	2300	1.588	3.835	4224	2965	-0.019	-0.188
abu+s+sbHh+543.494	7261	2543	1.403	3.292	4927	2966	-0.023	0.506
abu+s+bsaTh+557.283	8006	2868	0.524	0.486	4129	3601	0.437	-0.579
abu+s+wsyTh+558.606	7341	2846	1.029	1.508	4284	3173	0.335	0.091
abu+s+msTrh+559.954	9617	2750	0.400	1.146	6671	3958	-0.192	-0.561
abu+s+s\9eyd+565.830	6239	2061	2.341	8.516	438	1476	3.811	15.123
abu+s+awtwbys+568.566	7150	2559	1.203	2.359	4217	3145	0.177	-0.247
abu+s+jrs+569.587	7194	2416	1.540	2.966	4488	3159	-0.029	-0.241
abu+s+sdf+574.894	7000	2234	1.805	3.998	5691	2281	-0.211	3.206
abu+s+wsTy+579.191	9095	2808	0.602	0.993	5238	4107	0.132	-0.872
abu+s+msa\9edh+581.296	7449	2090	1.398	5.509	421	1592	4.318	18.752
abu+s+smwT+582.477	8258	2362	0.676	2.884	4085	3841	0.315	-1.107
abu+s+sTam+591.352	8190	2498	1.105	2.002	3875	3839	0.385	-0.955
abu+s+sTwr+599.486	7132	2673	1.327	3.121	2750	3195	0.844	0.006
abu+s+mlabs+606.327	7826	2820	1.036	1.737	3096	3535	0.788	-0.216
abu+s+smwt+615.602	8550	3117	0.972	1.112	4388	3885	0.429	-0.354
abu+s+sbHh+620.636	8070	2656	0.888	0.982	5464	3326	-0.075	-0.027
abu+s+stwr+625.371	7466	2833	1.110	2.022	2916	3339	0.835	0.040
abu+s+sdyd+629.425	6697	2313	2.053	6.105	1853	2847	1.235	0.656
abu+s+as\9ed+645.576	7508	2238	1.292	2.578	257	1230	5.895	36.646
abu+s+slTh+648.258	6554	1861	2.383	9.018	5319	2229	-0.636	2.558
abu+s+syn+689.937	7796	2564	1.211	2.746	2296	3338	1.176	0.341
alohali+s+jrs+55.327	6513	1123	4.684	35.306	5698	2009	-1.760	4.202
alohali+s+s\9eyd+60.739	6261	1349	4.088	29.854	5015	2331	-1.099	1.395
alohali+s+wasTh+81.794	8382	2292	0.901	1.689	6882	2725	-0.425	1.449
alohali+s+sbHh+166.683	7441	2846	0.949	0.630	4910	2989	0.235	0.657
alohali+s+wsyTh+173.779	9379	3439	0.331	-1.005	7174	3116	0.810	0.691
alohali+s+slTh+184.643	7275	1817	2.269	8.992	5149	3085	-0.559	-0.280
alohali+s+skwt+258.937	6452	2928	1.292	1.506	3886	2622	0.578	1.695
alohali+s+msa\9edh+262.298	8667	3090	-0.192	-1.189	5832	3296	0.431	-0.272
alohali+s+sTam+271.862	7375	2403	1.872	4.308	5511	2825	-0.309	1.349
alohali+s+bsaTh+278.589	7753	2531	0.803	0.185	6152	2552	0.094	1.559
alohali+s+mlabs+281.814	6036	2047	2.630	9.828	4408	2365	-0.311	1.555
alohali+s+sdyd+293.435	7273	2507	1.710	3.512	5452	2708	-0.135	1.727
alohali+s+wsyTh+297.356	8868	3120	0.192	-1.138	6328	3303	0.269	0.179
alohali+s+sTam+340.271	7447	2782	1.499	3.164	3807	3375	0.423	-0.174
alohali+s+jrs+345.797	6068	2354	2.232	5.837	4247	2408	-0.029	1.872
alohali+s+sdyd+366.402	6560	2305	2.050	5.052	4313	2794	-0.103	0.386
alohali+s+mlabs+369.186	5965	2039	2.166	6.318	4677	2063	-0.219	3.087
alohali+s+wasTh+378.682	8491	2685	0.519	-0.007	6540	2968	-0.007	0.596
alohali+s+sbHh+386.267	8102	2939	1.099	1.112	3134	3651	0.818	-0.128
alohali+s+bsaTh+410.215	6805	2322	1.035	1.042	5515	2059	0.543	2.596
alohali+s+s\9eyd+418.694	6120	1432	4.015	24.141	5287	1875	-1.247	4.995
alohali+s+wsTh+424.343	8328	2333	0.595	0.994	5727	3464	-0.280	-0.530
alohali+s+skwt+428.811	6978	2427	1.140	2.953	5409	2303	0.403	1.908
alohali+s+msa\9edh+438.048	8354	2686	0.306	-0.471	6112	3117	-0.028	0.151
alohali+s+sTwr+444.345	8403	2963	0.779	0.377	3369	3794	0.765	-0.316
alohali+s+slTh+461.505	6768	2542	2.067	5.221	4507	2817	0.013	0.973
alohali+s+sTwr+546.880	7846	2385	0.362	2.091	4650	3420	0.124	-0.862
alohali+s+sdyd+549.446	7184	2421	1.400	2.164	5332	2702	-0.176	1.254
alohali+s+sTam+568.157	7019	2687	0.895	0.969	5090	2501	0.462	1.599
alohali+s+s\9eyd+572.870	6248	1900	2.255	8.476	4221	2662	-0.304	-0.041
alohali+s+jrs+582.484	7204	2101	1.581	4.311	5173	2915	-0.409	0.187
alohali+s+wasTh+622.680	8649	2353	-0.032	0.223	6414	3283	-0.328	-0.385
alohali+s+sbHh+628.350	7219	1828	1.259	6.642	5143	2975	-0.499	-0.350
alohali+s+bsaTh+643.378	10826	2381	-0.879	0.696	8798	3695	-0.724	-0.173
alohali+s+skwt+670.546	9017	2390	0.106	0.746	6966	3255	-0.395	-0.064
alohali+s+msa\9edh+697.995	8066	3116	0.450	-0.677	5176	3235	0.380	0.331
alohali+s+mlabs+705.034	6194	2211	2.218	6.967	3769	2729	0.039	0.058
alohali+s+slTh+715.332	7495	2021	0.822	2.527	6053	2506	-0.490	1.143
alohali+s+wsTy+722.940	9237	1945	-0.003	2.486	7408	3303	-0.881	0.229
alohali+s+wsyTh+725.415	7564	2837	0.713	0.126	5740	2493	0.771	1.648
alohali+s+msTrh+727.877	8358	2432	0.199	0.160	6259	3082	-0.211	-0.068
alohali+s+syn+781.244	7564	2281	1.372	3.028	6531	2002	0.694	3.818
alotaiq+s+jrs+49.449	7038	2335	1.991	7.369	4090	3180	0.094	-0.384
alotaiq+s+s\9eyd+52.049	7386	1850	1.240	4.716	5441	2971	-0.623	-0.044
alotaiq+s+sbHh+99.477	7610	2079	1.693	6.372	5101	3301	-0.326	-0.499
alotaiq+s+sTwr+100.381	6401	2568	1.166	2.607	3074	2837	0.580	0.114
alotaiq+s+wsyTh+102.802	6281	1842	1.569	2.171	5342	1818	-0.284	4.235
alotaiq+s+slTh+107.402	7362	2614	1.194	2.172	3892	3338	0.315	-0.429
alotaiq+s+skwt+145.242	7587	1609	0.918	11.080	5492	3133	-0.648	-0.571
alotaiq+s+msa\9edh+146.648	7616	2445	0.841	0.916	5414	3001	-0.167	0.248
alotaiq+s+sTam+150.683	7411	2602	1.906	6.714	2568	3303	0.971	0.139
alotaiq+s+bsaTh+187.684	8210	2111	0.085	0.014	5652	3446	-0.377	-0.754
alotaiq+s+mlabs+189.276	7379	2101	1.495	4.561	4623	3303	-0.169	-0.751
alotaiq+s+sdyd+194.591	6770	1700	1.376	5.793	5683	2119	-0.748	2.365
alotaiq+s+wsyTh+196.011	7248	2336	0.594	1.119	3724	3286	0.324	-0.840
alotaiq+s+sTam+215.699	7235	3269	2.310	5.945	1175	2493	2.316	6.351
alotaiq+s+jrs+218.573	7405	2252	1.312	3.901	4331	3358	0.021	-0.775
alotaiq+s+sdyd+227.256	6773	1830	1.931	7.813	5254	2529	-0.682	1.099
alotaiq+s+mlabs+228.849	6633	2297	2.027	6.706	3375	3064	0.316	-0.481
alotaiq+s+sbHh+237.174	6562	1543	5.209	36.815	4071	3082	-0.307	-0.921
alotaiq+s+bsaTh+246.947	8202	2187	0.277	0.471	5910	3288	-0.426	-0.371
alotaiq+s+s\9eyd+250.257	6947	2753	2.366	7.551	1832	2860	1.431	1.787
alotaiq+s+wsTh+252.652	7159	2765	0.653	0.163	4416	2947	0.332	0.288
alotaiq+s+skwt+255.004	6807	2542	0.728	0.507	4390	2758	0.211	0.330
alotaiq+s+msa\9edh+258.230	6175	2177	2.147	5.535	3568	2787	0.085	-0.245
alotaiq+s+sTwr+261.019	7738	2419	0.378	1.825	5606	2879	0.024	-0.041
alotaiq+s+msTrh+264.031	7613	2606	0.606	0.381	3019	3400	0.773	-0.389
alotaiq+s+slTh+267.123	7380	2946	2.065	5.796	2222	3155	1.247	1.252
alotaiq+s+sTwr+300.223	6083	3263	2.154	5.463	1848	2483	1.493	3.731
alotaiq+s+sdyd+301.247	6908	3011	2.381	7.159	2794	3106	0.877	1.031
alotaiq+s+sTam+308.912	7025	3591	2.268	5.222	1156	2409	2.424	7.782
alotaiq+s+s\9eyd+311.421	7112	2671	1.877	5.653	2292	3099	1.092	0.609
alotaiq+s+jrs+315.055	7301	2277	1.643	5.328	2934	3368	0.654	-0.657
alotaiq+s+sbHh+332.885	7716	2948	1.610	4.119	2681	3414	1.014	0.473
alotaiq+s+bsaTh+337.885	7435	2410	0.846	1.055	4286	3334	0.110	-0.706
alotaiq+s+skwt+347.610	6190	3265	2.064	5.391	2568	2669	1.078	2.721
alotaiq+s+msa\9edh+358.427	5998	1854	2.199	4.992	4978	1903	-0.510	4.351
alotaiq+s+mlabs+360.991	6009	1764	3.770	19.562	4129	2607	-0.443	0.194
alotaiq+s+slTh+365.047	7419	2323	0.725	1.347	4769	3167	-0.074	-0.476
alotaiq+s+slTh+369.174	6997	2477	2.247	7.837	2736	3197	0.759	-0.125
alotaiq+s+wsyTh+376.854	6722	2287	0.746	1.865	4524	2691	0.037	0.103
alotaiq+s+syn+504.916	7696	2114	1.301	3.349	3941	3628	0.189	-1.180
mohammed+s+jrs+52.731	7465	1263	1.145	8.649	6726	1967	-1.702	4.700
mohammed+s+s\9eyd+57.923	9872	2478	-0.259	-0.521	8504	2733	0.010	-0.412
mohammed+s+wasTh+88.544	10422	2272	-0.134	0.280	8574	3560	-0.891	0.537
mohammed+s+sbHh+158.878	9119	2509	0.096	-0.922	7377	3011	-0.319	0.494
mohammed+s+sTwr+161.714	7812	1581	0.645	4.264	6936	2072	-1.009	2.755
mohammed+s+wsyTh+164.714	9255	2421	0.306	0.276	7640	2975	-0.425	0.777
mohammed+s+slTh+173.297	9036	2106	-0.530	-0.235	7745	2572	-0.388	-0.003
mohammed+s+skwt+243.843	9534	2584	0.117	-0.448	7925	2933	-0.128	0.343
mohammed+s+msa\9edh+246.484	8467	1984	0.085	1.014	7219	2491	-0.555	0.834
mohammed+s+msTrh+253.636	9636	2769	0.059	-0.659	6951	3815	-0.262	-0.421
mohammed+s+sTam+256.396	8842	2441	0.588	0.100	7734	2266	0.644	1.122
mohammed+s+bsaTh+262.148	9602	1683	1.163	5.328	8580	2683	-1.598	3.963
mohammed+s+mlabs+265.152	7838	1481	0.839	6.693	7013	2062	-1.284	3.611
mohammed+s+sdyd+276.313	8543	2318	0.788	1.143	7234	2544	-0.259	1.927
mohammed+s+wsyTh+279.395	8822	1285	0.262	3.841	8372	1607	-1.489	6.697
mohammed+s+sTam+328.645	9571	1657	-0.179	0.518	8883	2046	-1.036	3.128
mohammed+s+jrs+335.734	7690	1304	-0.040	5.302	6996	1862	-1.423	3.638
mohammed+s+sdyd+356.922	9216	2487	0.149	-0.005	7727	2756	-0.072	0.476
mohammed+s+mlabs+360.517	7822	1940	0.008	-0.093	6302	2657	-0.641	0.538
mohammed+s+wasTh+373.644	8035	2143	1.044	3.398	5868	3213	-0.471	-0.120
mohammed+s+sbHh+386.031	11424	1782	-1.409	2.775	10530	2620	-1.411	2.062
mohammed+s+bsaTh+410.960	10194	2383	-0.065	-0.244	8581	3225	-0.719	0.787
mohammed+s+s\9eyd+419.037	9071	1514	-0.083	1.089	8465	1862	-1.092	3.661
mohammed+s+skwt+430.611	8874	2245	-0.120	0.803	7402	2685	-0.210	-0.045
mohammed+s+msa\9edh+438.538	9402	2298	-0.450	-0.528	7807	2947	-0.455	0.035
mohammed+s+sTwr+443.422	8171	1646	1.079	6.268	7311	2119	-1.020	3.461
mohammed+s+slTh+459.472	9166	2574	0.018	-0.383	7449	2933	-0.099	0.245
mohammed+s+sTwr+552.302	9373	2572	-0.232	-0.753	7394	3192	-0.213	-0.244
mohammed+s+sdyd+554.599	9287	1502	0.445	3.442	8689	1913	-1.355	5.448
mohammed+s+sTam+572.778	9633	2513	-0.395	-0.690	7770	3191	-0.340	-0.124
mohammed+s+s\9eyd+577.776	9199	2594	0.082	-0.672	7794	2596	0.374	0.026
mohammed+s+jrs+584.235	6726	1523	2.479	10.336	6046	1713	-1.015	6.981
mohammed+s+syn+758.301	9138	2166	-0.075	0.195	8002	2405	-0.106	0.103
naif1+s+jrs+26.639	6956	2275	2.024	5.521	4965	2802	-0.278	0.776
naif1+s+wasTh+41.735	7688	2966	1.150	0.741	5232	3068	0.176	0.992
naif1+s+wsyTh+90.027	8244	2909	0.853	0.305	5818	3212	0.064	0.596
naif1+s+slTh+95.869	7428	2731	1.464	2.654	4238	3317	0.229	-0.124
naif1+s+skwt+139.610	5271	2077	3.178	10.705	4659	1171	3.392	30.446
naif1+s+sTam+146.628	6333	2640	2.144	4.739	4825	2195	0.401	5.031
naif1+s+bsaTh+150.577	7457	3148	1.016	0.132	5344	2670	0.692	2.534
naif1+s+mlabs+152.668	7992	3121	0.690	-0.479	6044	2641	0.905	1.944
naif1+s+sdyd+160.491	5807	2223	2.442	8.610	4074	2296	-0.037	1.922
naif1+s+wsyTh+164.280	7687	2323	1.166	1.670	6423	2304	0.027	2.696
naif1+s+sTam+190.402	7790	2737	1.498	2.391	5118	3304	-0.015	0.247
naif1+s+jrs+193.892	7899	2968	0.832	0.085	5519	3038	0.224	0.915
naif1+s+sdyd+205.590	6738	2982	1.650	2.695	4999	2299	0.925	5.029
naif1+s+mlabs+208.001	7801	2859	0.688	-0.220	4864	3282	0.195	-0.019
naif1+s+wasTh+214.361	8964	3375	0.501	-0.570	4493	4011	0.540	-0.323
naif1+s+bsaTh+234.247	9575	2993	-0.029	-1.001	6489	3908	-0.031	-0.557
naif1+s+skwt+245.632	7509	3527	0.785	-0.620	5375	2471	1.717	4.224
naif1+s+sTwr+257.346	6190	3345	1.615	2.224	4078	2233	1.393	6.681
naif1+s+slTh+267.492	7518	2041	1.901	7.918	4136	3525	0.056	-1.100
naif1+s+sTwr+320.648	6750	3143	1.421	1.435	4464	2591	0.676	2.998
naif1+s+sdyd+322.415	8299	2869	0.514	-0.324	5033	3586	0.156	-0.416
naif1+s+sTam+334.141	6762	2423	2.039	5.880	4805	2673	-0.095	1.381
naif1+s+jrs+341.821	8063	3136	0.693	-0.337	4698	3463	0.361	0.066
naif1+s+wasTh+366.520	7354	2370	1.750	4.885	5390	2853	-0.247	0.939
naif1+s+bsaTh+377.468	8507	2892	0.727	0.037	5857	3423	-0.000	0.144
naif1+s+skwt+390.684	5348	2726	2.599	6.829	4296	1488	2.885	22.038
naif1+s+mlabs+409.444	6603	2648	1.436	2.036	5117	2124	0.819	4.279
naif1+s+slTh+417.107	6376	2308	2.183	6.911	4312	2619	-0.048	0.912
naif1+s+wsyTh+422.689	7542	2743	1.079	1.193	5769	2583	0.329	2.110
naif1+s+syn+463.170	6657	2457	1.946	4.165	5726	1657	2.297	10.604
naif2+s+jrs+20.774	6391	2289	2.114	5.956	3995	2792	-0.005	0.176
naif2+s+s\9eyd+23.010	7753	2390	0.980	2.344	4925	3376	-0.087	-0.540
naif2+s+wasTh+33.939	8418	2864	0.961	1.466	5228	3646	0.109	-0.321
naif2+s+sbHh+71.830	6961	2362	1.537	2.803	5767	2062	0.448	4.302
naif2+s+wsyTh+75.450	8275	2816	0.740	-0.184	5369	3495	0.016	-0.190
naif2+s+slTh+80.717	7155	2707	1.794	4.431	4854	2900	0.099	1.179
naif2+s+wsTy+99.681	9874	3150	-0.178	-0.585	6146	4192	0.157	-0.812
naif2+s+skwt+119.073	6100	3100	1.862	2.662	4664	1861	2.197	12.248
naif2+s+msa\9edh+120.630	8609	2645	0.520	0.439	6814	2877	0.015	0.763
naif2+s+msTrh+123.758	8558	2756	0.599	-0.352	6991	2627	0.398	1.404
naif2+s+bsaTh+128.520	7592	2452	1.286	1.587	5927	2663	-0.199	1.740
naif2+s+mlabs+130.410	7317	3084	1.333	1.404	3993	3212	0.470	0.514
naif2+s+sdyd+137.028	7868	3017	1.246	1.074	6118	2614	0.607	3.180
naif2+s+wsyTh+138.786	7378	2510	1.645	2.803	6216	2098	0.705	5.242
naif2+s+as\9ed+152.824	7920	2763	1.209	1.266	5683	3088	-0.055	0.881
naif2+s+sTam+161.286	7516	2722	1.672	2.636	5984	2485	0.246	3.730
naif2+s+jrs+164.757	7444	3529	1.109	0.693	4421	3010	0.795	2.080
naif2+s+sdyd+175.048	7696	2200	1.507	2.189	6847	1853	0.829	5.531
naif2+s+mlabs+176.898	9174	2735	0.185	-0.704	7042	3287	-0.180	0.179
naif2+s+wasTh+181.918	8281	2778	0.632	-0.177	4736	3686	0.194	-0.645
naif2+s+sbHh+185.753	7100	2328	1.414	2.373	5533	2480	-0.180	1.958
naif2+s+bsaTh+197.179	8800	2428	0.518	0.197	6627	3353	-0.443	0.100
naif2+s+s\9eyd+201.224	7391	2449	1.223	2.387	5907	2394	0.163	2.307
naif2+s+wsTh+204.132	9473	3355	0.287	-0.458	6542	3686	0.276	0.035
naif2+s+skwt+206.867	6879	3260	1.412	1.580	5080	2243	1.615	6.527
naif2+s+msa\9edh+211.101	7697	2844	1.062	0.658	4811	3268	0.162	0.124
naif2+s+sTwr+215.413	6632	3283	1.502	2.285	2683	2847	1.048	1.835
naif2+s+msTrh+219.120	8266	2358	0.801	0.175	6687	2766	-0.404	1.357
naif2+s+slTh+222.893	7181	2588	1.867	5.200	4794	2986	0.013	0.687
naif2+s+sTwr+267.647	6658	3388	1.560	2.207	4126	2626	0.892	3.703
naif2+s+sdyd+269.002	7950	2865	1.061	1.638	5240	3270	0.129	0.327
naif2+s+sTam+279.673	7056	2800	1.748	3.841	3575	3188	0.469	0.128
naif2+s+s\9eyd+282.614	6798	2604	1.691	3.524	4797	2638	0.089	1.694
naif2+s+jrs+287.100	8465	2565	0.921	0.550	5332	3748	-0.104	-0.670
naif2+s+wasTh+307.904	7630	3317	1.210	1.071	4278	3273	0.552	0.881
naif2+s+sbHh+310.266	7116	2721	1.769	3.598	5042	2771	0.088	1.744
naif2+s+bsaTh+316.509	8040	2874	1.340	1.587	6186	2829	0.142	2.218
naif2+s+skwt+329.728	9094	3244	0.277	-0.821	6483	3389	0.325	0.265
naif2+s+msa\9edh+342.413	8392	3152	0.739	-0.350	5344	3501	0.223	0.187
naif2+s+mlabs+345.580	7447	2791	1.369	2.260	4296	3298	0.249	-0.033
naif2+s+slTh+351.895	7669	2336	1.698	3.861	6032	2739	-0.417	1.810
naif2+s+wsTy+355.904	9087	2824	0.338	-0.482	6601	3509	-0.139	-0.057
naif2+s+wsyTh+357.091	9278	2830	0.279	-0.761	7163	3295	-0.138	0.373
naif2+s+msTrh+358.460	8390	2196	1.182	2.192	6879	2821	-0.674	1.635
naif2+s+as\9ed+365.628	8623	2638	1.033	1.359	6322	3378	-0.281	0.344
naif2+s+syn+387.296	8413	2440	1.444	2.306	7182	2466	-0.108	3.497
saud+s+jrs+14.241	8310	2182	0.993	3.350	6907	2636	-0.479	1.636
saud+s+sTwr+80.521	6966	2735	1.996	8.153	1422	2592	1.896	3.447
saud+s+wsyTh+82.862	7742	2206	1.257	2.466	6208	2661	-0.492	1.604
saud+s+slTh+88.969	7351	2712	1.265	1.422	5695	2483	0.323	2.787
saud+s+skwt+137.538	8534	1852	-0.748	5.097	6617	3091	-0.595	-0.606
saud+s+msa\9edh+140.007	7855	1476	1.485	11.817	6657	2558	-1.293	1.869
saud+s+msTrh+144.815	6237	2356	1.551	2.791	5153	1727	1.456	6.385
saud+s+sTam+146.715	6133	2179	2.506	7.585	4556	2343	-0.268	2.241
saud+s+bsaTh+151.369	5722	2107	2.693	8.247	5060	1272	3.179	21.222
saud+s+mlabs+153.610	7361	2983	0.754	0.308	4955	2794	0.526	1.251
saud+s+sdyd+160.385	6640	2323	1.404	1.981	5390	2050	0.337	3.861
saud+s+wsyTh+172.575	7197	2509	0.618	0.814	5616	2283	0.668	1.326
saud+s+as\9ed+190.790	8470	2579	1.134	1.673	7192	2428	0.350	2.945
saud+s+sTam+204.320	7295	2859	1.136	1.801	3236	3275	0.676	0.015
saud+s+jrs+208.395	5189	1527	3.529	15.808	4719	1133	0.747	19.209
saud+s+sdyd+223.081	6440	2123	1.932	4.818	5218	2100	-0.195	3.707
saud+s+mlabs+225.352	6138	2401	2.026	4.499	4887	1961	0.465	5.774
saud+s+wasTh+232.466	8102	2866	0.626	0.796	5133	3368	0.203	-0.099
saud+s+sbHh+238.393	7754	2226	0.343	1.165	5353	3172	-0.248	-0.458
saud+s+bsaTh+254.301	6006	2056	1.634	3.620	5106	1582	1.147	6.341
saud+s+s\9eyd+260.055	9187	2580	-0.008	-0.602	7446	2965	-0.137	0.264
saud+s+wsTh+263.766	7853	2500	1.000	3.390	6093	2677	0.112	1.075
saud+s+skwt+267.251	8003	3001	0.075	1.356	3436	3405	0.905	0.061
saud+s+msa\9edh+272.825	7395	2078	1.235	3.380	6472	1871	0.618	3.244
saud+s+msTrh+281.764	6369	2427	1.355	2.027	5213	1784	1.511	5.528
saud+s+slTh+287.316	8858	2850	0.152	-0.222	6301	3397	0.031	-0.145
saud+s+sTwr+346.074	9083	1686	-1.295	6.830	7230	3250	-0.873	-0.373
saud+s+sdyd+347.756	8452	2310	0.503	1.433	6783	2848	-0.375	0.749
saud+s+sTam+359.397	6379	2584	2.121	5.067	4574	2450	0.089	2.779
saud+s+s\9eyd+362.804	6461	2299	2.303	6.529	4982	2316	-0.170	3.126
saud+s+jrs+367.909	8227	2792	0.213	-0.100	5583	3241	0.141	-0.121
saud+s+wasTh+391.760	9910	2169	-0.037	2.186	7867	3603	-0.789	0.047
saud+s+sbHh+394.449	7775	2820	0.902	1.035	4069	3509	0.370	-0.397
saud+s+bsaTh+402.127	8318	2717	0.399	0.318	5674	3329	0.022	-0.189
saud+s+skwt+416.528	8312	2353	0.451	2.846	5465	3535	-0.150	-0.722
saud+s+msa\9edh+429.969	7409	2494	0.621	0.521	5415	2741	0.020	0.629
saud+s+mlabs+433.389	7594	2948	0.710	-0.024	5661	2571	0.738	1.875
saud+s+slTh+438.838	6577	2530	1.472	2.642	4737	2464	0.138	2.005
saud+s+wsTy+443.261	8374	2360	1.462	3.296	6967	2632	-0.271	2.139
saud+s+wsyTh+444.654	7280	1968	0.735	7.827	5860	2335	-0.090	0.399
saud+s+msTrh+446.257	7439	2267	0.615	3.829	5776	2464	0.236	0.204
saud+s+syn+481.535	6606	2343	1.353	3.785	4564	2610	0.013	0.775
