abu+S+Samt+87.024	7156	2098	2.096	6.962	5833	2393	-0.494	2.803
abu+S+Samt+503.099	7122	1959	1.453	5.546	4982	2969	-0.412	-0.241
abu+S+Samt+610.965	7587	2845	1.362	2.926	690	2023	3.329	11.689
alohali+S+Samt+247.277	7784	3530	0.622	-0.587	3567	3336	0.882	0.870
alohali+S+Samt+484.043	6774	2592	1.336	1.923	3728	3009	0.309	-0.055
alohali+S+Samt+637.785	7241	1956	1.126	3.823	4950	3064	-0.363	-0.512
alotaiq+S+Samt+140.380	7331	1646	1.929	9.156	5042	3207	-0.549	-0.727
alotaiq+S+Samt+274.418	7339	2422	1.783	5.943	3870	3400	0.242	-0.609
alotaiq+S+Samt+336.023	6813	2466	2.064	4.789	4887	2694	-0.153	1.574
mohammed+S+Samt+54.789	9969	2237	-0.388	0.109	8651	2798	-0.514	0.299
mohammed+S+Samt+232.504	9190	2445	0.045	-0.100	7439	3040	-0.358	0.335
mohammed+S+Samt+486.185	9866	2301	-0.268	0.496	8478	2833	-0.411	0.194
naif1+S+Samt+131.032	8217	3728	0.735	-0.385	5730	2876	1.306	2.883
naif1+S+Samt+279.884	6642	2450	2.091	5.188	4792	2588	-0.102	1.834
naif1+S+Samt+374.457	7541	2253	1.631	3.477	6224	2414	-0.328	2.944
naif2+S+Samt+112.657	7293	3408	1.307	0.913	5132	2610	1.016	4.175
naif2+S+Samt+233.347	8083	2683	0.875	0.886	6292	2756	0.115	1.365
naif2+S+Samt+314.230	7232	2150	1.597	3.942	5661	2599	-0.482	1.569
saud+S+Samt+129.970	8954	2522	0.279	0.727	3946	4185	0.486	-1.098
saud+S+Samt+300.736	6730	2753	1.451	2.721	4211	2808	0.275	1.002
saud+S+Samt+399.320	8474	2847	0.737	1.352	2984	3771	0.933	-0.157
abu+S+anfSal+62.684	6650	2458	1.954	5.975	3868	2979	0.173	-0.037
abu+S+anfSal+412.090	7419	2053	1.128	2.515	6027	2467	-0.501	1.588
abu+S+anfSal+588.330	7973	2605	0.625	1.237	3123	3632	0.749	-0.587
alohali+S+anfSal+89.770	8115	2834	0.514	-0.464	5969	2939	0.199	0.688
alohali+S+anfSal+381.872	7185	2643	1.195	1.217	5708	2254	0.679	3.220
alohali+S+anfSal+558.682	6453	2225	1.127	1.486	4944	2224	0.062	1.780
alotaiq+S+anfSal+65.873	6815	2014	1.223	2.475	5285	2449	-0.442	1.167
alotaiq+S+anfSal+234.582	7364	1928	1.107	2.709	5349	2981	-0.544	-0.115
alotaiq+S+anfSal+304.791	7031	2254	1.178	2.400	3931	3196	0.128	-0.743
mohammed+S+anfSal+103.611	8907	2159	-0.002	-0.297	7647	2558	-0.434	0.896
mohammed+S+anfSal+378.245	9056	2479	0.186	-0.458	7290	3041	-0.365	0.519
mohammed+S+anfSal+563.999	9259	2124	-0.260	0.128	7877	2776	-0.641	0.653
naif1+S+anfSal+45.178	8178	2601	0.733	-0.126	6051	3088	-0.185	0.476
naif1+S+anfSal+216.213	8372	3020	0.687	-0.277	5474	3449	0.148	0.104
naif1+S+anfSal+328.688	9196	3391	0.356	-0.637	5151	4027	0.396	-0.353
naif2+S+anfSal+37.189	8174	2834	0.783	0.132	5579	3296	0.030	0.193
naif2+S+anfSal+183.218	7916	2771	1.161	0.959	5746	3028	-0.025	1.004
naif2+S+anfSal+274.449	7826	2428	1.317	2.039	5503	3205	-0.275	0.127
saud+S+anfSal+38.327	7121	2374	1.326	3.112	5863	2114	0.534	3.371
saud+S+anfSal+234.627	7529	2478	0.926	1.977	5840	2570	0.075	1.438
saud+S+anfSal+353.323	6899	2460	1.082	1.801	5539	2092	0.782	3.009
abu+S+antSar+348.307	8486	2143	0.732	3.453	5959	3529	-0.412	-0.618
abu+S+antSar+504.527	7976	2338	1.114	2.093	5133	3502	-0.178	-0.634
abu+S+antSar+632.930	7165	2431	1.863	5.025	4069	3270	0.129	-0.449
alohali+S+antSar+72.921	6958	1902	1.951	6.103	5966	2028	-0.486	4.225
alohali+S+antSar+426.544	7180	2247	1.082	1.432	5894	2211	0.063	2.418
alohali+S+antSar+681.508	7933	2519	0.487	-0.265	6391	2483	0.287	1.081
alotaiq+S+antSar+57.322	7032	1871	1.082	2.492	5717	2353	-0.633	1.523
alotaiq+S+antSar+253.991	6889	2125	1.362	2.672	5096	2653	-0.374	0.724
alotaiq+S+antSar+353.013	7594	2379	0.750	1.074	4970	3212	-0.098	-0.413
mohammed+S+antSar+68.623	8099	2190	0.781	-0.270	7201	1933	0.794	2.166
mohammed+S+antSar+427.555	8921	1838	0.508	1.739	7885	2449	-1.038	2.652
naif1+S+antSar+36.483	7437	2676	1.191	1.675	5018	3010	0.064	0.502
naif1+S+antSar+244.056	8138	3184	0.752	0.117	5291	3258	0.389	0.616
naif1+S+antSar+398.650	6783	2772	1.678	2.545	4998	2449	0.352	3.213
naif2+S+antSar+29.022	7582	2808	1.269	1.509	5161	3060	0.080	0.764
naif2+S+antSar+205.654	9204	2951	0.578	-0.425	6891	3433	-0.110	0.467
naif2+S+antSar+335.902	8126	2635	1.125	0.809	4871	3642	0.034	-0.598
saud+S+antSar+26.967	6256	2312	2.226	5.826	5364	1609	1.690	11.538
saud+S+antSar+265.702	5481	2078	2.281	5.764	4769	1264	2.994	16.916
saud+S+antSar+422.756	7117	2743	1.062	1.158	5532	2260	0.903	3.138
