abu+mtwaSl+170.141+aa	21.00	482.00	35.00	1066.67	-12.50	2494.33	-4.50	497.75	64.70	1187.25	62.50	2531.25	-73.00	498.33	-246.50	1427.67	-181.00	2702.67
abu+faSl+269.728+aa	25.00	546.67	0.00	1091.00	41.50	2396.67	-15.20	542.50	68.10	1182.75	31.40	2520.50	-43.00	497.67	-170.00	1309.33	-59.50	2581.33
abu+aSwl+286.446+uu	20.50	351.33	-95.50	1014.33	0.00	2597.00	-11.80	369.00	125.50	1072.25	-44.60	2541.50	23.50	346.67	48.50	1348.67	-10.00	2434.33
abu+mtwaSl+375.417+aa	18.50	496.67	24.00	1033.00	7.00	2356.33	-17.80	497.50	10.10	1117.75	10.30	2425.25	-19.50	480.33	-11.50	1266.00	-53.50	2562.33
abu+faSl+529.509+aa	36.00	505.67	-39.50	1187.67	-34.50	2438.33	-20.80	514.50	143.30	1297.25	95.10	2556.75	-38.00	426.67	-267.50	1535.00	-175.50	2693.00
abu+aSwl+536.192+uu	6.00	371.00	-45.00	1067.00	-44.00	2393.33	-8.30	366.25	127.70	1158.25	21.50	2338.75	24.00	344.33	-11.50	1444.00	108.00	2459.33
abu+faSl+621.596+aa	15.50	524.67	-6.00	1183.00	4.50	2326.67	-21.30	523.25	-11.00	1163.00	33.00	2360.00	-8.00	480.33	-70.50	1241.33	-82.50	2467.33
abu+aSwl+634.988+uu	0.00	352.00	-10.50	989.00	-11.50	2603.67	-4.40	356.00	109.70	1129.25	-22.10	2597.75	26.50	345.00	5.00	1374.33	68.00	2573.33
alohali+aSwl+20.756+uu	-4.50	428.00	-86.00	977.00	37.00	2629.33	-18.50	401.25	109.40	1058.50	-18.30	2637.75	42.00	363.33	2.50	1315.33	-27.50	2616.33
alohali+baS+69.753+aa	41.50	608.67	33.00	1087.00	59.50	2566.33	-8.40	631.50	46.50	1184.75	9.70	2619.25	-15.50	593.33	-124.00	1330.33	-41.50	2682.67
alohali+mtwaSl+191.555+aa	22.00	592.33	-14.50	1113.33	29.50	2489.67	4.00	648.00	84.10	1209.25	16.70	2554.25	-43.50	638.00	-144.50	1399.00	-97.00	2587.00
alohali+faSl+231.625+aa	38.00	677.67	22.00	1171.67	72.50	2562.33	-12.00	677.50	2.60	1197.50	-27.10	2620.75	-60.00	662.33	-67.00	1312.33	-75.50	2658.33
alohali+aSwl+300.259+uu	9.00	461.00	-46.00	1061.00	-14.00	2597.67	-17.80	427.00	85.20	1106.00	-43.20	2484.50	32.00	397.67	8.50	1289.67	-31.50	2433.33
alohali+faSl+315.730+aa	20.50	633.00	20.50	1173.67	55.00	2394.00	-15.90	644.25	2.80	1183.50	17.90	2518.75	-24.50	621.33	-69.00	1292.67	-66.00	2632.00
alohali+baS+373.561+aa	39.50	624.33	38.00	1108.67	63.50	2661.33	-13.10	634.25	59.60	1210.00	40.00	2763.00	18.50	623.00	-78.50	1386.00	-60.50	2917.67
alohali+mtwaSl+470.219+aa	48.00	624.00	-23.50	1020.33	101.00	2749.33	-13.90	641.75	74.50	1108.25	40.20	2864.50	-43.50	611.33	-169.50	1353.33	-154.50	3065.00
alohali+aSwl+523.552+uu	9.00	435.33	-77.00	925.33	19.00	2606.33	-21.10	419.75	129.30	965.75	-42.30	2592.75	37.00	365.67	-31.50	1275.00	-19.00	2506.33
alohali+faSl+542.104+aa	48.00	621.33	22.00	1135.00	58.50	2359.33	-17.60	632.00	6.40	1154.00	20.10	2455.25	-54.00	637.33	-131.00	1356.33	-116.50	2633.00
alohali+baS+561.353+aa	47.50	610.00	47.50	1079.00	36.50	2422.00	13.30	649.25	24.40	1132.50	44.50	2524.25	-30.00	674.00	-109.50	1250.33	-134.00	2670.33
alohali+mtwaSl+710.021+aa	39.00	602.67	21.00	1062.00	49.00	2546.00	-14.30	608.25	29.20	1109.00	50.60	2588.00	-20.00	584.33	-78.50	1281.33	-184.00	2843.67
alotaiq+aSwl+36.829+uu	7.00	464.00	-70.00	965.00	-33.00	2765.67	-15.20	443.00	72.70	972.25	-20.30	2687.75	-2.00	401.67	-153.50	1097.00	4.50	2627.67
alotaiq+baS+55.917+aa	35.50	630.67	38.00	1191.67	16.50	2704.00	-14.50	665.25	41.60	1289.00	38.60	2754.50	-25.50	657.00	-140.50	1436.00	-152.00	2943.67
alotaiq+mtwaSl+110.337+aa	36.00	595.00	41.00	1058.33	8.50	2644.33	-15.30	628.75	15.10	1149.75	25.70	2719.25	-6.00	619.00	-31.50	1318.67	-31.00	2878.67
alotaiq+faSl+133.861+aa	12.00	728.67	11.00	1195.33	21.50	2739.33	-16.10	704.75	2.50	1220.25	14.80	2801.00	-12.00	683.67	-45.50	1354.00	2.00	2928.33
alotaiq+aSwl+197.323+uu	14.00	472.33	14.50	974.33	-54.00	2846.00	-1.90	471.25	-43.30	922.25	-8.10	2757.75	-1.00	465.67	19.50	845.33	-11.50	2755.33
alotaiq+faSl+205.290+aa	21.50	680.00	14.50	1146.67	26.00	2701.00	0.40	644.50	128.30	1287.75	121.70	2924.75	-166.00	671.33	-316.50	1636.33	-182.00	3212.33
alotaiq+baS+230.607+aa	35.00	632.67	23.00	1142.67	8.50	2687.33	-29.50	628.75	21.50	1202.75	34.50	2752.25	15.00	607.00	-117.00	1365.00	-97.50	2920.33
alotaiq+mtwaSl+270.451+aa	26.00	568.00	26.00	986.67	-21.50	2640.67	-16.70	591.75	42.40	1098.00	44.90	2686.25	-64.50	638.67	-184.00	1470.33	-171.00	3018.67
alotaiq+aSwl+290.999+uu	-1.00	456.67	-36.00	1016.00	-51.00	2845.33	-11.00	450.00	58.70	1027.25	15.50	2744.75	4.50	407.67	-47.00	1150.33	-15.50	2779.00
alotaiq+faSl+298.337+aa	22.50	650.33	13.00	1179.00	18.00	2706.00	-39.20	608.00	3.70	1202.25	45.50	2798.25	13.50	574.00	-69.50	1384.33	-32.50	3021.00
alotaiq+baS+305.834+aa	42.50	616.67	41.00	1166.00	20.50	2755.33	-10.40	619.50	62.00	1264.00	74.00	2868.00	-38.00	621.33	-168.50	1469.67	-112.50	3077.00
alotaiq+mtwaSl+362.880+aa	27.00	479.33	-65.50	1067.67	43.50	2607.33	23.40	542.50	21.90	999.25	13.60	2675.00	-3.00	564.00	-22.00	1073.33	-17.50	2717.00
mohammed+aSwl+37.810+uu	-5.00	392.67	-21.50	950.33	-35.00	2657.00	-12.00	380.00	142.10	1046.25	15.50	2568.25	22.50	350.33	-66.00	1310.33	142.00	2694.33
mohammed+baS+66.291+aa	70.50	642.33	88.00	1085.00	89.50	3122.67	-17.90	730.25	13.30	1202.75	-65.40	3120.00	21.50	689.33	-17.50	1263.67	167.00	3009.67
mohammed+mtwaSl+178.976+aa	47.50	576.00	91.00	983.00	37.00	2935.33	-11.00	635.00	25.00	1145.00	-48.70	2897.25	-54.00	616.00	-95.50	1236.00	-247.00	2823.33
mohammed+faSl+217.711+aa	72.00	712.00	93.00	1254.67	176.50	2820.33	-38.80	754.50	-58.00	1263.50	-86.40	2829.00	-59.00	646.33	6.50	1192.00	-55.50	2717.33
mohammed+aSwl+282.344+uu	-9.00	393.33	-78.00	851.67	-16.00	2691.67	-12.40	348.00	113.40	936.00	-9.90	2676.25	21.50	323.67	-76.50	1207.00	-19.00	2669.00
mohammed+faSl+299.126+aa	49.00	723.00	44.00	1254.00	-40.50	2932.33	-23.60	743.50	0.80	1235.00	-31.40	2856.50	10.00	701.00	18.50	1266.00	10.50	2849.67
mohammed+baS+365.794+aa	67.00	685.00	14.50	1190.00	95.00	2793.00	-20.50	710.25	25.30	1192.75	-4.10	2772.75	-19.50	682.00	-50.00	1281.33	-158.50	2835.67
mohammed+mtwaSl+466.882+aa	14.50	675.67	20.50	1010.67	-3.50	2578.00	-28.50	665.25	27.10	1190.25	113.10	2720.75	-66.50	616.67	-48.00	1250.67	-241.50	2942.33
mohammed+aSwl+528.997+uu	-4.00	409.67	-68.00	974.67	12.00	2703.33	-8.50	373.25	95.50	920.75	-40.90	2687.75	16.50	359.33	-41.50	1172.67	-4.50	2588.00
mohammed+faSl+547.879+aa	57.50	706.67	141.50	1280.33	77.00	2743.00	-27.10	718.75	-49.30	1296.25	21.00	2806.50	-69.00	656.67	-29.50	1272.67	-171.00	2954.33
mohammed+baS+566.261+aa	75.50	616.33	42.50	1107.33	58.50	2732.67	-16.40	712.00	9.00	1187.00	-109.20	2778.00	20.50	665.67	-20.00	1242.67	-139.50	2544.67
naif1+aSwl+15.644+uu	7.00	410.00	491.00	1559.67	345.50	3073.67	-14.80	362.00	-260.20	1072.00	-268.10	2530.75	9.50	341.33	-102.50	1014.33	-67.50	2218.00
naif1+baS+34.440+aa	57.00	511.33	4.50	1124.00	93.00	2324.33	19.30	585.25	102.30	1197.75	105.50	2644.25	-98.50	593.67	-205.00	1389.00	-133.50	2812.33
naif1+mtwaSl+99.929+aa	20.00	527.33	54.00	1002.67	40.00	2402.33	-17.10	525.25	-2.00	1084.50	26.30	2514.75	15.00	520.67	-87.50	1248.33	-77.00	2700.67
naif1+faSl+123.135+aa	64.50	515.33	25.50	1109.67	59.50	2344.00	-22.40	545.50	36.50	1145.75	80.10	2563.25	-51.50	596.67	-223.50	1371.00	-119.00	2859.00
naif1+aSwl+166.490+uu	6.50	354.00	-30.50	892.33	-75.00	2288.33	11.70	401.75	-6.80	859.50	11.40	2228.50	0.00	414.67	-39.00	800.00	-6.50	2225.33
naif1+faSl+175.648+aa	30.00	586.67	27.50	1081.33	41.00	2445.00	-12.50	570.75	104.10	1175.75	68.70	2505.25	-53.50	537.00	-140.50	1378.67	-79.00	2655.00
naif1+baS+210.856+aa	52.00	500.67	-6.00	1141.67	44.00	2279.00	1.40	568.50	87.60	1238.50	141.70	2572.75	-49.50	556.67	-196.50	1399.33	-166.50	2798.00
naif1+mtwaSl+273.251+aa	9.00	515.00	53.00	1005.33	28.00	2383.00	-16.90	510.25	34.10	1096.75	94.00	2655.00	-14.50	530.00	-207.00	1301.67	-81.00	2898.33
naif1+aSwl+307.713+uu	-4.50	388.00	-33.50	728.67	-74.50	2578.00	1.00	378.50	20.90	664.75	-10.80	2495.00	4.00	384.00	-90.00	802.33	7.00	2441.33
naif1+faSl+317.944+aa	72.50	518.00	-14.50	1118.00	28.00	2444.00	-6.60	554.50	29.60	1113.50	75.30	2709.75	-1.00	529.00	-116.00	1219.67	-41.00	2853.33
naif1+baS+330.075+aa	34.00	542.67	8.00	1145.67	85.00	2473.00	21.60	563.00	71.00	1160.00	75.30	2680.75	-88.00	639.67	-220.50	1344.67	-104.50	2877.33
naif1+mtwaSl+413.390+aa	15.50	555.67	49.50	917.33	26.50	2484.67	0.20	573.50	109.30	1078.25	76.60	2575.00	-44.00	558.33	-184.50	1347.00	-201.50	2770.00
naif2+aSwl+12.270+uu	-3.00	385.67	1.00	868.00	-46.50	2230.33	-2.70	391.25	62.00	951.50	23.60	2259.00	12.50	372.33	27.00	1159.67	-56.00	2341.00
naif2+baS+27.378+aa	58.50	546.00	13.00	1183.33	124.50	2355.67	1.00	597.50	19.90	1158.25	67.50	2642.75	-67.50	639.33	-155.50	1311.33	-91.50	2827.33
naif2+mtwaSl+84.025+aa	20.00	520.33	41.50	1048.33	65.50	2433.00	-12.40	526.50	69.80	1134.00	81.80	2623.00	-38.00	505.67	-242.00	1323.00	-175.50	2835.67
naif2+faSl+105.212+aa	42.00	535.67	7.50	1173.00	151.50	2322.00	-5.30	567.75	-5.70	1128.25	69.50	2605.25	-4.50	542.67	-106.00	1184.67	-30.00	2823.33
naif2+aSwl+140.550+uu	-5.00	397.67	-253.50	1040.33	-260.00	2431.33	1.80	404.50	68.70	927.25	0.30	2231.75	8.00	400.67	-11.00	1125.33	-29.50	2242.00
naif2+faSl+148.939+aa	37.50	579.67	31.00	1107.33	49.00	2437.67	-12.80	600.00	-6.90	1103.25	52.00	2611.50	-1.00	563.00	-28.50	1110.00	-99.00	2692.67
naif2+baS+179.273+aa	49.00	540.67	20.00	1113.00	72.50	2471.00	-11.00	573.00	-8.90	1103.25	61.90	2649.75	-13.00	575.67	-97.00	1214.33	-80.50	2831.00
naif2+mtwaSl+227.549+aa	26.00	554.33	64.50	987.67	47.00	2389.00	-15.30	555.75	52.70	1087.75	83.50	2624.25	-51.00	564.67	-308.00	1437.67	-182.50	2899.00
naif2+aSwl+254.497+uu	12.00	360.00	-73.00	868.00	-19.00	2519.00	-5.10	388.25	121.50	806.25	-10.10	2296.25	26.00	372.33	26.50	1112.00	-10.00	2298.00
naif2+faSl+264.922+aa	14.00	591.67	-7.00	1146.33	-65.50	2563.33	-26.70	546.25	58.60	1143.50	89.70	2674.25	-16.00	509.67	-221.00	1354.00	-195.50	2939.00
naif2+baS+275.562+aa	83.50	501.33	42.00	1186.33	101.00	2409.33	-10.30	567.25	-22.90	1153.75	24.30	2496.25	7.50	540.67	-13.00	1122.67	-83.50	2557.67
naif2+mtwaSl+348.087+aa	21.00	559.67	12.00	1056.33	22.00	2448.67	-11.10	568.75	-24.90	1064.75	65.70	2619.75	-30.50	572.67	-107.50	1152.33	-101.50	2874.00
saud+aSwl+3.284+uu	20.50	419.33	-33.00	956.67	25.00	2651.33	2.30	449.75	39.30	911.25	-26.80	2596.00	3.50	440.67	-90.00	1104.00	29.50	2546.33
saud+baS+24.672+aa	47.00	593.67	12.50	1143.00	73.50	2574.00	2.60	637.50	40.90	1192.25	33.10	2752.75	-59.50	658.00	-136.00	1398.00	-36.50	2891.67
saud+mtwaSl+93.354+aa	16.00	602.67	29.00	1083.67	50.50	2587.33	-19.40	610.50	13.70	1153.75	34.90	2727.75	-19.00	587.33	-25.00	1236.33	-19.50	2835.33
saud+faSl+120.853+aa	45.00	594.67	21.00	1094.67	99.50	2589.33	-26.80	617.50	33.70	1178.75	15.40	2789.50	-28.50	531.00	-48.00	1325.67	-48.50	2843.00
saud+aSwl+174.664+uu	15.50	456.33	-54.50	908.00	-9.00	2759.67	-17.80	433.50	168.80	1172.50	-37.00	2677.00	33.00	394.00	7.50	1547.33	-33.50	2624.67
saud+faSl+185.441+aa	32.50	631.00	3.50	1146.67	128.00	2574.33	-19.00	645.50	15.20	1158.50	5.00	2717.50	-12.00	610.33	-47.50	1275.67	-109.00	2781.33
saud+baS+228.709+aa	26.50	590.33	28.00	1115.00	86.00	2448.00	4.00	638.50	2.90	1135.25	24.80	2650.50	10.00	644.67	-3.00	1159.67	-6.00	2689.67
saud+mtwaSl+293.443+aa	26.00	611.33	32.00	1100.00	41.50	2564.00	-12.30	637.75	35.50	1171.25	55.20	2703.50	-15.50	599.00	-49.00	1277.33	-38.00	2809.00
saud+aSwl+329.996+uu	6.50	404.00	-5.50	661.33	3.00	2758.67	71.20	443.00	255.70	1154.25	36.60	2699.50	-162.50	664.33	-411.50	1775.00	-9.00	2879.33
saud+aSwl+330.255+uu	8.00	382.67	-16.50	988.67	-52.00	2648.33	7.00	400.00	30.70	912.75	15.00	2626.50	4.00	403.00	-119.50	1086.00	4.50	2656.33
saud+faSl+342.897+aa	51.00	611.00	44.00	1055.33	115.00	2380.67	-16.30	654.75	58.10	1173.75	71.20	2634.50	-21.00	612.00	-99.50	1311.33	-90.50	2791.00
saud+baS+355.021+aa	44.50	638.33	47.50	1134.00	33.00	2596.33	-23.50	672.25	4.20	1196.00	1.80	2607.50	-5.00	631.00	-15.50	1215.67	-46.00	2682.00
saud+mtwaSl+436.095+aa	39.00	574.67	77.00	980.33	9.50	2636.67	1.10	627.25	18.40	1088.00	13.00	2670.00	-19.50	642.33	-39.00	1197.33	-117.00	2715.67
