abu+anfSal+412.090+S	7419	2053	1.128	2.515	6027	2467	-0.501	1.588
abu+antSar+348.307+S	8486	2143	0.732	3.453	5959	3529	-0.412	-0.618
abu+Sad+692.644+S	7911	2486	0.735	1.733	4685	3504	0.089	-0.742
abu+Samt+503.099+S	7122	1959	1.453	5.546	4982	2969	-0.412	-0.241
alohali+anfSal+381.872+S	7185	2643	1.195	1.217	5708	2254	0.679	3.220
alohali+antSar+426.544+S	7180	2247	1.082	1.432	5894	2211	0.063	2.418
alohali+Sad+785.321+S	6950	2489	0.938	-0.049	5717	1959	1.214	3.352
alohali+Samt+247.277+S	7784	3530	0.622	-0.587	3567	3336	0.882	0.870
alotaiq+anfSal+234.582+S	7364	1928	1.107	2.709	5349	2981	-0.544	-0.115
alotaiq+antSar+253.991+S	6889	2125	1.362	2.672	5096	2653	-0.374	0.724
alotaiq+Sad+506.994+S	7069	2517	1.342	3.287	2944	3211	0.677	-0.308
alotaiq+Samt+140.380+S	7331	1646	1.929	9.156	5042	3207	-0.549	-0.727
mohammed+anfSal+103.611+S	8907	2159	-0.002	-0.297	7647	2558	-0.434	0.896
mohammed+antSar+427.555+S	8921	1838	0.508	1.739	7885	2449	-1.038	2.652
mohammed+Sad+761.366+S	9782	2196	-0.838	-0.168	8439	2734	-0.368	-0.647
mohammed+Samt+232.504+S	9190	2445	0.045	-0.100	7439	3040	-0.358	0.335
naif1+anfSal+216.213+S	8372	3020	0.687	-0.277	5474	3449	0.148	0.104
naif1+antSar+244.056+S	8138	3184	0.752	0.117	5291	3258	0.389	0.616
naif1+Sad+465.802+S	7202	2770	1.164	0.915	5734	2198	1.050	3.927
naif1+Samt+131.032+S	8217	3728	0.735	-0.385	5730	2876	1.306	2.883
naif2+anfSal+183.218+S	7916	2771	1.161	0.959	5746	3028	-0.025	1.004
naif2+antSar+205.654+S	9204	2951	0.578	-0.425	6891	3433	-0.110	0.467
naif2+Sad+389.831+S	9137	3205	0.533	-0.640	6794	3322	0.216	0.725
naif2+Samt+112.657+S	7293	3408	1.307	0.913	5132	2610	1.016	4.175
saud+anfSal+234.627+S	7529	2478	0.926	1.977	5840	2570	0.075	1.438
saud+antSar+26.967+S	6256	2312	2.226	5.826	5364	1609	1.690	11.538
saud+Sad+484.005+S	5959	1983	2.940	16.939	4183	2395	-0.163	1.022
saud+Samt+129.970+S	8954	2522	0.279	0.727	3946	4185	0.486	-1.098
