abu+alnaSrh+53.607+S	8112	2910	0.792	0.696	1750	3113	1.712	2.158
abu+alnaSrh+634.143+S	6685	2059	1.956	8.381	2826	3121	0.564	-0.818
abu+anfSal+588.330+S	7973	2605	0.625	1.237	3123	3632	0.749	-0.587
abu+anfSal+62.684+S	6650	2458	1.954	5.975	3868	2979	0.173	-0.037
abu+antSar+504.527+S	7976	2338	1.114	2.093	5133	3502	-0.178	-0.634
abu+antSar+632.930+S	7165	2431	1.863	5.025	4069	3270	0.129	-0.449
abu+aSwl+536.054+S	7641	2125	1.220	4.806	6092	2628	-0.423	1.144
abu+aSwl+634.823+S	7531	2595	1.588	3.783	4192	3430	0.201	-0.446
abu+faSl+529.682+S	7894	2606	0.710	1.069	4619	3510	0.140	-0.670
abu+faSl+621.785+S	7892	2939	0.828	1.075	3043	3528	0.864	-0.061
abu+mtwaSl+375.539+S	7634	2318	0.629	1.817	2649	3423	0.886	-0.495
abu+mtwaSl+547.398+S	7389	2642	0.952	1.726	3335	3371	0.589	-0.493
abu+Samt+610.965+S	7587	2845	1.362	2.926	690	2023	3.329	11.689
abu+Samt+87.024+S	7156	2098	2.096	6.962	5833	2393	-0.494	2.803
alohali+alnaSrh+335.103+S	8003	3055	0.940	0.412	5276	3258	0.219	0.587
alohali+alnaSrh+555.361+S	6291	2099	1.813	4.467	5102	2004	-0.017	3.596
alohali+anfSal+558.682+S	6453	2225	1.127	1.486	4944	2224	0.062	1.780
alohali+anfSal+89.770+S	8115	2834	0.514	-0.464	5969	2939	0.199	0.688
alohali+antSar+681.508+S	7933	2519	0.487	-0.265	6391	2483	0.287	1.081
alohali+antSar+72.921+S	6958	1902	1.951	6.103	5966	2028	-0.486	4.225
alohali+aSwl+300.137+S	8852	1849	-0.323	2.688	7451	2770	-0.850	0.524
alohali+aSwl+523.445+S	7801	1692	1.001	2.316	7052	1871	-0.622	4.033
alohali+baS+561.541+S	6653	2225	1.449	3.303	4767	2598	-0.181	0.779
alohali+baS+69.958+S	6757	1482	2.811	13.472	6062	1763	-1.186	6.745
alohali+faSl+315.885+S	8416	2312	1.173	3.438	6164	3358	-0.441	0.028
alohali+faSl+542.249+S	7710	2455	0.425	-0.068	5794	2766	-0.037	0.415
alohali+mtwaSl+470.372+S	7989	2219	0.339	0.422	6000	2996	-0.380	-0.005
alohali+mtwaSl+710.174+S	6857	2668	0.753	0.892	3942	2907	0.410	0.084
alohali+Samt+484.043+S	6774	2592	1.336	1.923	3728	3009	0.309	-0.055
alohali+Samt+637.785+S	7241	1956	1.126	3.823	4950	3064	-0.363	-0.512
alotaiq+alnaSrh+303.684+S	7448	2464	1.633	4.205	2577	3325	0.921	-0.139
alotaiq+alnaSrh+81.224+S	7504	2293	1.504	5.437	2056	3138	1.275	0.497
alotaiq+anfSal+304.791+S	7031	2254	1.178	2.400	3931	3196	0.128	-0.743
alotaiq+anfSal+65.873+S	6815	2014	1.223	2.475	5285	2449	-0.442	1.167
alotaiq+antSar+353.013+S	7594	2379	0.750	1.074	4970	3212	-0.098	-0.413
alotaiq+antSar+57.322+S	7032	1871	1.082	2.492	5717	2353	-0.633	1.523
alotaiq+aSwl+290.873+S	5879	3038	1.330	1.896	2878	2446	0.939	2.370
alotaiq+aSwl+36.711+S	6952	2807	0.166	-0.743	4545	2567	0.781	0.690
alotaiq+baS+306.053+S	7349	2541	1.687	5.274	1587	2813	1.710	2.213
alotaiq+baS+56.118+S	6124	1992	1.856	6.681	3356	2804	0.144	-0.672
alotaiq+faSl+205.433+S	7379	2694	1.510	4.468	1041	2332	2.537	6.340
alotaiq+faSl+298.503+S	7365	2327	1.378	4.617	2400	3232	1.010	-0.087
alotaiq+mtwaSl+270.585+S	6816	2161	1.466	4.518	2883	3132	0.589	-0.711
alotaiq+mtwaSl+363.096+S	7290	2114	1.174	3.111	4497	3251	-0.110	-0.793
alotaiq+Samt+274.418+S	7339	2422	1.783	5.943	3870	3400	0.242	-0.609
alotaiq+Samt+336.023+S	6813	2466	2.064	4.789	4887	2694	-0.153	1.574
mohammed+alnaSrh+320.368+S	9622	2235	0.197	-0.010	8086	3063	-0.779	1.053
mohammed+alnaSrh+561.576+S	9927	2142	-0.244	0.836	8216	3301	-0.866	0.494
mohammed+anfSal+378.245+S	9056	2479	0.186	-0.458	7290	3041	-0.365	0.519
mohammed+anfSal+563.999+S	9259	2124	-0.260	0.128	7877	2776	-0.641	0.653
mohammed+antSar+68.623+S	8099	2190	0.781	-0.270	7201	1933	0.794	2.166
mohammed+aSwl+37.663+S	8670	2627	0.918	0.429	7300	2548	0.238	2.166
mohammed+aSwl+528.837+S	8236	1601	1.278	6.652	7349	2201	-1.217	3.575
mohammed+baS+566.505+S	6688	2057	1.835	4.205	5573	2054	-0.227	3.866
mohammed+baS+66.500+S	7007	1758	1.800	4.919	6297	1679	-0.096	6.133
mohammed+faSl+299.301+S	8930	2234	0.326	0.482	7540	2718	-0.498	1.163
mohammed+faSl+548.037+S	9036	1801	-0.147	1.052	8002	2431	-0.981	1.796
mohammed+mtwaSl+467.012+S	9752	2358	-0.567	0.036	7668	3468	-0.540	-0.334
mohammed+Samt+486.185+S	9866	2301	-0.268	0.496	8478	2833	-0.411	0.194
mohammed+Samt+54.789+S	9969	2237	-0.388	0.109	8651	2798	-0.514	0.299
naif1+alnaSrh+327.089+S	8454	2899	0.813	0.840	5005	3721	0.185	-0.457
naif1+alnaSrh+65.998+S	7707	2912	1.221	1.424	5185	3110	0.161	0.811
naif1+anfSal+328.688+S	9196	3391	0.356	-0.637	5151	4027	0.396	-0.353
naif1+anfSal+45.178+S	8178	2601	0.733	-0.126	6051	3088	-0.185	0.476
naif1+antSar+36.483+S	7437	2676	1.191	1.675	5018	3010	0.064	0.502
naif1+antSar+398.650+S	6783	2772	1.678	2.545	4998	2449	0.352	3.213
naif1+aSwl+166.349+S	7502	3499	1.036	0.404	4739	2918	0.834	2.369
naif1+aSwl+307.587+S	8155	3514	0.464	-0.623	5541	2914	1.100	1.656
naif1+baS+330.339+S	7981	3030	0.906	0.555	5341	3178	0.265	0.663
naif1+baS+34.749+S	6842	2389	1.564	3.258	5214	2444	-0.052	2.126
naif1+faSl+175.913+S	6663	2261	1.895	3.978	5192	2343	-0.212	2.596
naif1+faSl+318.130+S	9452	3159	0.358	-0.625	5523	4184	0.204	-0.687
naif1+mtwaSl+273.450+S	7194	3412	0.932	0.296	2969	3054	1.052	1.402
naif1+mtwaSl+413.597+S	6377	2574	1.655	2.171	4903	2135	0.502	4.246
naif1+Samt+279.884+S	6642	2450	2.091	5.188	4792	2588	-0.102	1.834
naif1+Samt+374.457+S	7541	2253	1.631	3.477	6224	2414	-0.328	2.944
naif2+alnaSrh+273.032+S	7855	1959	1.498	3.767	6619	2490	-0.811	2.416
naif2+alnaSrh+54.070+S	8595	3108	0.672	-0.345	5566	3572	0.163	0.037
naif2+anfSal+274.449+S	7826	2428	1.317	2.039	5503	3205	-0.275	0.127
naif2+anfSal+37.189+S	8174	2834	0.783	0.132	5579	3296	0.030	0.193
naif2+antSar+29.022+S	7582	2808	1.269	1.509	5161	3060	0.080	0.764
naif2+antSar+335.902+S	8126	2635	1.125	0.809	4871	3642	0.034	-0.598
naif2+aSwl+140.417+S	8593	4007	0.425	-0.748	4865	3407	1.059	1.540
naif2+aSwl+254.371+S	7290	3320	1.165	1.227	3964	3090	0.698	1.208
naif2+baS+27.634+S	6539	2750	1.678	3.169	4638	2437	0.400	2.872
naif2+baS+275.824+S	7274	2252	1.374	2.577	5996	2258	-0.057	2.837
naif2+faSl+149.176+S	7183	2447	1.634	3.294	4408	3168	0.022	-0.239
naif2+faSl+265.086+S	7056	3067	1.378	1.603	4803	2696	0.543	2.378
naif2+mtwaSl+348.258+S	8436	2536	0.561	-0.197	6246	3217	-0.274	0.173
naif2+mtwaSl+84.226+S	7882	2723	1.068	1.276	4559	3510	0.181	-0.446
naif2+Samt+233.347+S	8083	2683	0.875	0.886	6292	2756	0.115	1.365
naif2+Samt+314.230+S	7232	2150	1.597	3.942	5661	2599	-0.482	1.569
saud+alnaSrh+351.602+S	9054	2506	0.839	2.122	7097	3256	-0.425	0.664
saud+alnaSrh+58.640+S	8114	2750	0.888	1.479	5637	3247	-0.014	0.274
saud+anfSal+353.323+S	6899	2460	1.082	1.801	5539	2092	0.782	3.009
saud+anfSal+38.327+S	7121	2374	1.326	3.112	5863	2114	0.534	3.371
saud+antSar+265.702+S	5481	2078	2.281	5.764	4769	1264	2.994	16.916
saud+antSar+422.756+S	7117	2743	1.062	1.158	5532	2260	0.903	3.138
saud+aSwl+3.171+S	6927	1405	4.222	29.200	6011	2137	-1.412	4.148
saud+aSwl+330.159+S	7660	2293	2.153	7.038	5965	2764	-0.333	1.455
saud+baS+24.853+S	8373	2531	0.795	1.285	7013	2447	0.349	1.832
saud+baS+355.268+S	8538	2296	0.834	2.935	7184	2580	-0.245	1.725
saud+faSl+185.619+S	6948	2466	1.295	1.822	5495	2269	0.259	2.974
saud+faSl+343.120+S	8444	2584	0.421	0.409	4876	3796	0.100	-0.908
saud+mtwaSl+436.298+S	8812	2638	0.249	-0.019	7077	2839	0.095	0.402
saud+mtwaSl+93.479+S	8600	2544	0.529	1.050	5824	3594	-0.178	-0.495
saud+Samt+300.736+S	6730	2753	1.451	2.721	4211	2808	0.275	1.002
saud+Samt+399.320+S	8474	2847	0.737	1.352	2984	3771	0.933	-0.157
