abu+ktab+290.745+t	7871	3542	0.993	1.254	2701	3310	1.274	1.577
abu+ratb+433.196+t	9953	3465	0.300	-0.190	6019	4281	0.293	-0.482
abu+tab\9e+334.055+t	8032	4000	0.852	0.846	649	1925	4.115	20.200
abu+tab+425.579+t	6868	4504	1.489	1.919	807	1893	3.723	20.321
abu+tlyfwn+205.120+t	7516	3718	0.589	0.613	2888	3011	1.465	2.465
alohali+ktab+287.687+t	8834	4400	0.741	0.438	1589	2951	2.569	7.537
alohali+ratb+375.986+t	7111	2853	1.665	4.871	2914	3164	0.865	0.382
alohali+tab\9e+152.989+t	7051	4096	0.915	1.143	1049	2113	3.197	12.934
alohali+tab+105.620+t	6946	3567	1.430	2.538	915	2072	2.988	11.158
alohali+tlyfwn+108.705+t	8836	3674	0.601	0.804	1997	3328	1.868	3.179
alotaiq+ktab+192.344+t	8262	6435	0.492	-0.871	404	1293	8.802	98.301
alotaiq+ratb+232.058+t	7678	4158	1.367	2.504	687	1845	4.303	23.435
alotaiq+tab\9e+257.159+t	11198	6672	-0.036	-1.340	339	1450	9.324	102.258
alotaiq+tab+242.244+t	8854	5210	0.686	-0.183	246	1084	9.395	113.142
alotaiq+tlyfwn+382.689+t	6925	4088	1.811	3.332	948	2072	3.172	14.358
mohammed+ktab+270.186+t	7989	2856	0.774	0.688	5998	2783	0.394	1.202
mohammed+ratb+368.859+t	7535	2130	0.859	1.921	6213	2357	-0.234	1.550
mohammed+tab\9e+150.221+t	7306	3407	0.363	0.729	2441	2940	1.529	2.013
mohammed+tab+113.967+t	7765	2815	1.109	1.779	4098	3513	0.377	-0.416
mohammed+tlyfwn+116.618+t	9382	3251	0.119	0.155	4572	4203	0.580	-0.670
naif1+ktab+157.434+t	6912	2888	0.897	3.074	993	2205	2.576	6.798
naif1+ratb+212.792+t	7083	3424	0.900	1.195	1633	2609	1.973	4.307
naif1+tab\9e+249.192+t	5858	4440	1.593	2.329	231	932	7.375	84.597
naif1+tab+227.310+t	6849	4458	1.128	1.058	450	1410	5.259	38.886
naif1+tlyfwn+202.121+t	8520	6163	0.559	-0.869	144	837	13.027	224.667
naif2+ktab+133.634+t	7231	3224	0.762	1.995	1870	2798	1.728	2.846
naif2+ratb+180.798+t	6790	2728	1.216	2.548	3449	3010	0.528	0.111
naif2+tab\9e+209.663+t	2299	3674	2.577	7.487	180	296	20.712	762.171
naif2+tab+191.622+t	7015	4260	1.373	2.021	794	1895	3.729	19.102
naif2+tlyfwn+172.206+t	6382	4375	1.428	2.210	888	1836	3.618	19.436
saud+ktab+156.879+t	7805	2974	1.017	3.168	2452	3324	1.251	0.790
saud+ratb+230.636+t	9688	3179	0.190	0.452	5068	4359	0.407	-0.810
saud+tab\9e+271.066+t	7547	3882	0.867	1.059	1623	2660	2.245	6.055
saud+tab+247.093+t	8053	4192	0.841	0.859	1443	2643	2.649	8.370
saud+tlyfwn+218.245+t	8826	5005	0.677	-0.170	1827	2992	2.611	8.622
