abu+Tab\9e+88.554+aa	30.50	547.00	27.50	1129.67	18.00	2632.33	-41.20	532.00	-32.70	1110.75	-47.50	2544.25	27.00	418.33	-24.50	1046.33	-36.00	2472.33
abu+balTa\?grh+90.782+aa	25.50	478.00	45.50	1092.00	8.00	2580.67	12.10	532.75	32.30	1202.75	-8.30	2587.25	6.50	540.67	-28.50	1308.33	9.00	2558.67
abu+Tab+245.548+aa	35.00	551.00	25.50	1114.33	-1.50	2437.67	-38.10	515.25	-48.40	1115.00	-14.20	2381.00	0.50	430.00	74.00	1024.00	-29.00	2354.00
abu+Tabh+248.615+aa	28.50	522.67	18.50	1043.67	-2.00	2537.00	-18.90	508.25	-1.60	1064.00	-21.20	2510.50	-0.50	470.33	-8.50	1089.33	17.50	2457.33
abu+fTam+288.000+aa	29.50	528.67	49.00	1193.33	36.50	2564.33	-36.30	506.75	-1.40	1228.00	-68.30	2509.75	30.50	422.33	-64.00	1242.33	-73.50	2334.00
abu+rTanh+319.923+aa	33.00	526.67	74.00	1153.67	0.00	2488.00	-39.70	486.25	70.90	1372.75	18.00	2468.00	27.50	399.00	-62.50	1498.67	14.50	2532.00
abu+balTa\?grh+371.942+aa	41.50	519.33	27.00	1189.33	5.50	2552.67	-7.00	573.50	70.20	1333.50	-16.80	2510.00	21.00	537.33	-53.00	1518.67	8.00	2482.67
abu+fTam+387.116+aa	28.00	507.00	56.00	1128.67	28.00	2461.33	-36.70	493.75	13.10	1216.25	-62.80	2473.00	27.00	409.67	-58.50	1228.33	-51.50	2279.33
abu+sTam+414.363+aa	23.50	491.33	42.00	1116.33	11.50	2525.00	-26.40	474.50	32.50	1189.75	-8.70	2620.75	30.00	416.33	-68.00	1249.00	8.00	2566.67
abu+Tab\9e+424.045+aa	27.00	534.67	36.00	1146.00	-11.00	2536.00	-35.50	537.25	-9.60	1173.50	-75.40	2409.50	26.00	448.67	-19.50	1154.00	19.00	2243.33
abu+rTanh+454.582+aa	21.50	481.33	49.50	1108.67	6.50	2545.67	-37.80	469.00	81.10	1323.75	-7.40	2612.00	26.00	378.00	-92.50	1466.67	70.00	2598.67
abu+Tab+505.492+aa	33.50	549.00	35.50	1121.00	10.50	2566.33	-20.30	547.25	-9.30	1154.75	-22.00	2535.50	47.00	464.00	29.50	1110.00	15.50	2484.67
abu+fTam+563.915+aa	13.00	478.00	19.00	1177.00	22.50	2505.67	-20.10	472.75	-12.90	1162.25	-50.60	2524.50	24.50	421.00	-44.50	1146.67	-82.00	2354.33
abu+Tab\9e+585.009+aa	32.50	532.33	25.50	1183.67	12.00	2560.00	-50.80	513.00	-24.40	1157.00	-67.00	2449.50	38.50	390.33	19.50	1089.67	-16.50	2311.67
abu+sTam+591.624+aa	25.50	519.00	57.50	1198.33	248.50	2585.67	-38.20	492.00	23.80	1279.00	-23.50	2864.25	38.00	401.33	-83.00	1339.33	-58.00	2588.67
abu+balTa\?grh+596.775+aa	35.00	498.67	19.00	1145.00	18.50	2562.33	-7.00	538.00	74.80	1297.50	-13.30	2555.25	23.00	499.00	-47.50	1496.67	13.00	2530.33
abu+rTanh+627.830+aa	11.50	486.33	57.50	1184.33	76.00	2575.33	-23.50	467.75	71.30	1371.25	3.20	2718.00	25.00	414.67	-39.00	1488.00	30.50	2738.67
abu+Tab+631.536+aa	23.00	562.00	17.00	1214.00	20.00	2491.00	-56.20	501.50	-43.90	1168.25	-20.90	2464.25	32.00	363.00	38.00	1060.67	-3.50	2418.33
abu+Ta\?g+694.931+aa	22.50	493.33	15.50	1004.00	-5.00	2519.33	-4.90	546.75	5.40	1059.50	11.00	2520.00	-20.00	516.00	-16.00	1058.33	-12.50	2556.67
alohali+Tab\9e+226.025+aa	55.00	693.00	39.00	1171.67	40.00	2807.67	-58.10	698.75	-19.10	1194.75	-105.50	2724.25	55.50	524.00	-3.50	1135.00	38.00	2481.33
alohali+fTam+256.232+aa	56.00	568.67	48.00	1117.67	117.00	2692.67	3.10	680.75	19.00	1191.50	-64.40	2935.50	162.50	664.33	-70.00	1225.67	255.50	2675.33
alohali+sTam+272.129+aa	55.00	602.00	35.00	1149.67	118.00	2651.67	-36.00	659.00	-16.50	1171.25	-190.00	2559.50	162.50	592.33	-92.50	1169.33	-31.00	2137.67
alohali+fTam+326.014+aa	42.00	605.00	24.00	1121.00	161.50	2864.33	-22.20	654.50	35.10	1197.25	-71.50	3025.75	124.50	575.00	-20.50	1242.33	219.00	2785.00
alohali+sTam+340.557+aa	46.50	623.33	33.00	1173.00	118.00	2872.33	-34.20	677.00	16.80	1223.50	-170.10	2745.25	103.00	561.67	-43.00	1246.67	-150.50	2192.00
alohali+Tab\9e+502.158+aa	49.50	661.00	50.00	1145.33	66.50	2678.33	-56.70	641.25	-24.50	1159.75	-49.90	2686.25	47.50	492.00	-1.50	1125.00	-9.00	2576.67
alohali+fTam+552.671+aa	33.50	610.67	4.00	1147.00	141.00	2945.67	-22.80	630.50	42.00	1199.00	-64.50	3023.75	101.00	540.00	-23.00	1247.00	242.50	2785.00
alohali+sTam+568.426+aa	44.00	590.00	45.00	1141.00	87.50	2847.33	-13.30	641.75	13.80	1225.00	-126.60	2873.00	105.00	566.67	-2.50	1259.00	197.00	2559.67
alohali+Tab\9e+619.370+aa	40.00	632.67	72.50	1078.33	34.50	2628.00	-33.70	641.75	-18.10	1164.25	-33.40	2525.00	35.50	532.67	-1.00	1125.33	-29.50	2478.67
alohali+Ta\?g+789.941+aa	22.00	608.33	35.00	1078.67	42.00	2788.33	6.30	645.25	45.00	1174.50	-3.40	2741.00	-29.00	662.00	-78.00	1304.00	-63.50	2792.67
alotaiq+balTa\?grh+68.421+aa	31.50	646.33	26.50	1164.00	-5.00	2904.33	13.60	716.50	55.90	1275.25	-33.30	2797.75	20.50	720.67	-67.50	1450.33	-31.50	2749.33
alotaiq+Tab\9e+131.274+aa	33.00	724.00	3.50	1217.67	-80.50	2705.00	-31.40	686.00	5.70	1222.25	58.00	2719.50	-25.00	597.67	-10.00	1242.67	-79.50	2737.00
alotaiq+fTam+144.253+aa	51.00	677.33	32.50	1170.67	4.50	2804.00	42.40	785.50	163.70	1369.75	31.90	2693.25	-49.50	803.67	-214.50	1666.67	-144.00	2791.00
alotaiq+sTam+150.922+aa	36.50	657.33	20.00	1178.00	-13.00	2863.67	-28.30	674.75	-15.10	1162.75	-139.20	2554.00	66.50	596.33	-26.00	1174.67	-43.00	2392.67
alotaiq+fTam+209.930+aa	28.50	635.00	12.00	1159.33	-16.00	2772.00	-33.80	613.00	8.40	1183.00	-105.40	2599.50	-22.50	558.00	-72.00	1222.33	-174.50	2364.33
alotaiq+sTam+215.953+aa	24.00	699.67	8.50	1202.67	26.00	2774.67	-44.80	663.50	0.90	1210.25	-80.80	2584.00	51.50	532.67	5.50	1206.67	-105.50	2372.00
alotaiq+Tab\9e+280.522+aa	16.00	656.67	24.00	1221.00	-70.50	2696.00	-55.50	637.25	-7.30	1247.25	-21.80	2643.50	46.50	491.33	14.00	1226.67	-1.50	2578.33
alotaiq+fTam+302.479+aa	42.50	619.00	25.00	1141.33	31.00	2826.33	-0.40	642.00	106.50	1286.25	-37.90	2793.25	-40.50	559.33	-196.50	1372.33	-186.50	2644.67
alotaiq+sTam+309.187+aa	23.50	669.67	7.00	1175.67	-50.00	2777.67	-4.80	663.00	87.70	1271.75	9.20	2509.00	-68.00	610.67	-172.50	1430.33	-201.00	2556.67
alotaiq+Tab\9e+329.982+aa	-16.00	704.67	17.00	1234.33	12.00	2703.33	-45.90	617.75	-2.80	1266.00	-17.30	2680.25	42.50	479.00	13.50	1246.33	-9.50	2638.00
alotaiq+balTa\?grh+335.032+aa	29.00	624.00	10.50	1174.00	-6.00	2811.67	6.10	686.25	36.90	1252.25	-31.70	2764.25	5.00	686.67	-40.00	1389.00	31.50	2700.67
alotaiq+Ta\?g+509.398+aa	17.00	620.67	8.00	1097.33	18.00	3035.33	25.60	676.50	20.50	1158.75	-15.90	2953.75	-44.50	694.67	-40.50	1237.33	-24.50	2952.67
mohammed+balTa\?grh+108.584+aa	39.00	666.00	40.00	1162.67	144.50	2825.00	5.60	728.00	44.30	1278.25	-131.80	2908.00	16.00	720.67	-57.50	1380.00	-242.00	2343.67
mohammed+Tab\9e+210.665+aa	63.00	725.67	16.00	1189.33	59.50	2890.67	-49.50	733.75	-7.00	1138.00	-68.00	2857.50	-22.50	614.33	-33.50	1181.67	-173.50	2683.33
mohammed+fTam+241.517+aa	173.50	865.00	5.00	1151.67	-281.50	2316.67	-100.30	740.75	14.70	1158.25	52.20	2604.00	43.50	524.67	-75.50	1161.00	79.00	2722.00
mohammed+sTam+256.759+aa	106.00	767.00	73.00	1307.67	-66.00	2805.00	-82.70	794.75	-32.90	1150.25	-85.60	2608.00	30.00	554.00	-67.50	1092.67	-262.50	2181.33
mohammed+fTam+311.358+aa	57.50	780.67	-7.50	1194.67	-331.00	2393.33	-71.70	738.25	15.30	1129.75	277.20	2177.00	100.00	586.33	18.50	1196.67	342.50	2900.00
mohammed+sTam+328.989+aa	143.00	776.67	120.50	1252.33	280.00	2939.33	-66.50	843.25	-44.80	1310.00	-64.40	3209.50	111.50	631.67	-56.00	1162.00	273.50	2948.00
mohammed+balTa\?grh+395.346+aa	59.00	645.00	25.50	1129.33	77.00	2798.00	-1.00	744.50	19.90	1258.75	-72.20	2850.00	11.50	726.67	-69.00	1323.33	-20.00	2598.33
mohammed+Tab\9e+506.995+aa	49.00	726.33	-53.50	1267.67	-0.50	2994.33	-30.60	720.00	-5.80	1219.00	-53.30	2927.25	-18.00	629.33	7.00	1203.00	-19.00	2757.67
mohammed+fTam+557.347+aa	86.50	801.00	105.00	1155.67	120.00	2217.00	-100.90	731.25	-50.50	1134.25	-20.10	2532.75	131.50	570.67	8.50	1097.67	245.50	2715.67
mohammed+sTam+573.167+aa	89.50	810.00	49.00	1330.67	117.50	3081.67	-100.30	764.75	-68.60	1161.50	-119.00	2887.50	92.50	537.67	-30.00	1026.00	283.50	2796.00
naif1+balTa\?grh+49.150+aa	20.00	545.33	28.00	998.33	-220.50	2617.00	-12.50	567.25	106.50	1158.75	54.90	2456.25	21.50	510.33	-103.50	1436.00	-53.00	2559.00
naif1+Tab\9e+119.890+aa	33.50	540.67	47.50	975.00	-134.50	2763.33	-40.60	533.00	19.00	1093.50	-60.00	2543.00	61.50	440.67	33.50	1133.67	15.00	2406.00
naif1+fTam+136.898+aa	44.50	556.67	40.50	995.00	-49.50	2746.33	-38.20	526.50	35.10	1138.25	-89.10	2595.75	24.00	455.00	-16.00	1205.67	-205.00	2253.33
naif1+sTam+147.010+aa	30.50	579.00	37.50	994.33	-84.50	2617.00	-34.20	557.00	57.60	1132.50	-50.10	2561.75	37.00	469.33	-32.00	1272.67	153.50	2423.33
naif1+fTam+181.962+aa	20.50	557.00	51.50	1019.00	-25.50	2516.00	-40.80	509.50	45.50	1138.25	-48.40	2529.00	39.50	412.67	-43.50	1243.00	-50.50	2341.67
naif1+sTam+190.769+aa	30.50	558.67	64.00	1037.67	5.00	2798.33	-18.50	572.75	9.60	1119.50	-22.80	2568.00	36.00	498.67	-9.50	1138.00	82.50	2511.67
naif1+balTa\?grh+225.450+aa	23.50	538.00	22.00	1104.33	-287.50	2513.00	-2.40	583.00	70.60	1245.00	-2.10	2256.75	40.00	566.00	-81.50	1453.33	-15.00	2325.00
naif1+fTam+325.223+aa	35.00	533.00	47.00	977.33	-84.50	2910.33	-41.90	496.25	37.80	1095.00	-105.00	2627.50	25.00	435.00	-26.00	1164.00	-143.50	2384.67
naif1+sTam+334.534+aa	11.50	557.00	56.00	996.00	-68.50	2807.33	-11.90	520.75	8.50	1106.75	-10.20	2660.50	15.00	500.00	-21.00	1173.33	-119.50	2627.67
naif1+Tab\9e+364.879+aa	26.50	563.33	52.00	1013.67	26.00	2484.33	-48.20	546.50	18.50	1111.25	-54.60	2498.00	29.50	439.67	-10.00	1188.33	-25.50	2392.33
naif1+balTa\?grh+373.226+aa	17.00	565.00	63.50	1048.67	-104.50	2770.33	0.80	587.50	88.80	1250.50	-17.20	2530.50	30.50	565.67	-72.00	1476.67	-34.50	2488.67
naif1+Ta\?g+469.032+aa	27.00	554.67	29.50	987.67	-104.50	2818.00	-4.30	588.25	61.60	1090.50	-4.10	2630.75	-26.00	561.67	-70.00	1198.00	-129.00	2582.67
naif2+balTa\?grh+40.402+aa	37.50	552.00	44.00	1035.67	-38.00	2713.33	0.80	597.50	37.10	1140.25	-26.70	2580.25	27.00	575.33	-60.00	1270.33	3.00	2536.67
naif2+Tab\9e+102.713+aa	33.50	553.33	36.00	996.33	-168.50	2859.00	-37.50	545.75	26.40	1092.50	-25.20	2628.00	15.50	449.00	-22.50	1173.67	-79.00	2553.67
naif2+fTam+117.894+aa	39.50	558.67	55.50	999.67	-40.00	2997.67	-50.20	532.50	37.60	1121.50	-113.30	2682.75	7.50	419.00	4.50	1189.00	-102.50	2367.00
naif2+sTam+125.548+aa	31.00	597.67	60.00	1029.67	-80.50	2919.33	-21.30	590.25	27.20	1108.50	28.70	2735.75	19.00	513.33	5.00	1183.67	34.50	2766.00
naif2+fTam+154.256+aa	54.50	573.33	44.50	1054.67	-30.00	2938.00	-56.50	549.25	57.20	1167.50	-85.80	2499.00	10.50	427.00	-20.00	1280.33	-82.50	2322.33
naif2+sTam+161.660+aa	15.00	577.67	27.50	1021.00	-63.50	2834.67	-33.60	552.50	23.90	1100.25	-38.40	2689.00	17.00	456.33	-24.00	1165.67	109.50	2638.00
naif2+balTa\?grh+190.328+aa	36.00	523.33	58.50	1021.67	-160.50	2877.33	-0.40	581.50	74.20	1191.50	-16.70	2502.25	27.50	564.00	-67.00	1375.67	-40.50	2473.00
naif2+Tab\9e+242.666+aa	43.50	534.00	36.50	999.33	-22.00	2840.33	-41.20	541.00	-0.40	1071.50	-64.40	2497.00	23.00	434.33	23.50	1125.67	-19.00	2365.67
naif2+fTam+270.836+aa	46.50	525.00	15.00	1017.00	11.00	2636.33	-49.20	505.50	45.60	1128.00	-64.00	2527.50	11.50	409.00	2.50	1217.33	-95.00	2355.00
naif2+sTam+280.015+aa	35.50	573.00	75.00	1058.33	-1.00	2983.00	-31.80	545.50	14.60	1150.50	-68.20	2672.00	6.00	452.00	-20.00	1207.67	59.50	2589.67
naif2+Tab\9e+306.302+aa	27.50	566.00	33.50	1033.00	83.50	2900.00	-41.60	547.50	0.10	1076.25	-119.50	2793.25	46.50	452.00	12.00	1100.67	4.50	2567.00
naif2+balTa\?grh+313.009+aa	13.00	565.67	37.50	1025.00	-119.00	2747.67	3.10	572.75	74.70	1146.25	-37.20	2470.00	22.00	559.67	-72.50	1356.67	-35.50	2413.00
naif2+Ta\?g+392.616+aa	25.50	590.00	22.50	1013.33	-80.00	2761.67	0.80	614.50	27.30	1049.75	-15.00	2619.00	2.50	619.33	-32.50	1109.00	-31.00	2601.33
saud+balTa\?grh+42.479+aa	15.50	618.33	-8.00	1106.33	19.50	2720.00	15.30	670.75	57.80	1182.00	-25.30	2686.25	15.50	687.00	-53.50	1350.67	3.50	2632.00
saud+Tab\9e+116.709+aa	34.50	599.00	20.00	1087.00	26.50	2834.67	-39.70	613.75	23.70	1186.25	-40.40	2713.50	0.50	491.00	-5.50	1252.00	-37.50	2622.67
saud+fTam+135.951+aa	12.00	634.33	16.50	1158.00	-244.50	2406.33	3.90	606.75	96.30	1260.75	178.40	2339.50	17.50	766.00	122.00	1680.33	50.00	2826.33
saud+fTam+193.268+aa	40.50	652.67	46.50	1158.33	-116.00	2520.33	-0.20	676.00	76.70	1250.25	88.70	2353.75	-111.00	702.33	-299.00	1547.00	-213.50	2621.67
saud+sTam+204.539+aa	66.00	667.00	41.00	1163.33	-67.50	2458.33	-17.70	709.25	-1.10	1197.75	41.90	2417.75	-50.50	678.00	-91.00	1284.33	-89.50	2529.33
saud+balTa\?grh+245.141+aa	-0.50	665.00	3.00	1097.00	-13.00	2667.00	2.50	695.75	40.20	1162.00	-28.60	2544.00	0.50	689.67	-46.50	1235.33	-11.50	2490.67
saud+Tab\9e+312.430+aa	10.00	633.33	13.00	1130.67	-43.00	2812.67	-24.10	620.25	27.60	1182.00	-47.10	2692.75	25.50	533.33	-15.50	1279.33	9.00	2593.33
saud+fTam+349.711+aa	25.50	691.67	49.00	1218.00	-43.00	2350.67	7.70	742.25	-24.30	1256.75	12.30	2391.25	10.50	734.00	14.00	1199.00	23.50	2386.33
saud+sTam+359.592+aa	59.50	631.00	35.00	1175.67	-0.50	2521.67	-8.50	712.75	-12.70	1202.75	-51.00	2318.00	21.50	673.00	4.00	1166.67	-57.50	2263.33
saud+Tab\9e+390.048+aa	13.00	663.33	-9.00	1121.00	-11.50	2705.67	-37.70	648.25	40.50	1164.75	-54.50	2593.25	31.50	558.00	-16.50	1262.33	0.00	2463.67
saud+balTa\?grh+397.900+aa	23.50	632.67	5.00	1145.00	-6.00	2678.67	4.10	662.25	60.00	1230.00	-58.60	2568.00	25.00	649.00	-97.50	1432.00	-41.50	2492.33
saud+Ta\?g+486.832+aa	18.00	567.33	-47.00	1000.33	18.50	2691.67	9.00	587.00	32.60	951.00	0.60	2676.50	-6.00	609.00	-12.50	1026.67	5.00	2687.33
