abu+awTan+516.039+T	8340	3155	1.209	2.493	181	1045	8.185	76.191
abu+awTan+598.977+T	7321	3758	1.161	2.217	1052	2253	2.951	10.369
abu+balTa\?grh+596.758+T	7314	3086	0.509	1.119	2567	3034	1.247	1.101
abu+balTa\?grh+90.740+T	8492	2941	1.452	3.995	3819	3897	0.623	-0.392
abu+bsaTh+533.722+T	8559	3338	0.608	2.383	888	2349	3.294	11.204
abu+bsaTh+557.555+T	8573	3583	0.775	1.495	1619	2986	2.246	4.894
abu+fTam+387.082+T	7738	5005	0.473	-0.359	205	988	9.470	112.384
abu+fTam+563.868+T	7597	3503	0.620	1.547	1358	2563	2.411	6.131
abu+mwaTn+538.967+T	7617	3423	0.960	2.600	1656	2807	2.050	4.165
abu+mwaTn+639.806+T	7826	2911	1.515	4.990	662	2022	3.527	13.226
abu+raTy+439.536+T	7512	3682	1.054	1.504	417	1507	5.064	30.850
abu+raTy+613.517+T	8958	6187	0.343	-1.011	219	1063	10.828	145.562
abu+rTanh+454.553+T	8546	4015	0.461	0.427	2227	3237	1.901	3.606
abu+rTanh+627.796+T	6805	3515	1.097	2.994	787	1886	3.454	14.204
abu+sTam+414.337+T	7150	3515	0.210	1.627	604	1687	4.338	20.602
abu+sTam+591.594+T	8729	3391	0.773	1.242	3375	3823	0.998	0.327
abu+Tab\9e+584.971+T	9530	4607	0.173	-0.139	67	538	19.990	466.998
abu+Tab\9e+88.532+T	9173	5324	0.784	-0.161	1029	2450	3.897	19.119
abu+Tab+505.472+T	5491	3250	1.127	2.917	1478	1954	2.270	7.117
abu+Tab+631.500+T	8991	4532	0.290	-0.591	1499	2894	2.720	8.185
alohali+awTan+521.261+T	4967	4085	0.673	0.851	516	1241	5.650	38.245
alohali+awTan+605.242+T	5182	4312	1.667	3.211	724	1404	4.497	32.440
alohali+balTa\?grh+634.422+T	3092	4131	1.646	2.553	308	581	12.741	224.988
alohali+balTa\?grh+98.558+T	7085	3357	0.287	1.655	1033	2139	2.989	9.392
alohali+bsaTh+410.520+T	8529	4443	0.566	0.670	435	1464	6.364	48.313
alohali+bsaTh+643.683+T	8094	6598	0.473	-0.951	287	960	12.393	191.317
alohali+fTam+325.988+T	1597	3393	3.425	12.521	235	324	22.420	872.576
alohali+fTam+552.648+T	1051	2456	5.236	31.387	340	318	19.433	781.852
alohali+mwaTn+311.049+T	8595	6558	0.346	-0.995	306	1181	10.190	126.739
alohali+mwaTn+531.163+T	6697	5171	1.278	0.899	1214	2142	3.480	18.538
alohali+sTam+340.536+T	3738	5074	1.535	1.790	240	497	18.571	467.355
alohali+sTam+568.403+T	3815	4699	1.696	2.805	409	857	9.146	123.909
alohali+Tab\9e+502.143+T	7103	4148	1.208	2.369	1926	2619	2.269	7.044
alohali+Tab\9e+619.355+T	5522	4918	1.188	1.189	543	1181	6.609	63.102
alotaiq+awTan+325.197+T	9918	7535	0.227	-1.417	368	1268	11.001	145.931
alotaiq+awTan+43.214+T	6834	3913	1.323	2.042	2255	2706	1.756	4.721
alotaiq+balTa\?grh+335.013+T	6340	7496	0.884	-0.770	417	971	14.270	247.426
alotaiq+balTa\?grh+68.411+T	7575	7622	0.460	-1.342	202	724	19.630	445.103
alotaiq+bsaTh+247.243+T	9425	7784	0.108	-1.581	207	699	20.802	503.069
alotaiq+bsaTh+338.179+T	6214	6029	1.087	0.184	385	1003	9.690	135.588
alotaiq+fTam+209.919+T	8968	6048	0.540	-0.565	352	1272	8.853	99.806
alotaiq+fTam+302.464+T	11068	3339	-0.130	3.035	692	2541	4.147	16.847
alotaiq+mwaTn+294.347+T	9508	5588	0.762	-0.649	255	1092	10.109	130.953
alotaiq+mwaTn+41.112+T	8232	2825	1.700	5.814	1506	2928	2.063	3.717
alotaiq+sTam+215.932+T	10500	7175	-0.016	-1.325	324	1375	10.189	120.288
alotaiq+sTam+309.169+T	11124	5938	0.113	-0.877	827	2466	4.935	27.847
alotaiq+Tab\9e+280.477+T	13695	6334	-0.745	-0.386	236	1407	11.291	136.768
alotaiq+Tab\9e+329.883+T	12756	5800	-0.312	-0.918	197	1051	13.712	210.769
mohammed+awTan+526.542+T	1132	2173	4.110	20.919	420	400	13.441	294.181
mohammed+balTa\?grh+395.333+T	7974	4906	0.835	0.439	1500	2618	2.964	11.238
mohammed+bsaTh+411.270+T	4708	5605	1.344	0.876	372	834	11.270	179.525
mohammed+fTam+311.345+T	4286	4882	1.416	1.550	467	1106	7.010	71.112
mohammed+fTam+557.333+T	5386	5540	0.826	-0.227	452	1122	8.544	91.133
mohammed+mwaTn+42.133+T	12089	6530	-0.239	-1.224	271	1450	9.880	110.414
mohammed+mwaTn+535.890+T	3746	4894	1.392	1.390	275	576	15.610	318.114
mohammed+sTam+328.972+T	5080	4956	0.884	0.337	712	1461	5.585	39.791
mohammed+sTam+573.155+T	868	1765	6.208	47.219	378	318	12.586	398.559
mohammed+Tab\9e+506.980+T	6795	4120	0.837	1.116	1598	2660	2.144	5.623
naif1+awTan+302.397+T	5308	5142	1.308	1.406	176	450	18.553	504.320
naif1+awTan+356.548+T	5014	6941	1.207	-0.083	103	243	48.320	3276.585
naif1+balTa\?grh+373.208+T	4941	5938	1.093	0.133	212	556	19.218	471.896
naif1+balTa\?grh+49.126+T	1588	4071	3.450	11.125	198	222	47.799	3404.124
naif1+bsaTh+234.620+T	4515	5469	1.282	0.877	240	564	16.873	391.105
naif1+bsaTh+377.814+T	8860	6488	0.286	-1.115	169	525	23.158	657.102
naif1+fTam+325.196+T	5283	3625	1.333	3.693	1337	1852	2.804	11.170
naif1+mwaTn+19.874+T	7596	5447	0.983	0.159	162	611	15.618	337.713
naif1+mwaTn+311.965+T	7089	4906	1.061	0.978	370	1159	7.426	74.965
naif1+sTam+190.754+T	2977	4911	2.030	3.669	240	467	20.917	606.509
naif1+sTam+334.522+T	2756	5203	2.291	4.254	302	501	22.084	679.049
naif1+Tab\9e+364.856+T	4695	6201	1.267	0.338	116	245	42.563	2571.720
naif2+awTan+252.947+T	4273	4454	1.881	4.092	594	1143	5.973	57.647
naif2+awTan+299.385+T	2549	4294	2.617	6.502	437	633	12.041	252.115
naif2+balTa\?grh+312.993+T	5217	5039	0.854	0.454	198	587	15.087	292.496
naif2+balTa\?grh+40.385+T	7334	6311	0.718	-0.509	421	1420	7.628	74.922
naif2+bsaTh+197.517+T	8128	7481	0.343	-1.394	186	515	26.892	849.269
naif2+bsaTh+316.896+T	6355	6655	0.816	-0.698	185	784	14.533	274.232
naif2+fTam+154.237+T	5025	5851	1.269	0.682	518	1032	9.819	131.004
naif2+fTam+270.819+T	5129	5042	1.173	1.148	662	1330	6.163	52.468
naif2+mwaTn+15.362+T	5567	4366	1.176	2.006	656	1405	5.059	34.880
naif2+mwaTn+259.165+T	6858	6047	0.954	-0.128	401	1187	8.378	97.357
naif2+sTam+161.644+T	1915	3885	2.969	9.035	301	400	20.617	670.075
naif2+sTam+280.000+T	519	1095	12.827	188.852	402	193	24.746	1711.212
naif2+Tab\9e+242.649+T	5038	6692	1.169	-0.010	193	562	22.252	620.350
naif2+Tab\9e+306.287+T	6775	7192	0.780	-0.950	207	666	17.978	432.625
saud+awTan+382.626+T	710	1497	8.525	88.477	450	267	19.297	808.552
saud+awTan+8.675+T	2258	4873	2.756	6.530	438	721	16.424	366.182
saud+balTa\?grh+397.890+T	874	2310	6.203	41.939	376	292	25.201	1228.789
saud+balTa\?grh+42.460+T	1711	2200	3.168	17.952	491	592	6.389	70.968
saud+bsaTh+254.618+T	8192	5165	0.692	0.416	562	1659	5.827	42.443
saud+bsaTh+402.458+T	8085	4543	0.465	-0.038	1393	2498	3.050	11.031
saud+fTam+193.252+T	5985	6444	0.986	-0.166	227	791	14.173	263.997
saud+fTam+349.689+T	6473	3989	0.784	0.974	1333	2384	2.464	7.254
saud+mwaTn+335.684+T	8707	4266	0.905	0.816	1977	3181	2.121	5.178
saud+mwaTn+6.986+T	8561	3311	0.833	1.350	2657	3627	1.263	0.923
saud+sTam+204.519+T	5539	7014	0.978	-0.537	345	945	14.181	237.019
saud+sTam+359.562+T	8678	3618	0.596	1.482	1134	2597	2.938	8.905
saud+Tab\9e+312.413+T	893	1820	7.267	60.716	544	290	21.693	920.556
saud+Tab\9e+390.003+T	2654	5187	2.424	4.592	336	513	20.859	661.099
