abu+aa+44.103+awTan+	2619	2572	2547	2574	2631	2624	2501	2471	2433	2707
abu+aa+48.498+alan+	2516	2598	2641	2666	2693	2701	2575	2568	2543	2742
abu+aa+53.453+alnaSrh+	2453	2803	2769	2736	2714	2713	2715	2696	2679	2733
abu+aa+57.170+n\D-afh+	2385	2394	2400	2393	2388	2345	2468	2591	2622	2433
abu+uu+59.064+zhwr+	2462	2367	2384	2369	2342	2348	2337	2454	2476	2370
abu+aa+62.760+anfSal+	2320	2338	2338	2340	2356	2364	2437	2474	2489	2372
abu+aa+64.464+ant\D-am+	2431	2506	2624	2712	2663	2502	2428	2405	2352	2239
abu+uu+65.957+fDwl+	2524	2548	2563	2559	2539	2487	2439	2433	2424	2478
abu+aa+67.624+msa\9edh+	2477	2596	2408	2339	2331	2349	2348	2317	2287	2353
abu+uu+70.714+awtwbys+	2457	2465	2475	2456	2464	2490	2539	2602	2641	2534
abu+uu+70.890+awtwbys+	2434	2407	2385	2370	2357	2360	2338	2286	2263	2366
abu+ii+71.016+awtwbys+	2254	2283	2429	2448	2443	2433	2485	2584	2668	2439
abu+ii+78.673+rtyb+	2633	2673	2687	2647	2557	2436	2342	2277	2240	2284
abu+aa+87.188+Samt+	2508	2538	2568	2573	2583	2610	2574	2533	2514	2696
abu+aa+88.554+Tab\9e+	2606	2649	2642	2615	2574	2510	2478	2501	2487	2429
abu+aa+90.782+balTa\?grh+	2574	2578	2590	2598	2593	2585	2573	2558	2542	2576
abu+aa+92.214+tab+	2515	2500	2480	2461	2453	2414	2425	2429	2420	2365
abu+aa+94.542+ratb+	2577	2495	2462	2408	2375	2367	2376	2426	2465	2340
abu+ii+101.131+thmymh+	2438	2469	2511	2521	2509	2442	2351	2280	2209	2378
abu+ii+107.395+thmymh+	2557	2579	2584	2583	2570	2565	2534	2479	2435	2552
abu+aa+120.068+raTy+	2403	2409	2440	2457	2461	2465	2459	2453	2465	2473
abu+ii+120.314+raTy+	2466	2489	2520	2543	2566	2588	2611	2730	2810	2579
abu+ii+123.934+hy+	2646	2683	2716	2734	2752	2759	2763	2736	2710	2760
abu+aa+125.408+rDa\?g+	2645	2721	2728	2714	2685	2645	2589	2573	2560	2608
abu+ii+126.780+rTyb+	2539	2548	2579	2591	2567	2503	2478	2416	2426	2422
abu+uu+132.796+stwr+	2380	2334	2305	2285	2278	2294	2322	2413	2440	2349
abu+ii+134.559+sdyd+	2485	2533	2579	2605	2607	2590	2553	2509	2485	2566
abu+aa+135.839+maDn+	2683	2781	2732	2655	2589	2557	2542	2564	2568	2543
abu+aa+136.915+maD+	2642	2641	2619	2591	2578	2560	2556	2569	2575	2537
abu+ii+140.332+nDyf+	2606	2603	2598	2608	2594	2577	2598	2616	2661	2513
abu+ii+144.533+nDyf+	2612	2621	2606	2594	2560	2538	2603	2776	2812	2503
abu+uu+156.684+hw+	2491	2502	2498	2507	2528	2543	2551	2547	2547	2565
abu+ii+158.181+w\D-yfh+	2574	2521	2524	2552	2564	2648	2660	2683	2688	2548
abu+ii+159.873+mTyh+	2567	2598	2647	2702	2765	2771	2730	2683	2661	2787
abu+aa+161.904+bsaTh+	2402	2409	2419	2417	2410	2397	2384	2384	2397	2379
abu+aa+170.141+mtwaSl+	2500	2508	2475	2485	2473	2474	2693	2809	2852	2447
abu+uu+171.595+sTwr+	2536	2515	2526	2526	2508	2474	2455	2452	2446	2412
abu+uu+175.313+mSwl+	2697	2660	2619	2575	2547	2519	2526	2460	2440	2522
abu+uu+195.517+smwT+	2907	2714	2851	2830	2814	2888	2883	2840	2835	2844
abu+ii+205.247+tlyfwn+	2434	2459	2494	2508	2506	2458	2426	2441	2450	2446
abu+uu+206.268+fTwr+	2527	2547	2534	2523	2478	2447	2447	2468	2472	2447
abu+aa+207.491+naDr+	2672	2662	2606	2586	2569	2540	2534	2525	2515	2493
abu+uu+228.519+fTwr+	2536	2525	2486	2449	2421	2317	2416	2493	2508	2131
abu+ii+238.516+n\D-yf+	2569	2576	2599	2608	2584	2539	2541	2701	2738	2469
abu+aa+243.333+mwa\D-bh+	2523	2501	2509	2515	2500	2472	2455	2441	2431	2430
abu+aa+245.548+Tab+	2434	2448	2431	2411	2386	2352	2375	2373	2374	2315
abu+aa+248.615+Tabh+	2540	2535	2536	2540	2523	2503	2476	2452	2433	2487
abu+uu+256.195+Smwt+	2632	2651	2714	2675	2648	2621	2585	2552	2521	2650
abu+aa+263.887+mna\D-r+	2649	2489	2422	2414	2428	2421	2427	2438	2435	2374
abu+uu+267.229+wDw\?g+	2533	2557	2577	2607	2640	2669	2696	2674	2671	2680
abu+ii+268.392+wsyTh+	2429	2434	2419	2413	2418	2427	2399	2379	2433	2476
abu+aa+269.728+faSl+	2358	2391	2441	2483	2493	2531	2575	2614	2635	2495
abu+ii+271.917+w\D-y\?g+	2600	2582	2581	2600	2630	2692	2685	2680	2668	2845
abu+ii+280.107+wDyh+	2422	2428	2436	2448	2454	2445	2442	2478	2551	2424
abu+uu+286.446+aSwl+	2594	2603	2594	2602	2574	2518	2472	2448	2427	2428
abu+aa+288.000+fTam+	2524	2572	2597	2597	2579	2451	2412	2394	2361	2247
abu+aa+289.654+alfDa\?g+	2543	2573	2577	2571	2563	2554	2544	2528	2524	2549
abu+aa+290.796+ktab+	2494	2450	2456	2446	2429	2402	2354	2376	2370	2390
abu+aa+291.883+maDr+	2694	2720	2616	2562	2564	2568	2577	2583	2580	2582
abu+aa+297.715+naDl+	2822	2806	2753	2657	2559	2496	2514	2508	2511	2391
abu+aa+298.914+naDl+	2287	2303	2478	2505	2426	2377	2400	2419	2565	2273
abu+aa+299.441+naDl+	2353	2376	2416	2543	2571	2540	2512	2502	2499	2505
abu+aa+301.100+naDl+	2577	2632	2651	2662	2664	2680	2729	2721	2708	2663
abu+aa+302.727+at\9eab+	2256	2234	2239	2227	2199	2189	2209	2253	2265	2161
abu+ii+304.419+mSyr+	2499	2578	2663	2674	2590	2495	2584	2597	2605	2290
abu+ii+308.024+mSyr+	2489	2497	2519	2501	2485	2442	2407	2375	2351	2382
abu+ii+314.639+mSyr+	2354	2378	2357	2335	2315	2317	2367	2417	2401	2322
abu+aa+319.923+rTanh+	2482	2500	2482	2450	2446	2476	2500	2516	2535	2545
abu+ii+321.044+mTyr+	2474	2476	2495	2499	2468	2437	2553	2656	2688	2366
abu+ii+330.965+w\D-yf+	2467	2504	2574	2614	2604	2600	2607	2759	2831	2514
abu+aa+332.793+mlabs+	2390	2375	2383	2388	2381	2346	2319	2269	2261	2305
abu+aa+334.101+tab\9e+	2611	2555	2508	2471	2433	2378	2353	2391	2382	2327
abu+aa+335.404+mwaTn+	2469	2445	2461	2482	2509	2520	2527	2560	2567	2545
abu+ii+336.828+h\D-ym+	2494	2526	2599	2663	2694	2639	2549	2545	2515	2605
abu+uu+340.265+mh\D-wm+	2689	2732	2802	2773	2679	2600	2540	2473	2459	2548
abu+ii+345.927+s\9eyd+	2463	2559	2631	2617	2593	2558	2570	2543	2536	2476
abu+ii+347.153+nSyb+	2632	2640	2662	2655	2598	2504	2525	2530	2523	2328
abu+aa+348.420+antSar+	2471	2453	2425	2423	2421	2436	2494	2524	2544	2456
abu+ii+349.738+fTyrh+	2551	2563	2564	2545	2510	2496	2500	2467	2461	2460
abu+aa+353.406+wsTy+	2590	2584	2587	2609	2645	2666	2736	2760	2768	2679
abu+aa+357.331+njtryh+	2728	2722	2651	2579	2542	2561	2591	2646	2667	2623
abu+aa+371.942+balTa\?grh+	2543	2561	2554	2539	2514	2499	2488	2478	2476	2494
abu+aa+374.105+naDl+	2395	2552	2582	2564	2536	2490	2445	2436	2426	2466
abu+aa+375.417+mtwaSl+	2358	2339	2372	2416	2415	2422	2448	2553	2688	2446
abu+aa+376.524+mlabs+	2433	2451	2423	2410	2403	2302	2218	2208	2201	2207
abu+ii+380.029+nSyb+	2457	2575	2639	2654	2591	2454	2532	2521	2517	2316
abu+uu+382.410+zhwr+	2433	2316	2310	2302	2274	2267	2309	2306	2315	2198
abu+aa+384.487+naDr+	2651	2643	2648	2622	2566	2501	2473	2551	2554	2419
abu+aa+385.806+maDr+	2310	2464	2550	2619	2570	2516	2490	2472	2464	2446
abu+aa+387.116+fTam+	2429	2470	2485	2539	2552	2431	2370	2332	2277	2229
abu+ii+388.405+wsyTh+	2448	2452	2444	2435	2425	2524	2612	2644	2640	2532
abu+ii+389.968+S\9eyd+	2588	2716	2717	2673	2596	2563	2522	2576	2578	2599
abu+aa+391.010+maDn+	2706	2833	2789	2733	2666	2624	2611	2587	2583	2564
abu+uu+392.248+awtwbys+	2418	2415	2405	2415	2420	2456	2508	2552	2607	2505
abu+uu+392.423+awtwbys+	2382	2359	2340	2327	2308	2283	2240	2190	2319	2260
abu+ii+392.555+awtwbys+	2420	2457	2487	2501	2500	2494	2543	2615	2646	2465
abu+uu+395.218+mSwl+	2679	2618	2701	2694	2578	2515	2450	2443	2465	2635
abu+aa+397.919+ant\D-am+	2518	2606	2688	2748	2758	2716	2653	2625	2596	2563
abu+ii+399.077+wDy\?g+	2558	2543	2539	2539	2542	2582	2557	2554	2552	2535
abu+ii+402.451+mSyr+	2381	2446	2487	2487	2436	2391	2515	2572	2606	2307
abu+ii+403.945+mTyr+	2424	2459	2492	2485	2439	2384	2429	2525	2553	2330
abu+aa+406.026+msa\9edh+	2413	2399	2391	2368	2317	2282	2246	2212	2184	2249
abu+ii+407.481+nDyf+	2482	2524	2571	2582	2546	2477	2606	2759	2793	2373
abu+uu+409.590+wDw\?g+	2381	2428	2426	2475	2501	2506	2506	2509	2518	2493
abu+uu+409.798+wDw\?g+	2626	2635	2655	2681	2706	2714	2709	2703	2699	2726
abu+ii+410.969+rtyb+	2681	2749	2847	2855	2661	2455	2325	2365	2355	2176
abu+aa+412.205+anfSal+	2431	2425	2437	2450	2451	2431	2415	2407	2400	2418
abu+aa+414.363+sTam+	2517	2518	2540	2613	2647	2635	2588	2567	2550	2583
abu+ii+417.237+w\D-yf+	2496	2505	2516	2542	2531	2490	2485	2694	2720	2435
abu+ii+419.887+fTyrh+	2413	2412	2442	2451	2429	2402	2458	2424	2412	2333
abu+aa+421.328+alfDa\?g+	2445	2459	2444	2440	2438	2432	2427	2434	2435	2425
abu+aa+424.045+Tab\9e+	2553	2524	2531	2507	2468	2377	2286	2243	2206	2281
abu+aa+425.626+tab+	2507	2497	2491	2485	2456	2381	2322	2297	2274	2307
abu+aa+432.963+ratb+	2336	2353	2374	2386	2393	2389	2385	2414	2416	2400
abu+aa+435.560+rDa\?g+	2574	2595	2585	2566	2548	2531	2511	2509	2507	2509
abu+uu+437.914+sTwr+	2502	2446	2410	2388	2376	2368	2359	2413	2423	2226
abu+ii+439.574+raTy+	2424	2443	2462	2481	2500	2550	2687	2688	2686	2541
abu+aa+442.633+tab\9e+	2542	2524	2466	2443	2397	2334	2307	2278	2261	2240
abu+uu+444.185+smwt+	2585	2552	2487	2506	2526	2628	2612	2540	2501	2642
abu+aa+449.530+n\D-afh+	2576	2608	2596	2572	2550	2523	2524	2556	2566	2503
abu+ii+452.067+rTyb+	2542	2553	2551	2524	2483	2436	2415	2487	2491	2316
abu+aa+454.582+rTanh+	2542	2540	2555	2597	2641	2636	2574	2557	2542	2697
abu+aa+495.964+nmal+	2390	2476	2554	2543	2507	2471	2448	2456	2453	2458
abu+aa+498.261+alan+	2479	2486	2501	2538	2587	2619	2612	2603	2590	2700
abu+ii+500.148+hDym+	2489	2541	2613	2660	2678	2607	2500	2461	2421	2585
abu+aa+503.245+Samt+	2489	2499	2508	2521	2527	2471	2431	2396	2355	2345
abu+aa+504.627+antSar+	2497	2480	2451	2433	2412	2403	2408	2445	2453	2371
abu+aa+505.492+Tab+	2555	2568	2576	2565	2551	2526	2500	2479	2465	2510
abu+aa+506.708+mwa\D-bh+	2828	2740	2673	2612	2570	2524	2494	2475	2464	2477
abu+aa+508.167+alnaSrh+	2683	2705	2687	2647	2604	2553	2708	2688	2755	2490
abu+uu+509.760+Smwt+	2887	2863	2837	2805	2744	2690	2731	2856	2859	2630
abu+ii+512.183+thmymh+	2541	2588	2703	2764	2647	2484	2352	2243	2184	2242
abu+ii+513.691+mTyh+	2506	2553	2637	2745	2797	2761	2678	2607	2582	2716
abu+aa+516.071+awTan+	2528	2567	2639	2706	2705	2672	2629	2609	2599	2651
abu+aa+517.281+mna\D-r+	2779	2784	2716	2644	2587	2539	2524	2512	2507	2476
abu+uu+518.516+smwT+	2692	2782	2704	2757	2824	2821	2757	2687	2656	2722
abu+ii+519.664+w\D-yfh+	2470	2448	2453	2462	2466	2429	2471	2524	2571	2405
abu+uu+522.201+fTwr+	2493	2486	2481	2468	2466	2455	2466	2509	2514	2424
abu+ii+523.561+s\9eyd+	2533	2594	2542	2500	2446	2413	2662	2778	2841	2297
abu+ii+525.978+hy+	2610	2625	2652	2683	2713	2697	2645	2602	2582	2688
abu+ii+527.211+n\D-yf+	2482	2487	2535	2559	2532	2488	2557	2588	2605	2367
abu+ii+528.248+tlyfwn+	2413	2429	2463	2473	2455	2440	2453	2632	2833	2405
abu+uu+528.462+tlyfwn+	2247	2358	2409	2419	2463	2496	2510	2522	2526	2553
abu+aa+529.509+faSl+	2491	2402	2422	2458	2459	2573	2737	2792	2846	2441
abu+aa+533.488+bsaTh+	2415	2430	2438	2438	2421	2414	2419	2441	2452	2389
abu+uu+534.852+stwr+	2364	2371	2324	2263	2241	2262	2365	2410	2445	2345
abu+uu+536.192+aSwl+	2440	2388	2352	2319	2300	2368	2368	2379	2404	2595
abu+aa+537.458+ktab+	2432	2431	2424	2417	2403	2368	2367	2352	2344	2308
abu+aa+538.766+mwaTn+	2590	2584	2583	2549	2506	2476	2448	2455	2469	2461
abu+uu+539.925+hw+	2528	2449	2409	2421	2435	2434	2451	2462	2469	2433
abu+uu+541.308+fDwl+	2486	2500	2495	2466	2428	2402	2381	2366	2363	2418
abu+ii+542.572+sdyd+	2496	2601	2674	2671	2597	2529	2539	2651	2671	2425
abu+aa+548.671+maDn+	2367	2690	2667	2659	2664	2634	2618	2600	2590	2603
abu+ii+551.177+n\D-yf+	2503	2473	2495	2520	2510	2426	2430	2464	2458	2357
abu+ii+552.258+nSyb+	2495	2498	2528	2518	2478	2434	2477	2517	2524	2330
abu+ii+553.561+rtyb+	2549	2616	2615	2564	2463	2349	2329	2361	2357	2205
abu+aa+557.383+bsaTh+	2459	2462	2487	2462	2430	2388	2376	2380	2373	2332
abu+ii+558.732+wsyTh+	2355	2367	2361	2344	2325	2315	2302	2268	2248	2305
abu+uu+561.408+zhwr+	2400	2322	2366	2358	2358	2399	2523	2586	2621	2527
abu+aa+562.626+naDr+	2808	2784	2741	2702	2663	2626	2595	2579	2568	2584
abu+aa+563.915+fTam+	2487	2498	2532	2575	2592	2491	2440	2421	2385	2257
abu+ii+566.122+s\9eyd+	2702	2708	2673	2666	2586	2558	2627	2692	2718	2415
abu+ii+567.120+S\9eyd+	2515	2599	2612	2591	2529	2446	2517	2630	2655	2336
abu+uu+568.071+awtwbys+	2403	2434	2447	2461	2461	2500	2510	2641	2652	2588
abu+uu+568.218+awtwbys+	2364	2340	2353	2332	2282	2224	2156	2085	2026	2173
abu+ii+568.378+awtwbys+	2293	2409	2491	2532	2545	2532	2535	2571	2576	2507
abu+ii+570.315+hy+	2698	2730	2772	2805	2788	2731	2665	2600	2548	2659
abu+ii+572.199+wDy\?g+	2500	2528	2602	2656	2701	2704	2686	2675	2665	2693
abu+ii+573.083+mTyr+	2509	2529	2581	2595	2555	2483	2508	2535	2539	2395
abu+ii+576.529+mTyh+	2542	2729	2853	2879	2865	2800	2703	2650	2613	2741
abu+aa+577.813+ktab+	2418	2406	2408	2406	2394	2352	2390	2386	2385	2282
abu+ii+580.362+mSyr+	2476	2530	2571	2577	2532	2488	2575	2578	2595	2397
abu+aa+581.420+msa\9edh+	2440	2429	2429	2414	2383	2361	2336	2313	2303	2352
abu+uu+582.862+smwT+	2740	2704	2692	2707	2736	2736	2682	2625	2598	2749
abu+aa+583.997+nDl+	2749	2802	2771	2718	2670	2632	2602	2581	2573	2584
abu+aa+585.009+Tab\9e+	2541	2574	2565	2541	2497	2415	2345	2331	2306	2298
abu+uu+587.170+wDw\?g+	2453	2481	2526	2554	2576	2582	2640	2685	2697	2577
abu+uu+587.381+wDw\?g+	2605	2624	2628	2635	2641	2643	2648	2625	2618	2634
abu+aa+588.443+anfSal+	2445	2458	2475	2468	2455	2441	2420	2419	2417	2439
abu+aa+589.561+tab\9e+	2490	2503	2445	2393	2359	2298	2270	2289	2279	2232
abu+aa+591.624+sTam+	2242	2776	2739	2833	2940	2924	2760	2656	2570	2540
abu+aa+594.586+maDr+	2569	2482	2763	2818	2782	2723	2684	2623	2591	2660
abu+uu+595.683+fDwl+	2596	2594	2604	2698	2634	2536	2465	2412	2377	2348
abu+aa+596.775+balTa\?grh+	2542	2566	2579	2573	2564	2551	2533	2523	2519	2549
abu+aa+599.023+awTan+	2567	2613	2648	2674	2671	2640	2614	2605	2597	2678
abu+uu+599.814+sTwr+	2517	2542	2625	2640	2621	2568	2594	2584	2585	2520
abu+ii+601.148+fTyrh+	2482	2501	2514	2507	2504	2500	2494	2479	2472	2503
abu+aa+604.128+alan+	2668	2805	2818	2723	2691	2666	2642	2633	2622	2672
abu+aa+606.023+mlabs+	2413	2457	2441	2502	2527	2549	2505	2540	2548	2584
abu+aa+607.812+nmal+	2605	2717	2582	2572	2536	2497	2430	2417	2428	2387
abu+aa+609.533+n\D-afh+	2672	2656	2658	2599	2550	2528	2482	2500	2529	2587
abu+aa+610.416+rDa\?g+	2666	2695	2656	2632	2609	2589	2600	2599	2602	2567
abu+aa+611.110+Samt+	2417	2409	2441	2551	2733	2656	2591	2541	2475	2543
abu+aa+613.209+raTy+	2573	2541	2569	2583	2567	2546	2530	2505	2499	2543
abu+ii+613.541+raTy+	2474	2494	2586	2637	2648	2634	2624	2598	2596	2611
abu+uu+614.422+fTwr+	2611	2569	2534	2504	2484	2449	2461	2476	2478	2423
abu+uu+615.871+smwt+	2546	2570	2440	2454	2514	2522	2543	2556	2546	2472
abu+uu+617.074+Smwt+	2827	2859	2826	2759	2726	2709	2688	2691	2669	2744
abu+uu+618.190+Smwt+	2845	2794	2743	2704	2679	2663	2702	2737	2765	2644
abu+ii+619.834+rTyb+	2561	2576	2668	2734	2806	2738	2641	2683	2651	2584
abu+aa+621.596+faSl+	2320	2331	2329	2321	2340	2352	2427	2514	2539	2349
abu+ii+622.519+w\D-yf+	2509	2462	2497	2617	2591	2532	2625	2616	2625	2325
abu+aa+623.512+ant\D-am+	2645	2755	2764	2769	2766	2671	2623	2595	2568	2481
abu+uu+625.655+stwr+	2211	2151	2153	2130	2139	2139	2208	2302	2326	2118
abu+ii+626.812+hw(hy)+	2473	2500	2596	2633	2629	2599	2509	2422	2391	2599
abu+aa+627.830+rTanh+	2496	2582	2648	2703	2725	2733	2711	2717	2721	2778
abu+ii+628.720+nDym+	2645	2645	2682	2737	2753	2770	2641	2647	2628	2767
abu+ii+629.720+sdyd+	2596	2655	2701	2675	2614	2551	2542	2632	2644	2471
abu+aa+631.536+Tab+	2467	2499	2507	2492	2480	2454	2431	2423	2416	2416
abu+aa+633.039+antSar+	2457	2495	2506	2488	2472	2484	2574	2632	2666	2506
abu+aa+633.989+alnaSrh+	2717	2734	2704	2636	2576	2570	2580	2627	2665	2722
abu+uu+634.988+aSwl+	2624	2586	2601	2621	2613	2608	2549	2531	2522	2667
abu+ii+636.248+thmymh+	2611	2693	2715	2702	2676	2642	2588	2504	2450	2596
abu+aa+637.146+tab+	2724	2500	2487	2480	2446	2390	2378	2334	2321	2346
abu+ii+638.818+nDyf+	2633	2631	2663	2689	2627	2561	2564	2607	2606	2499
abu+aa+639.558+mwaTn+	2766	2764	2755	2738	2608	2538	2457	2434	2433	2429
abu+aa+640.753+mna\D-r+	2212	3274	3111	2902	2779	2690	2639	2595	2575	2603
abu+aa+641.672+alfDa\?g+	2428	2431	2440	2464	2484	2515	2544	2553	2564	2580
abu+ii+644.733+Sdyd+	2478	2578	2584	2574	2510	2461	2437	2429	2421	2398
abu+uu+646.447+mSwl+	2531	2469	2437	2415	2414	2398	2368	2369	2369	2443
abu+ii+647.455+tlyfwn+	2367	2427	2489	2511	2472	2405	2398	2459	2776	2256
abu+uu+647.645+tlyfwn+	2319	2383	2348	2291	2232	2276	2294	2252	2263	2263
abu+ii+649.195+w\D-yfh+	2389	2352	2546	2776	2696	2620	2539	2486	2494	2483
abu+aa+678.137+ba\?g+	2298	2374	2389	2396	2410	2419	2444	2453	2458	2426
abu+aa+680.043+ta\?g+	2581	2510	2493	2491	2501	2517	2571	2596	2612	2533
abu+aa+681.177+\tfa\?g+	2389	2405	2449	2481	2498	2501	2517	2532	2536	2504
abu+ii+682.400+jym+	2827	2942	2889	2847	2812	2715	2567	2502	2448	2741
abu+aa+683.473+Ha\?g+	2299	2337	2324	2323	2346	2372	2427	2449	2464	2399
abu+aa+684.740+xa\?g+	2309	2269	2289	2298	2305	2319	2375	2425	2444	2326
abu+aa+685.722+dal+	2457	2526	2490	2463	2459	2446	2428	2423	2416	2466
abu+aa+686.809+\dhal+	2464	2475	2467	2466	2470	2456	2437	2433	2426	2461
abu+ii+690.111+syn+	2593	2774	2847	2843	2830	2750	2662	2626	2585	2703
abu+ii+691.095+\shyn+	2771	2815	2845	2848	2843	2770	2722	2698	2651	2704
abu+aa+692.784+Sad+	2506	2490	2498	2516	2533	2577	2632	2651	2668	2590
abu+aa+693.998+Dad+	2611	2593	2598	2610	2651	2701	2719	2737	2746	2839
abu+aa+694.931+Ta\?g+	2531	2506	2521	2510	2506	2523	2541	2559	2577	2534
abu+aa+696.157+\D-a\?g+	2490	2518	2538	2576	2635	2708	2746	2772	2790	2821
abu+aa+701.156+lam+	2415	2441	2449	2490	2530	2518	2472	2463	2444	2564
abu+ii+701.886+mym+	2766	2839	2860	2847	2804	2664	2505	2451	2379	2520
abu+aa+702.580+ha\?g+	2713	2518	2503	2511	2539	2606	2664	2687	2711	2678
abu+uu+703.514+nwn+	2733	2741	2572	2458	2440	2513	2573	2660	2733	2679
abu+aa+705.032+ha\?g+	2505	2148	2186	2419	2491	2505	2526	2541	2548	2545
alohali+uu+20.756+aSwl+	2581	2652	2655	2667	2647	2623	2614	2635	2634	2580
alohali+aa+26.785+mwaTn+	3224	3168	3039	2997	2914	2864	2857	2807	2880	2656
alohali+aa+30.173+awTan+	2887	2858	2980	3031	2743	2398	2170	2030	1857	1848
alohali+aa+32.855+HaDr+	2601	2678	2732	2695	2628	2624	2682	2729	2751	2605
alohali+aa+52.177+maD+	3102	3098	3101	3078	3029	2940	2899	2876	2847	2804
alohali+aa+64.025+alfDa\?g+	2874	2854	2873	2885	2888	2905	2930	2916	2946	2929
alohali+aa+69.753+baS+	2495	2590	2614	2612	2609	2613	2643	2704	2723	2621
alohali+aa+73.018+antSar+	2488	2503	2559	2591	2567	2534	2642	2661	2681	2470
alohali+aa+75.733+ratb+	2250	2387	2552	2636	2671	2656	2656	2655	2674	2528
alohali+uu+78.583+fTwr+	2811	2782	2760	2736	2665	2624	2619	2568	2562	2568
alohali+aa+81.659+wasTh+	3254	2902	2879	2871	2784	2722	2778	2825	2832	2548
alohali+aa+86.366+Tbabh+	2507	2506	2465	2491	2532	2539	2535	2521	2514	2525
alohali+aa+89.883+anfSal+	2532	2555	2585	2603	2606	2612	2610	2694	2702	2609
alohali+ii+94.027+hy+	2795	2758	2778	2845	2936	3012	3060	3069	3063	3094
alohali+uu+102.072+wDw\?g+	2796	2804	2817	2812	2797	2789	2754	2779	2772	2775
alohali+aa+105.671+tab+	2745	2631	2524	2559	2591	2579	2594	2606	2609	2606
alohali+ii+108.801+tlyfwn+	2296	2350	2339	2339	2329	2332	2350	2462	2645	2322
alohali+uu+108.950+tlyfwn+	2355	2388	2307	2160	2043	1981	1947	1983	2111	1920
alohali+ii+113.054+qDyb+	2638	2653	2659	2666	2679	2638	2597	2603	2593	2650
alohali+ii+116.032+jzyrh+	2460	2513	2494	2502	2463	2421	2372	2304	2305	2400
alohali+aa+121.942+rDa\?g+	2766	2815	2842	2840	2820	2782	2770	2755	2750	2727
alohali+uu+125.647+zhwr+	1976	2097	2190	2356	2443	2500	2471	2454	2444	2452
alohali+aa+129.865+alnaSrh+	3287	3228	3049	2529	2299	2415	2606	2787	2978	2973
alohali+aa+133.710+n\D-afh+	2324	2717	2730	2734	2719	2672	2711	2738	2740	2580
alohali+aa+136.845+ant\D-am+	2679	2721	2799	2896	3029	3132	2949	2725	2591	3239
alohali+ii+139.800+w\D-yfh+	2520	2577	2568	2531	2472	2392	2451	2515	2558	2133
alohali+aa+149.451+mwa\D-bh+	2999	3002	3014	2975	2933	2843	2756	2671	2569	2747
alohali+aa+153.036+tab\9e+	2733	2632	2588	2566	2543	2476	2462	2450	2425	2350
alohali+aa+156.743+mna\D-r+	2699	2339	2289	2850	3000	2851	2775	2732	2710	2438
alohali+aa+158.560+mna\D-r+	3011	3160	3150	3123	3073	3011	2969	2929	2914	2952
alohali+uu+169.641+sTwr+	2714	2724	2693	2667	2621	2576	2551	2513	2502	2472
alohali+ii+173.879+wsyTh+	2496	2442	2481	2500	2496	2480	2482	2512	2551	2448
alohali+ii+176.952+n\D-yf+	2626	2579	2570	2580	2562	2486	2536	2657	2675	2226
alohali+ii+182.320+mTyh+	2602	2607	2606	2605	2608	2614	2578	2594	2635	2640
alohali+uu+188.628+\shrwT+	2258	2397	2455	2497	2545	2566	2573	2590	2591	2589
alohali+aa+191.555+mtwaSl+	2465	2480	2524	2550	2531	2530	2606	2644	2667	2450
alohali+ii+194.524+nSyb+	2555	2549	2546	2554	2551	2546	2582	2589	2622	2519
alohali+uu+199.479+ftwr+	2287	2280	2298	2323	2334	2339	2319	2359	2361	2336
alohali+uu+202.185+fDwl+	2719	2775	2729	2682	2645	2572	2506	2500	2483	2491
alohali+ii+211.451+yTyr+	2689	2636	2633	2617	2567	2500	2540	2523	2523	2360
alohali+aa+226.025+Tab\9e+	2810	2723	2890	2870	2787	2689	2551	2477	2414	2553
alohali+aa+231.625+faSl+	2484	2574	2629	2659	2640	2603	2581	2690	2746	2539
alohali+aa+234.585+alan+	2501	2521	2650	2512	2539	2635	2501	2548	2539	2980
alohali+ii+237.829+fTyrh+	2574	2578	2559	2547	2483	2386	2314	2254	2229	2263
alohali+uu+240.659+hw+	2019	2126	2132	2123	2110	2077	2094	2127	2129	2012
alohali+aa+247.386+Samt+	2803	3046	3025	3012	3011	2810	2575	2383	2286	2767
alohali+aa+249.856+maDy+	3383	2709	1937	1884	2165	2364	2534	2672	2670	2495
alohali+ii+253.102+mtwDy\?g+	2538	2384	2449	2501	2485	2468	2460	2476	2520	2470
alohali+aa+256.232+fTam+	2582	2680	2816	2957	3014	3036	2735	2531	2453	3042
alohali+uu+259.185+skwt+	2170	2152	2236	2242	2237	2281	2316	2405	2433	2378
alohali+aa+272.129+sTam+	2541	2637	2777	2830	2690	2437	2281	2190	2095	2128
alohali+ii+275.285+mSyr+	2270	2307	2403	2455	2434	2352	2476	2652	2687	2226
alohali+aa+278.693+bsaTh+	2275	2473	2499	2508	2516	2521	2533	2551	2603	2505
alohali+aa+281.530+mlabs+	2596	2516	2492	2490	2475	2466	2468	2431	2427	2418
alohali+aa+287.721+ktab+	2444	2456	2440	2377	2286	2250	2313	2402	2431	2093
alohali+aa+290.600+naDj+	3127	3113	3103	3077	3034	2950	2888	2862	2839	2825
alohali+ii+293.627+sdyd+	2561	2644	2701	2666	2610	2576	2564	2559	2563	2543
alohali+ii+297.454+wsyTh+	2389	2433	2463	2469	2452	2419	2422	2429	2448	2328
alohali+uu+300.259+aSwl+	2615	2591	2587	2564	2489	2453	2432	2453	2457	2390
alohali+ii+302.856+w\D-yfh+	2576	2472	2422	2425	2451	2447	2489	2493	2494	2404
alohali+ii+305.449+S\9eyd+	2726	2806	2830	2804	2733	2673	2637	2634	2629	2580
alohali+aa+310.870+mwaTn+	3218	3208	3140	3086	3032	2997	2965	2869	2849	2956
alohali+aa+313.167+HaDr+	2587	2602	2635	2635	2585	2574	2576	2583	2586	2572
alohali+aa+315.730+faSl+	2336	2400	2446	2489	2513	2530	2543	2669	2690	2537
alohali+aa+318.535+naDj+	3303	3239	3186	3132	3043	2982	2944	2913	2925	2855
alohali+aa+326.014+fTam+	2709	2852	3032	3080	3088	3096	2839	2669	2579	3107
alohali+aa+331.907+n\D-afh+	2731	2707	2731	2722	2706	2659	2654	2761	2772	2611
alohali+aa+334.969+alnaSrh+	2274	3231	3208	3163	3104	3041	3016	3037	3144	2936
alohali+aa+340.557+sTam+	2759	2863	2995	2925	2934	2679	2443	2329	2219	2028
alohali+uu+343.483+fDwl+	2709	2707	2694	2706	2696	2617	2529	2479	2448	2527
alohali+aa+352.086+alfDa\?g+	2781	2804	2820	2802	2795	2779	2806	2819	2809	2767
alohali+aa+357.721+ktab+	2568	2572	2556	2516	2478	2450	2464	2502	2503	2405
alohali+ii+360.300+tlyfwn+	2458	2398	2348	2337	2296	2242	2264	2293	2327	2144
alohali+uu+360.462+tlyfwn+	2199	2234	2204	2181	2170	2117	2106	2180	2262	2031
alohali+ii+363.461+mSyr+	2575	2636	2654	2632	2589	2563	2678	2721	2745	2428
alohali+aa+368.898+mlabs+	2572	2355	2357	2374	2377	2384	2327	2298	2284	2336
alohali+aa+371.639+alan+	2832	2999	3070	3070	2937	2823	2704	2628	2647	3020
alohali+aa+373.561+baS+	2594	2669	2721	2713	2738	2763	2838	2946	2982	2825
alohali+aa+375.755+ratb+	2329	2362	2463	2519	2550	2574	2578	2592	2594	2609
alohali+aa+378.541+wasTh+	2758	2760	2780	2768	2764	2718	2738	2767	2761	2674
alohali+aa+381.983+anfSal+	2554	2551	2556	2567	2607	2646	2669	2698	2703	2695
alohali+ii+389.066+yTyr+	2757	2712	2707	2697	2681	2669	2753	2795	2813	2606
alohali+uu+391.437+wDw\?g+	2784	2771	2815	2809	2792	2779	2756	2785	2785	2738
alohali+aa+398.132+tab+	2605	2567	2554	2435	2336	2354	2463	2572	2610	2294
alohali+ii+400.818+qDyb+	2518	2542	2621	2683	2677	2595	2550	2522	2509	2425
alohali+uu+407.320+zhwr+	2261	2054	2374	2510	2558	2585	2620	2622	2631	2600
alohali+aa+410.305+bsaTh+	2601	2618	2606	2611	2598	2612	2613	2659	2682	2612
alohali+aa+415.279+ant\D-am+	2758	2795	2852	2941	3048	3081	2742	2471	2370	3178
alohali+aa+426.660+antSar+	2526	2504	2533	2551	2559	2551	2556	2653	2677	2585
alohali+uu+429.063+skwt+	2322	2387	2405	2407	2426	2461	2472	2505	2516	2515
alohali+aa+431.955+rDa\?g+	2778	2836	2845	2817	2754	2759	2755	2722	2703	2856
alohali+aa+435.262+tab\9e+	2508	2533	2474	2455	2419	2392	2349	2268	2238	2339
alohali+aa+438.154+msa\9edh+	2573	2402	2414	2441	2430	2433	2438	2448	2454	2451
alohali+uu+444.543+sTwr+	2677	2720	2729	2711	2676	2590	2533	2458	2427	2471
alohali+uu+447.687+hw+	2195	2325	2476	2509	2514	2496	2434	2421	2424	2509
alohali+ii+450.642+n\D-yf+	2583	2565	2540	2498	2480	2454	2488	2613	2633	2432
alohali+ii+459.627+jzyrh+	2582	2596	2609	2565	2530	2501	2490	2488	2483	2481
alohali+uu+465.313+ftwr+	2382	2410	2464	2509	2524	2501	2465	2460	2447	2414
alohali+uu+468.024+\shrwT+	2444	2523	2590	2648	2678	2700	2784	2855	2943	2672
alohali+aa+470.219+mtwaSl+	2637	2772	2839	2847	2821	2803	2987	3144	3216	2835
alohali+aa+473.493+Tbabh+	2494	2494	2492	2472	2457	2433	2441	2440	2439	2416
alohali+aa+477.082+mna\D-r+	3212	3176	3182	3142	3072	3005	2959	2867	2843	2904
alohali+ii+481.210+nSyb+	2517	2527	2541	2560	2563	2510	2491	2482	2468	2437
alohali+aa+484.156+Samt+	2410	2527	2669	2788	2884	2581	2378	2221	2110	2243
alohali+uu+491.848+fTwr+	2822	2822	2821	2815	2739	2649	2566	2489	2458	2452
alohali+ii+493.975+hy+	2711	2745	2740	2782	2828	2876	2867	2882	2866	2935
alohali+aa+499.356+mwa\D-bh+	2092	1851	2047	2656	3022	2757	2542	2490	2469	2431
alohali+aa+502.158+Tab\9e+	2622	2658	2755	2769	2706	2648	2622	2586	2576	2568
alohali+ii+507.290+fTyrh+	2707	2650	2644	2629	2593	2543	2497	2453	2432	2490
alohali+aa+509.826+maDy+	3246	3176	3082	3013	2940	2874	2831	2901	2936	2738
alohali+ii+510.033+maDy+	2896	2904	2852	2712	2612	2544	2539	2521	2647	2452
alohali+ii+512.291+Sdyd+	2662	2744	2793	2816	2783	2724	2703	2682	2830	2614
alohali+ii+515.444+mtwDy\?g+	2428	2487	2508	2704	2783	2809	2856	2881	2894	2738
alohali+aa+518.408+maD+	3027	2981	3011	3018	2956	2870	2807	2766	2749	2770
alohali+aa+521.280+awTan+	2650	2643	2844	2988	3046	3102	3035	2806	2693	3081
alohali+uu+523.552+aSwl+	2590	2601	2628	2653	2622	2565	2531	2523	2511	2485
alohali+uu+528.669+zhwr+	2472	2571	2624	2653	2610	2590	2516	2456	2442	2614
alohali+aa+530.961+mwaTn+	3296	2137	2454	2968	2951	2826	2783	2651	2705	2581
alohali+aa+533.552+maD+	3189	3105	3092	3023	2903	2828	2757	2703	2695	2743
alohali+ii+539.578+mtwDy\?g+	2859	2835	2810	2887	2924	2875	2772	2785	2768	2902
alohali+aa+542.104+faSl+	2298	2365	2415	2433	2439	2454	2495	2694	2744	2461
alohali+uu+547.106+sTwr+	2693	2725	2743	2735	2644	2554	2470	2479	2465	2370
alohali+ii+549.663+sdyd+	2541	2629	2696	2705	2698	2738	2728	2709	2708	2827
alohali+aa+552.671+fTam+	2790	2975	3072	3075	3070	3100	2850	2619	2632	3104
alohali+aa+555.205+alnaSrh+	3458	3249	3213	3134	3088	3045	2968	2924	2908	2994
alohali+aa+558.774+anfSal+	2399	2397	2422	2428	2431	2435	2485	2537	2554	2437
alohali+aa+561.353+baS+	2387	2419	2460	2484	2485	2501	2627	2746	2787	2478
alohali+aa+564.114+rDa\?g+	2623	2564	2586	2679	2663	2679	2703	2835	2911	2680
alohali+ii+566.076+hy+	2810	2747	2786	2853	2906	2947	2972	2997	2998	2961
alohali+aa+568.426+sTam+	2792	2783	2967	3013	2968	2896	2615	2464	2357	2858
alohali+aa+570.579+tab+	2479	2522	2460	2421	2410	2439	2500	2571	2601	2425
alohali+ii+579.410+mTyh+	2347	2434	2688	2768	2672	2564	2492	2418	2459	2323
alohali+aa+587.421+alfDa\?g+	2601	2605	2613	2618	2612	2612	2625	2624	2618	2573
alohali+aa+593.659+Tbabh+	2399	2381	2379	2393	2389	2368	2323	2305	2295	2330
alohali+aa+598.222+naDj+	1541	1716	2572	2822	2690	2631	2619	2635	2647	2581
alohali+aa+600.746+HaDr+	2369	2391	2422	2424	2437	2462	2493	2523	2536	2502
alohali+ii+603.031+w\D-yfh+	2508	2453	2436	2437	2426	2378	2397	2431	2448	2260
alohali+aa+605.272+awTan+	2908	2953	3040	3126	3164	3155	3029	2702	2590	3097
alohali+uu+608.084+fTwr+	2734	2701	2655	2603	2553	2508	2482	2459	2448	2458
alohali+aa+610.838+alan+	2471	2486	2403	2466	2589	2693	2552	2557	2541	2986
alohali+aa+616.295+ratb+	2189	2290	2348	2361	2382	2407	2442	2468	2470	2413
alohali+aa+619.370+Tab\9e+	2580	2655	2649	2600	2515	2487	2498	2496	2503	2437
alohali+aa+622.556+wasTh+	2590	2616	2595	2570	2544	2539	2576	2669	2780	2496
alohali+uu+625.531+wDwh+	2721	2741	2733	2718	2706	2698	2697	2658	2645	2676
alohali+ii+631.385+yTyr+	2606	2615	2614	2609	2604	2575	2537	2578	2576	2537
alohali+aa+637.875+Samt+	2410	2440	2552	2714	2851	2788	2561	2388	2295	3141
alohali+uu+640.621+hw+	2284	2408	2471	2513	2476	2431	2385	2389	2401	2342
alohali+aa+643.465+bsaTh+	2557	2525	2561	2577	2565	2574	2599	2604	2613	2605
alohali+ii+648.937+qDyb+	2592	2568	2561	2562	2549	2510	2471	2455	2466	2407
alohali+aa+651.188+n\D-afh+	2427	2546	2554	2552	2549	2553	2572	2691	2695	2527
alohali+aa+653.700+ant\D-am+	2592	2634	2737	2857	2979	3001	2890	2809	2766	3182
alohali+ii+656.467+jzyrh+	2525	2548	2554	2519	2469	2430	2419	2422	2436	2377
alohali+ii+664.977+n\D-yf+	2465	2429	2402	2405	2385	2383	2469	2522	2547	2342
alohali+uu+668.007+fDwl+	2752	2718	2718	2723	2678	2592	2534	2518	2500	2455
alohali+uu+670.779+skwt+	2157	2094	2198	2284	2299	2381	2414	2438	2475	2686
alohali+aa+673.428+mna\D-r+	3304	3191	3144	3113	3089	3023	2964	2938	2912	3006
alohali+aa+678.746+mwa\D-bh+	2308	3006	3001	2954	2921	2887	2794	2653	2639	2902
alohali+aa+681.604+antSar+	2380	2372	2397	2420	2405	2477	2701	2817	2882	2441
alohali+ii+684.530+mSyr+	2395	2383	2400	2426	2438	2310	2254	2318	2424	2230
alohali+aa+687.517+tab\9e+	2461	2484	2444	2426	2418	2406	2397	2382	2381	2398
alohali+ii+694.645+fTyrh+	2571	2622	2589	2548	2543	2521	2499	2457	2439	2521
alohali+aa+704.735+mlabs+	2480	2427	2450	2454	2479	2483	2464	2430	2419	2447
alohali+aa+710.021+mtwaSl+	2487	2566	2585	2565	2516	2548	2723	2923	3053	2555
alohali+aa+712.619+ktab+	2543	2465	2363	2327	2297	2302	2348	2380	2461	2265
alohali+ii+718.517+nSyb+	2785	2664	2639	2639	2616	2574	2581	2575	2579	2457
alohali+aa+720.484+maDy+	3149	3079	2959	2872	2777	2722	2654	2740	2771	2704
alohali+ii+725.520+wsyTh+	2367	2365	2367	2382	2392	2390	2437	2480	2539	2314
alohali+uu+730.790+\shrwT+	2112	2227	2313	2434	2539	2607	2561	2592	2600	2673
alohali+ii+733.045+tlyfwn+	2449	2442	2461	2457	2412	2399	2438	2493	2557	2345
alohali+uu+733.208+tlyfwn+	2322	2417	2509	2819	2838	2744	2609	2484	2453	2817
alohali+uu+740.546+ftwr+	2255	2334	2398	2439	2417	2394	2357	2347	2377	2336
alohali+aa+763.956+ba\?g+	2353	2455	2524	2539	2573	2618	2663	2678	2691	2679
alohali+aa+765.835+ta\?g+	2760	2550	2682	2761	2757	2762	2783	2803	2809	2774
alohali+aa+767.394+\tfa\?g+	2631	2682	2766	2735	2716	2736	2772	2800	2817	2807
alohali+ii+769.049+jym+	2762	2761	2761	2751	2719	2658	2557	2505	2455	2638
alohali+aa+770.616+Ha\?g+	2560	2614	2670	2755	2808	2831	2810	2821	2826	2889
alohali+aa+772.507+xa\?g+	2571	2840	2884	2913	2937	2950	2957	2952	2952	2967
alohali+aa+774.303+dal+	2768	2622	2679	2695	2739	2734	2694	2743	2733	2701
alohali+aa+775.854+\dhal+	2591	2566	2563	2584	2671	2715	2750	2801	2814	2795
alohali+aa+777.562+ra\?g+	2226	2305	2384	2420	2469	2570	2662	2715	2745	2678
alohali+ii+781.370+syn+	2699	2702	2731	2757	2820	2803	2728	2702	2669	2892
alohali+ii+783.448+\shyn+	2778	2752	2671	2602	2584	2485	2471	2447	2446	2308
alohali+aa+785.438+Sad+	2472	2451	2465	2508	2562	2589	2633	2638	2644	2603
alohali+aa+787.448+Dad+	2826	2810	2787	2764	2755	2753	2755	2744	2741	2781
alohali+aa+789.941+Ta\?g+	2731	2819	2815	2768	2723	2713	2760	2813	2879	2686
alohali+aa+792.469+\D-a\?g+	2576	2597	2613	2616	2624	2672	2746	2797	2833	2759
alohali+aa+798.880+fa\?g+	2283	2320	2315	2335	2441	2647	2831	2967	3067	2945
alohali+aa+806.487+lam+	2554	2496	2521	2570	2612	2550	2460	2366	2321	2599
alohali+ii+808.549+mym+	2872	3061	3125	3142	3121	2965	2750	2588	2511	2824
alohali+uu+810.745+nwn+	2018	2059	2246	2089	1903	1886	1975	2063	2103	1957
alohali+aa+812.678+ha\?g+	2647	2599	2584	2585	2593	2606	2603	2610	2613	2621
alotaiq+uu+36.829+aSwl+	2795	2773	2729	2715	2696	2691	2649	2626	2622	2635
alotaiq+aa+40.965+mwaTn+	2785	2821	2842	2834	2802	2833	2858	2989	3083	2936
alotaiq+aa+43.229+awTan+	2888	2883	2656	2408	2307	2277	2448	2588	2638	2228
alotaiq+aa+44.659+HaDr+	2667	2713	2750	2777	2806	2862	2951	2914	2916	2946
alotaiq+aa+46.645+maD+	2360	2652	2686	2802	2842	2796	2784	2791	2778	2624
alotaiq+aa+53.714+alfDa\?g+	2792	2814	2840	2838	2847	2865	2917	2938	2939	2917
alotaiq+aa+55.917+baS+	2688	2703	2721	2719	2721	2735	2843	3029	3077	2725
alotaiq+aa+57.448+antSar+	2841	2894	2889	2906	2896	2904	2920	2938	2941	2855
alotaiq+aa+58.659+ratb+	2937	2890	2868	2865	2865	2939	3016	3096	3102	3025
alotaiq+uu+59.954+fTwr+	2835	2805	2765	2761	2747	2716	2636	2614	2594	2661
alotaiq+aa+61.188+wasTh+	2687	2727	2756	2775	2796	2824	2840	2882	3026	2850
alotaiq+aa+64.681+Tbabh+	2711	2729	2720	2718	2724	2716	2708	2702	2698	2724
alotaiq+aa+65.986+anfSal+	2742	2869	2782	2699	2686	2751	2801	2797	2811	2832
alotaiq+ii+66.972+hy+	2868	2858	2854	2822	2827	2893	2984	3105	3235	3026
alotaiq+aa+68.421+balTa\?grh+	2898	2927	2888	2861	2802	2766	2762	2767	2777	2704
alotaiq+uu+69.914+wDw\?g+	2729	2724	2743	2749	2728	2716	2702	2692	2668	2720
alotaiq+aa+70.898+tab+	2491	2511	2560	2571	2553	2546	2561	2569	2575	2475
alotaiq+ii+72.040+tlyfwn+	2641	2639	2631	2651	2693	2713	2739	2690	2618	2725
alotaiq+uu+72.219+tlyfwn+	2594	2632	2628	2571	2547	2607	2757	2789	2818	2420
alotaiq+ii+74.709+qDyb+	2673	2631	2665	2729	2756	2699	2730	2734	2732	2525
alotaiq+ii+76.070+jzyrh+	2644	2649	2641	2630	2614	2613	2618	2635	2663	2622
alotaiq+aa+78.695+rDa\?g+	2815	2844	2890	2899	2912	2976	3035	3110	3118	3105
alotaiq+uu+79.956+zhwr+	2654	2670	2682	2686	2675	2643	2745	2816	2841	2626
alotaiq+aa+81.049+alnaSrh+	2800	2762	2743	2758	2771	2941	3046	3260	3343	3060
alotaiq+aa+82.642+n\D-afh+	2762	2807	2824	2835	2844	2869	2937	2941	2946	2863
alotaiq+aa+83.829+ant\D-am+	2752	2771	2784	2776	2660	2618	2751	2917	2965	2315
alotaiq+ii+84.921+w\D-yfh+	2618	2614	2663	2708	2711	2712	2725	2719	2684	2677
alotaiq+aa+90.378+mwa\D-bh+	2557	2651	2688	2692	2677	2701	2722	2850	2839	2694
alotaiq+aa+92.015+tab\9e+	2462	2435	2483	2525	2552	2570	2574	2547	2536	2576
alotaiq+aa+93.551+mna\D-r+	2728	2711	2715	2787	2828	2837	2831	2845	2841	2705
alotaiq+uu+100.588+sTwr+	2768	2729	2705	2705	2702	2680	2566	2545	2523	2658
alotaiq+ii+102.915+wsyTh+	2671	2674	2668	2653	2638	2641	2642	2652	2667	2662
alotaiq+ii+104.582+n\D-yf+	2669	2654	2679	2715	2720	2719	2671	2692	2685	2689
alotaiq+ii+105.623+mTyh+	2779	2739	2794	2838	2866	2849	2807	2765	2743	2816
alotaiq+uu+109.124+\shrwT+	2370	2509	2559	2579	2609	2643	2644	2631	2632	2723
alotaiq+aa+110.337+mtwaSl+	2641	2634	2658	2679	2705	2740	2753	2828	3042	2766
alotaiq+ii+111.797+nSyb+	2774	2743	2729	2725	2698	2652	2657	2654	2650	2536
alotaiq+uu+113.175+ftwr+	2619	2651	2677	2678	2674	2670	2655	2662	2629	2681
alotaiq+uu+114.319+fDwl+	2657	2675	2692	2681	2659	2646	2637	2651	2652	2624
alotaiq+ii+122.891+yTyr+	2690	2640	2651	2667	2679	2683	2681	2676	2676	2666
alotaiq+aa+128.598+wsTy+	2842	2851	2798	2758	2796	2870	2915	2954	2978	2978
alotaiq+aa+131.274+Tab\9e+	2797	2682	2636	2654	2668	2729	2827	2799	2772	2640
alotaiq+aa+133.861+faSl+	2718	2739	2761	2771	2791	2837	2805	2909	2963	2913
alotaiq+aa+135.146+alan+	2763	2696	2684	2646	2646	2632	2596	2671	2674	2621
alotaiq+ii+136.262+fTyrh+	2752	2727	2696	2665	2640	2635	2641	2653	2676	2623
alotaiq+uu+137.414+hw+	2460	2472	2477	2485	2484	2461	2443	2434	2421	2423
alotaiq+aa+140.514+Samt+	2804	2778	2721	2712	2697	2620	2586	2540	2516	2469
alotaiq+aa+141.528+maDy+	2465	2695	2757	2816	2803	2785	2786	2765	2757	2777
alotaiq+ii+141.709+maDy+	2787	2697	2687	2723	2822	2943	3025	3119	3116	3156
alotaiq+uu+142.897+mtwDy\?g+	2684	2654	2643	2659	2671	2678	2681	2698	2726	2681
alotaiq+ii+143.108+mtwDy\?g+	2687	2653	2670	2722	2775	2821	2901	2908	2890	2754
alotaiq+aa+144.253+fTam+	2788	2827	2797	2734	2567	2664	2808	2859	2943	2571
alotaiq+uu+145.453+skwt+	2326	2359	2354	2356	2360	2361	2399	2409	2413	2350
alotaiq+aa+146.752+msa\9edh+	2717	2714	2728	2743	2668	2578	2497	2440	2405	2463
alotaiq+aa+150.922+sTam+	2884	2849	2858	2786	2604	2454	2372	2417	2430	2331
alotaiq+ii+186.424+mSyr+	2742	2769	2791	2761	2718	2674	2668	2634	2595	2586
alotaiq+aa+187.791+bsaTh+	2980	2969	3007	3031	3052	3057	3026	2977	3012	3079
alotaiq+aa+189.027+mlabs+	2716	2664	2624	2604	2599	2661	2702	2828	2821	2626
alotaiq+aa+192.376+ktab+	2766	2773	2548	2494	2534	2573	2603	2608	2614	2579
alotaiq+aa+193.420+naDj+	2609	2765	2714	2684	2608	2667	2791	2784	2802	2590
alotaiq+ii+194.806+sdyd+	2775	2799	2814	2799	2798	2826	2867	2867	2877	2871
alotaiq+ii+196.122+wsyTh+	2648	2655	2659	2671	2689	2650	2703	2760	2798	2567
alotaiq+uu+197.323+aSwl+	2905	2836	2797	2780	2751	2745	2755	2759	2771	2736
alotaiq+ii+198.460+w\D-yfh+	2637	2642	2648	2665	2684	2670	2647	2601	2557	2632
alotaiq+aa+202.897+mwaTn+	2340	2541	2666	2748	2792	2777	2772	2674	2667	2727
alotaiq+aa+205.290+faSl+	2678	2695	2730	2781	2842	2913	3163	3299	3403	2935
alotaiq+aa+206.478+naDj+	2494	2329	2388	2460	2531	2549	2622	2676	2708	2638
alotaiq+aa+209.930+fTam+	2778	2792	2746	2767	2665	2493	2473	2488	2466	2139
alotaiq+aa+212.360+n\D-afh+	2844	2809	2852	2936	2968	2926	2876	2979	2974	2796
alotaiq+aa+213.506+alnaSrh+	2822	2731	2658	2645	2667	2800	2999	3249	3341	3056
alotaiq+aa+215.953+sTam+	2731	2810	2783	2715	2631	2501	2489	2453	2421	2242
alotaiq+uu+217.032+fDwl+	2778	2760	2703	2679	2701	2731	2704	2687	2680	2784
alotaiq+aa+221.732+alfDa\?g+	2791	2776	2776	2781	2796	2836	2833	2837	2848	2889
alotaiq+aa+224.060+ktab+	2750	2590	2483	2485	2511	2570	2612	2645	2661	2642
alotaiq+ii+224.912+tlyfwn+	2632	2624	2619	2607	2593	2605	2619	2646	2676	2624
alotaiq+uu+225.061+tlyfwn+	2627	2638	2640	2644	2645	2669	2719	2783	2802	2713
alotaiq+ii+226.284+mSyr+	2761	2696	2700	2693	2673	2692	2697	2767	2786	2676
alotaiq+ii+227.469+sdyd+	2726	2741	2754	2779	2792	2796	2845	2911	2928	2776
alotaiq+aa+228.587+mlabs+	2572	2528	2532	2549	2569	2585	2626	2649	2640	2600
alotaiq+aa+229.740+alan+	2694	2662	2646	2657	2657	2665	2697	2720	2739	2705
alotaiq+aa+230.607+baS+	2685	2675	2702	2713	2718	2766	2812	2971	3014	2776
alotaiq+aa+231.864+ratb+	2827	2822	2807	2792	2798	2883	2940	2949	2925	3075
alotaiq+aa+234.697+anfSal+	2833	2824	2847	2819	2735	2694	2678	2749	2781	2654
alotaiq+ii+238.490+yTyr+	2735	2730	2772	2752	2727	2712	2735	2758	2766	2702
alotaiq+uu+239.643+wDw\?g+	2742	2720	2726	2723	2723	2734	2692	2658	2613	2778
alotaiq+aa+242.288+tab+	2793	2541	2482	2508	2545	2586	2658	2685	2702	2589
alotaiq+ii+243.732+qDyb+	2642	2588	2604	2642	2658	2613	2549	2489	2463	2543
alotaiq+uu+245.919+zhwr+	2619	2660	2685	2710	2720	2696	2706	2679	2671	2698
alotaiq+aa+247.054+bsaTh+	2951	2844	2815	2791	2795	2834	2840	2806	2796	2927
alotaiq+aa+249.332+ant\D-am+	2731	2767	2777	2788	2641	2614	2686	2664	2697	2310
alotaiq+aa+254.113+antSar+	2758	2739	2708	2693	2726	2810	2850	2884	2907	2820
alotaiq+uu+255.245+skwt+	2261	2267	2302	2343	2356	2413	2483	2513	2584	2465
alotaiq+aa+256.248+rDa\?g+	2782	2786	2788	2794	2807	2824	2837	2865	2867	2891
alotaiq+aa+257.206+tab\9e+	2680	2509	2495	2521	2551	2553	2598	2643	2650	2563
alotaiq+uu+261.199+sTwr+	2699	2659	2655	2672	2688	2635	2727	2773	2783	2583
alotaiq+uu+261.956+hw+	2436	2427	2431	2436	2454	2477	2487	2490	2482	2498
alotaiq+ii+263.006+n\D-yf+	2674	2608	2590	2584	2609	2597	2595	2579	2561	2522
alotaiq+ii+265.128+mTyh+	2762	2739	2731	2742	2768	2843	2903	2930	2944	2892
alotaiq+ii+266.234+jzyrh+	2640	2660	2640	2611	2587	2577	2587	2612	2637	2558
alotaiq+uu+268.326+ftwr+	2546	2567	2576	2597	2621	2589	2581	2683	2690	2515
alotaiq+uu+269.358+\shrwT+	2390	2521	2625	2670	2664	2656	2726	2797	2823	2655
alotaiq+aa+270.451+mtwaSl+	2669	2627	2626	2635	2652	2684	2774	3066	3266	2724
alotaiq+aa+271.403+Tbabh+	2699	2633	2623	2629	2624	2628	2636	2631	2626	2597
alotaiq+aa+272.461+mna\D-r+	2674	2588	2526	2440	2353	2365	2560	2652	2714	2322
alotaiq+ii+273.671+nSyb+	2734	2668	2672	2703	2720	2681	2688	2704	2699	2630
alotaiq+aa+274.525+Samt+	2762	2699	2720	2730	2714	2636	2630	2584	2564	2578
alotaiq+uu+276.569+fTwr+	2851	2813	2813	2793	2754	2698	2605	2535	2505	2680
alotaiq+ii+277.441+hy+	2761	2750	2758	2791	2825	2836	2810	2880	2918	2855
alotaiq+aa+279.440+mwa\D-bh+	2491	2648	2695	2692	2690	2702	2795	3034	3211	2706
alotaiq+aa+280.522+Tab\9e+	2806	2617	2665	2678	2656	2624	2616	2590	2558	2587
alotaiq+ii+283.009+fTyrh+	2675	2640	2649	2634	2626	2630	2644	2665	2693	2648
alotaiq+aa+285.315+maDy+	2461	2643	2829	2853	2896	2924	2947	2943	2924	2966
alotaiq+ii+285.505+maDy+	2759	2746	2723	2724	2759	2805	2844	2885	2916	2881
alotaiq+ii+286.689+Sdyd+	2647	2668	2710	2754	2784	2779	2792	2827	2828	2760
alotaiq+uu+287.624+mtwDy\?g+	2604	2645	2697	2716	2718	2718	2720	2706	2695	2717
alotaiq+ii+287.865+mtwDy\?g+	2712	2693	2682	2687	2704	2742	2782	2749	2747	2774
alotaiq+aa+288.833+maD+	2390	2537	2742	2836	2854	2850	2868	2867	2863	2820
alotaiq+ii+289.023+maD+	2856	2819	2792	2758	2755	2768	2805	2816	2805	2793
alotaiq+aa+290.068+awTan+	2919	2879	2865	2843	2822	2783	2744	2670	2642	2711
alotaiq+uu+290.999+aSwl+	2892	2854	2790	2743	2717	2728	2791	2784	2800	2753
alotaiq+uu+293.010+zhwr+	2635	2657	2688	2705	2731	2707	2650	2649	2629	2649
alotaiq+aa+294.162+mwaTn+	2406	2498	2659	2750	2786	2799	2824	2827	2815	2803
alotaiq+aa+295.074+maD+	2396	2542	2646	2712	2744	2768	3010	3103	3135	2757
alotaiq+ii+295.285+maD+	2729	2709	2692	2714	2762	2835	2880	2897	2870	2969
alotaiq+uu+297.387+mtwDy\?g+	2617	2612	2667	2712	2739	2741	2734	2740	2771	2734
alotaiq+ii+297.651+mtwDy\?g+	2691	2656	2695	2732	2750	2784	2806	2826	2829	2844
alotaiq+aa+298.337+faSl+	2686	2710	2722	2731	2769	2831	2862	2978	3172	2913
alotaiq+uu+300.417+sTwr+	2887	2848	2788	2762	2773	2772	2667	2634	2607	2741
alotaiq+ii+301.439+sdyd+	2725	2747	2747	2758	2784	2812	2879	2849	2857	2837
alotaiq+aa+302.479+fTam+	2809	2799	2871	2912	2758	2697	2806	2759	2789	2386
alotaiq+aa+303.507+alnaSrh+	2771	2801	2807	2816	2849	2929	3032	3238	3329	3024
alotaiq+aa+304.909+anfSal+	2986	2847	2751	2734	2774	2822	2898	2937	2958	2898
alotaiq+aa+305.834+baS+	2734	2757	2775	2786	2807	2866	3013	3134	3188	2909
alotaiq+aa+306.970+rDa\?g+	2815	2842	2814	2809	2821	2910	2963	2969	2987	3076
alotaiq+ii+308.161+hy+	2891	2860	2873	2886	2887	2922	2974	3050	3134	2925
alotaiq+aa+309.187+sTam+	2826	2781	2726	2572	2416	2460	2588	2673	2726	2271
alotaiq+aa+310.227+tab+	2704	2663	2633	2623	2627	2656	2733	2755	2773	2643
alotaiq+ii+313.862+mTyh+	2754	2735	2771	2831	2895	3004	3080	3141	3185	3159
alotaiq+aa+317.207+alfDa\?g+	2793	2799	2808	2818	2884	2915	3004	3057	2999	3019
alotaiq+aa+319.361+Tbabh+	2768	2761	2759	2770	2772	2763	2758	2751	2745	2745
alotaiq+aa+322.379+naDj+	2499	2848	2754	2706	2734	2761	2837	2820	2830	2774
alotaiq+ii+324.055+w\D-yfh+	2646	2652	2644	2657	2675	2709	2732	2685	2667	2736
alotaiq+aa+325.216+awTan+	2846	2820	2782	2538	2373	2265	2422	2454	2491	2266
alotaiq+uu+326.229+fTwr+	2832	2891	2832	2807	2793	2778	2736	2733	2721	2765
alotaiq+aa+327.093+alan+	2847	2844	2815	2806	2813	2842	2767	2653	2625	2886
alotaiq+aa+328.893+ratb+	2927	2832	2790	2798	2802	2856	2917	2969	3052	2931
alotaiq+aa+329.982+Tab\9e+	2686	2714	2710	2704	2694	2668	2655	2650	2633	2631
alotaiq+uu+332.060+wDwh+	2844	2821	2819	2827	2837	2838	2812	2745	2759	2862
alotaiq+ii+333.976+yTyr+	2722	2717	2729	2742	2721	2711	2714	2738	2744	2700
alotaiq+aa+335.032+balTa\?grh+	2820	2807	2808	2807	2784	2755	2711	2676	2687	2739
alotaiq+aa+336.155+Samt+	2864	2872	2994	3006	2995	2862	2729	2648	2592	2729
alotaiq+uu+337.058+hw+	2561	2554	2538	2539	2545	2543	2528	2560	2561	2526
alotaiq+aa+337.994+bsaTh+	2877	2847	2810	2797	2819	2847	2868	2884	2893	2897
alotaiq+ii+339.929+qDyb+	2681	2656	2671	2664	2681	2649	2659	2646	2633	2646
alotaiq+aa+340.732+n\D-afh+	2845	2816	2817	2814	2826	2849	2884	2972	2966	2845
alotaiq+aa+341.813+ant\D-am+	2799	2820	2818	2874	2807	2738	2899	2850	2858	2302
alotaiq+ii+342.666+jzyrh+	2647	2639	2640	2636	2624	2620	2627	2648	2659	2618
alotaiq+ii+345.735+n\D-yf+	2707	2638	2643	2852	3100	3047	2972	2806	2702	2735
alotaiq+uu+346.831+fDwl+	2620	2662	2841	2870	2850	2835	2841	2821	2843	2857
alotaiq+uu+347.855+skwt+	2324	2360	2426	2473	2491	2486	2504	2525	2532	2471
alotaiq+aa+348.886+mna\D-r+	2323	2373	2407	2328	2323	2405	2572	2688	2755	2641
alotaiq+aa+351.941+mwa\D-bh+	2323	2377	2466	2595	2703	2764	2816	2780	2772	2808
alotaiq+aa+353.129+antSar+	2797	2802	2788	2781	2759	2787	2837	2886	2914	2826
alotaiq+ii+354.169+mSyr+	2808	2702	2702	2726	2744	2768	2838	2869	2889	2785
alotaiq+aa+355.140+tab\9e+	2761	2792	2783	2759	2720	2701	2722	2647	2639	2683
alotaiq+ii+357.529+fTyrh+	2653	2657	2633	2629	2631	2634	2635	2633	2652	2630
alotaiq+aa+360.634+mlabs+	2377	2581	2649	2659	2665	2684	2717	2733	2744	2682
alotaiq+ii+361.727+Sdyd+	2703	2713	2723	2733	2753	2781	2822	2853	2847	2830
alotaiq+aa+362.880+mtwaSl+	2548	2639	2635	2650	2674	2684	2692	2716	2754	2681
alotaiq+aa+364.090+ktab+	2774	2705	2561	2503	2513	2577	2642	2708	2745	2649
alotaiq+ii+373.213+nSyb+	2687	2686	2702	2722	2727	2678	2663	2661	2645	2628
alotaiq+aa+374.477+maDy+	2300	2429	2620	2682	2705	2715	2810	2867	2886	2704
alotaiq+ii+374.689+maDy+	2767	2738	2712	2750	2800	2850	2871	2834	2818	2913
alotaiq+ii+376.992+wsyTh+	2694	2749	2744	2717	2682	2663	2653	2663	2689	2642
alotaiq+uu+381.300+\shrwT+	2498	2638	2674	2707	2745	2780	2783	2750	2744	2756
alotaiq+ii+382.785+tlyfwn+	2677	2662	2627	2574	2537	2500	2488	2484	2469	2476
alotaiq+uu+382.965+tlyfwn+	2559	2553	2577	2590	2579	2515	2455	2413	2450	2427
alotaiq+uu+386.269+ftwr+	2526	2541	2607	2639	2653	2666	2616	2531	2507	2701
alotaiq+aa+495.201+ba\?g+	2526	2587	2610	2629	2645	2662	2703	2759	2779	2661
alotaiq+ii+497.840+jym+	2908	2942	3044	3144	3094	2923	2745	2605	2528	2591
alotaiq+aa+501.642+\dhal+	2667	2626	2658	2701	2721	2735	2775	2797	2808	2743
alotaiq+aa+502.638+ra\?g+	2396	2312	2672	2953	3079	3087	3083	3095	3094	3093
alotaiq+ii+505.062+syn+	2720	2791	2885	2942	2959	2968	2955	2877	2864	2986
alotaiq+ii+505.999+\shyn+	2816	2785	2773	2716	2727	2791	2760	2761	2768	2937
alotaiq+aa+507.111+Sad+	2929	2950	2956	2973	2972	2980	2998	3061	3075	2957
alotaiq+aa+508.099+Dad+	2851	2878	2897	2906	2891	2903	2931	2904	2909	2846
alotaiq+aa+509.398+Ta\?g+	3013	3044	3049	2990	2949	2934	2942	2966	2975	2917
alotaiq+aa+510.514+\D-a\?g+	2843	2872	2887	2888	2890	2931	2970	2982	3045	3000
alotaiq+aa+513.146+fa\?g+	2632	2667	2660	2696	2701	2733	2809	2853	2882	2800
alotaiq+aa+515.727+lam+	2735	2716	2750	2767	2801	2833	2866	2799	2782	2922
alotaiq+ii+516.686+mym+	2626	2755	2826	2888	2894	2844	2803	2786	2771	2765
alotaiq+uu+517.619+nwn+	2329	2315	2332	2349	2336	2357	2430	2511	2544	2346
mohammed+uu+37.810+aSwl+	2686	2669	2616	2559	2540	2575	2599	2597	2605	2881
mohammed+aa+41.930+mwaTn+	2720	2968	2670	2833	2671	2562	2462	2369	2313	1906
mohammed+aa+44.033+awTan+	2913	2962	2987	3052	2827	2619	2553	2476	2428	2161
mohammed+aa+48.583+maD+	3107	3103	3095	3076	2763	2507	2330	2209	2158	2097
mohammed+aa+61.715+alfDa\?g+	2782	2990	3033	3022	2858	2739	2782	2814	2815	2547
mohammed+aa+66.291+baS+	3007	3175	3186	3173	3204	3120	2983	2911	2873	3245
mohammed+aa+68.743+antSar+	2823	2995	3055	3110	3123	3063	2910	2728	2647	2982
mohammed+aa+71.386+ratb+	2154	2585	2767	2712	2501	2489	2503	2537	2586	2644
mohammed+uu+74.628+fTwr+	2800	2734	2693	2685	2686	2691	2689	2678	2659	2677
mohammed+aa+88.416+wasTh+	2902	2984	3027	3091	3000	2779	2704	2699	2770	2108
mohammed+aa+100.358+Tbabh+	2420	2623	2806	2940	3029	3156	3180	3144	3111	3357
mohammed+aa+103.737+anfSal+	2667	2295	1946	2068	2078	2114	2435	2712	2812	2253
mohammed+ii+106.076+hy+	3044	3041	3111	3134	3149	3199	3015	2859	2745	3235
mohammed+aa+108.584+balTa\?grh+	2651	2884	2940	3022	3110	2821	2679	2552	2411	2068
mohammed+uu+111.351+wDw\?g+	2715	2680	2656	2658	2672	2681	2694	2676	2675	2689
mohammed+aa+114.027+tab+	2700	2100	2115	2380	2569	2545	2692	2757	2700	2160
mohammed+ii+116.742+tlyfwn+	2757	2800	2539	2570	2465	2396	2378	2418	2557	2167
mohammed+uu+116.938+tlyfwn+	2241	2220	2170	2588	2978	2920	2831	2732	2638	2671
mohammed+ii+119.555+qDyb+	2809	2734	2760	2659	2620	2487	2467	2527	2532	2373
mohammed+ii+122.125+jzyrh+	2655	2714	2747	2750	2699	2619	2564	2528	2564	2562
mohammed+aa+127.152+rDa\?g+	2737	2714	2947	3045	3079	3076	3098	3127	3138	3047
mohammed+uu+129.678+zhwr+	2579	2614	2630	2662	2694	2741	2716	2602	2590	2727
mohammed+aa+131.865+alnaSrh+	2609	2683	2935	3006	2602	2581	2765	2914	3097	2371
mohammed+aa+134.193+n\D-afh+	2710	2703	2464	2490	2491	2535	2516	2593	2625	2558
mohammed+aa+137.117+ant\D-am+	2666	2643	2787	2885	3048	2963	2768	2688	2606	2929
mohammed+ii+139.559+w\D-yfh+	2654	2700	2799	2861	2847	2773	2684	2657	2664	2665
mohammed+aa+147.480+mwa\D-bh+	2831	2899	2968	3026	2929	2839	2836	2810	2795	2625
mohammed+aa+153.367+mna\D-r+	2170	2539	2806	2652	2348	2196	2198	2281	2315	2110
mohammed+uu+162.000+sTwr+	2722	2601	2623	2646	2652	2635	2525	2511	2485	2621
mohammed+ii+164.836+wsyTh+	2663	2715	2736	2717	2712	2699	2692	2658	2699	2721
mohammed+ii+167.908+n\D-yf+	2666	2682	2758	2851	2979	2875	2789	2726	2663	2606
mohammed+ii+170.687+mTyh+	2815	2806	2885	2763	2794	2865	3013	3156	3262	2871
mohammed+uu+176.225+\shrwT+	2370	2288	2508	2588	2637	2708	2736	2754	2771	2781
mohammed+aa+178.976+mtwaSl+	2914	2904	2988	2984	2935	2805	2865	2980	3004	2486
mohammed+ii+182.130+nSyb+	2750	2851	2876	2924	2955	2803	2851	2840	2813	2383
mohammed+uu+184.843+ftwr+	2269	2418	2496	2530	2705	2744	2557	2517	2475	2946
mohammed+uu+187.292+fDwl+	2693	2604	2602	2595	2547	2454	2428	2428	2413	2390
mohammed+ii+196.267+yTyr+	2918	2753	2665	2858	2897	2832	2796	2709	2655	2601
mohammed+aa+210.665+Tab\9e+	2824	2905	2943	2995	2866	2768	2801	2793	2811	2446
mohammed+aa+217.711+faSl+	2611	2886	2964	2983	2847	2763	2723	2761	2741	2650
mohammed+aa+220.749+alan+	2198	1841	2246	2337	2406	2121	2165	2254	2352	1859
mohammed+uu+226.666+hw+	2704	2689	2663	2673	2677	2689	2694	2703	2738	2691
mohammed+aa+232.679+Samt+	2844	2782	2805	2687	2689	2492	2406	2339	2264	2204
mohammed+aa+235.739+maDy+	2605	2506	2926	3019	2662	2484	2420	2392	2450	2165
mohammed+ii+236.031+maDy+	2767	2748	2728	2718	2897	2891	2873	2883	2826	2919
mohammed+aa+241.517+fTam+	2700	2113	2137	2452	2650	2707	2607	2636	2736	2794
mohammed+uu+244.178+skwt+	2400	2344	2392	2367	2325	2326	2364	2388	2427	2345
mohammed+aa+246.588+msa\9edh+	2600	2553	2568	2490	2374	2327	2315	2350	2375	2343
mohammed+aa+256.759+sTam+	2810	2927	2678	2683	2708	2611	2430	2352	2365	1827
mohammed+ii+259.353+mSyr+	2720	2733	2749	2751	2638	2566	2553	2503	2486	2381
mohammed+aa+262.251+bsaTh+	2193	2163	2408	2723	2840	2859	2828	2806	2781	2834
mohammed+aa+264.851+mlabs+	2704	2444	2530	2561	2599	2611	2623	2631	2623	2703
mohammed+aa+270.235+ktab+	2257	2509	2383	2501	2776	2707	2761	2759	2666	2318
mohammed+aa+273.075+naDj+	2760	2533	2660	2715	2670	2581	2618	2633	2595	2313
mohammed+ii+276.639+sdyd+	2750	2899	2910	2795	2794	2801	2833	2769	2767	2946
mohammed+ii+279.510+wsyTh+	2779	2813	2828	2802	2709	2638	2617	2607	2594	2504
mohammed+uu+282.344+aSwl+	2723	2661	2691	2680	2697	2673	2655	2684	2677	2646
mohammed+ii+284.863+w\D-yfh+	2644	2659	2755	2792	2758	2690	2638	2608	2584	2601
mohammed+aa+293.008+mwaTn+	3027	3098	3162	2734	2736	2653	2775	2982	2881	2707
mohammed+aa+299.126+faSl+	2986	2906	2905	2892	2903	2814	2817	2841	2846	2862
mohammed+aa+302.099+naDj+	2273	2139	1910	1814	1840	2013	2204	2392	2490	2191
mohammed+aa+311.358+fTam+	2656	2530	1994	1717	2038	2449	2504	2630	2755	3315
mohammed+aa+317.563+n\D-afh+	2725	2915	3010	2976	2921	2843	2807	2757	2720	2754
mohammed+aa+320.204+alnaSrh+	2625	2977	2991	2950	2477	2432	2528	2728	2898	2558
mohammed+aa+328.989+sTam+	2574	3110	3134	3223	3295	3320	3000	2795	2707	3342
mohammed+uu+332.223+fDwl+	2840	2808	2823	2795	2747	2648	2452	2407	2363	2583
mohammed+aa+341.209+alfDa\?g+	2392	2521	2627	2551	2518	2504	2552	2566	2572	2473
mohammed+aa+347.962+ktab+	2548	2530	2536	2454	2406	2377	2388	2421	2442	2346
mohammed+ii+351.067+tlyfwn+	2374	2208	2150	2172	2205	2248	2299	2350	2401	2238
mohammed+uu+351.257+tlyfwn+	2274	2309	2362	2518	2558	2536	2550	2458	2418	1949
mohammed+ii+354.235+mSyr+	2694	2775	2829	2902	2796	2706	2617	2600	2586	2548
mohammed+ii+357.176+sdyd+	2722	3026	3132	3095	2935	2845	2749	2670	2635	2859
mohammed+aa+360.209+mlabs+	2662	2656	2593	2552	2558	2568	2618	2719	2773	2591
mohammed+aa+363.410+alan+	2066	1729	1698	1871	1877	2331	2451	2540	2674	3022
mohammed+aa+365.794+baS+	2654	2881	2844	2793	2787	2704	2807	2927	2970	2610
mohammed+aa+373.531+wasTh+	2671	2609	2576	2517	2468	2552	2674	2763	2844	2623
mohammed+aa+378.356+anfSal+	2642	2557	2550	2546	2552	2551	2523	2616	2636	2572
mohammed+ii+388.710+yTyr+	2702	2530	2530	2529	2491	2491	2536	2570	2588	2452
mohammed+uu+391.943+wDw\?g+	2988	2787	2825	2847	2846	2820	2802	2715	2684	2780
mohammed+aa+395.346+balTa\?grh+	2706	2828	2860	2903	2968	2816	2713	2631	2573	2591
mohammed+aa+398.268+tab+	2643	2549	2448	2448	2456	2454	2458	2406	2407	2398
mohammed+aa+399.952+tab+	2618	2354	2273	2360	2366	2378	2454	2514	2529	2378
mohammed+ii+402.833+qDyb+	2761	2445	2430	2475	2471	2431	2471	2539	2550	2444
mohammed+uu+408.362+zhwr+	2538	2599	2605	2648	2683	2746	2758	2718	2711	2710
mohammed+aa+411.056+bsaTh+	2668	2684	2783	2751	2624	2552	2615	2673	2660	2144
mohammed+aa+416.835+ant\D-am+	2649	2381	2825	2472	2335	2338	2402	2469	2585	3247
mohammed+aa+427.673+antSar+	2796	2986	2977	3064	2934	2842	2697	2564	2553	2569
mohammed+uu+430.933+skwt+	2418	2454	2423	2396	2380	2397	2413	2417	2456	2448
mohammed+aa+433.588+rDa\?g+	2897	2422	2681	2685	2636	2632	2683	2707	2714	2650
mohammed+aa+436.114+tab\9e+	2769	2492	2435	2512	2501	2472	2471	2474	2463	2427
mohammed+uu+443.673+sTwr+	2699	2722	2727	2728	2709	2690	2651	2634	2624	2727
mohammed+uu+446.034+hw+	2576	2528	2534	2537	2543	2500	2503	2538	2564	2475
mohammed+ii+449.896+n\D-yf+	2711	2626	2548	2557	2782	2788	2750	2714	2703	2829
mohammed+ii+455.143+mTyh+	2772	2492	2417	2624	2918	3177	3335	3244	3218	3488
mohammed+ii+457.572+jzyrh+	2719	2835	2954	3018	2791	2667	2593	2544	2559	2521
mohammed+uu+462.124+ftwr+	2388	2459	2622	2761	2786	2706	2569	2533	2473	2551
mohammed+uu+464.533+\shrwT+	2600	2703	2696	2690	2759	2757	2732	2735	2717	2756
mohammed+aa+466.882+mtwaSl+	2573	2595	2566	2630	2574	2721	2958	3114	3082	2631
mohammed+aa+471.865+Tbabh+	2567	2731	2784	2701	2630	2595	2607	2685	2695	2551
mohammed+aa+473.193+Tbabh+	2438	2482	2536	2546	2524	2520	2549	2535	2539	2467
mohammed+aa+481.371+mna\D-r+	2538	2265	2049	2003	2093	2160	2286	2382	2409	2251
mohammed+ii+484.147+nSyb+	2834	2484	2458	2775	2896	2749	2682	2530	2392	2197
mohammed+aa+486.303+Samt+	2758	2820	2932	3002	3016	2794	2627	2464	2371	2551
mohammed+uu+491.690+fTwr+	2828	2791	2738	2728	2720	2631	2536	2462	2414	2627
mohammed+ii+494.526+hy+	2590	2323	2353	2454	2454	2433	2452	2447	2433	2293
mohammed+aa+504.273+mwa\D-bh+	2936	2986	3010	3094	3093	2948	2891	2906	2928	2850
mohammed+aa+506.995+Tab\9e+	2993	2998	2992	3000	2971	2888	2850	2794	2723	2756
mohammed+ii+511.950+fTyrh+	2844	2814	2799	2778	2671	2668	2674	2664	2646	2730
mohammed+aa+513.820+maDy+	2309	3083	3114	3143	2919	2659	2585	2479	2404	2136
mohammed+ii+514.098+maDy+	2896	2692	2621	2808	2825	2828	2750	2812	2819	2754
mohammed+ii+516.279+Sdyd+	2754	3020	3002	2919	2994	2957	2922	2885	2880	3073
mohammed+ii+518.860+mtwDy\?g+	3103	2280	2182	2524	2652	2666	2639	2617	2614	2658
mohammed+aa+520.790+maD+	2754	3086	2930	2859	2528	2385	2451	2519	2601	2227
mohammed+aa+523.950+maD+	2675	2973	3068	2905	2471	2483	2500	2486	2576	2225
mohammed+aa+526.562+awTan+	3012	3143	3188	2661	2171	1927	2027	2151	2216	2151
mohammed+uu+528.997+aSwl+	2696	2694	2720	2735	2732	2662	2622	2597	2579	2588
mohammed+uu+533.648+zhwr+	2619	2607	2611	2626	2656	2675	2687	2693	2687	2708
mohammed+aa+535.683+mwaTn+	3051	1791	2462	2919	2680	2623	2673	2727	2805	2483
mohammed+aa+539.017+maD+	3086	3240	3238	3054	2944	2650	2551	2571	2506	2075
mohammed+aa+540.108+maD+	2040	1933	2284	2197	1988	2110	2423	2593	2701	2221
mohammed+aa+547.879+faSl+	2657	2761	2811	2800	2774	2786	2866	3056	3093	2714
mohammed+uu+552.561+sTwr+	2793	2754	2829	2793	2717	2689	2602	2532	2502	2681
mohammed+ii+554.866+sdyd+	2755	2818	2805	2817	2801	2761	2707	2645	2615	2712
mohammed+aa+557.347+fTam+	2209	1993	2449	2532	2581	2539	2479	2516	2624	3007
mohammed+aa+561.433+alnaSrh+	2598	2455	2316	2115	2062	2233	2664	2942	3100	2218
mohammed+aa+564.132+anfSal+	2711	2681	2615	2577	2672	2583	2553	2584	2532	2125
mohammed+aa+566.261+baS+	2660	2761	2777	2971	2796	2709	2636	2639	2635	2360
mohammed+aa+568.664+rDa\?g+	3056	3134	2815	2662	2686	2592	2601	2590	2518	2124
mohammed+ii+571.022+hy+	2523	2594	2738	2854	2737	2635	2462	2370	2360	2617
mohammed+aa+573.167+sTam+	2924	3162	3159	3054	2944	2870	2682	2620	2581	3187
mohammed+aa+575.572+tab+	2530	2488	2512	2536	2548	2536	2571	2598	2610	2509
mohammed+ii+582.031+mTyh+	2843	2705	2819	2948	3002	3141	3236	3224	3253	3316
mohammed+aa+590.396+alfDa\?g+	2824	2741	2811	2732	2707	2681	2672	2721	2720	2644
mohammed+aa+599.382+Tbabh+	2467	2492	2548	2555	2557	2540	2547	2530	2525	2519
mohammed+aa+600.586+Tbabh+	2518	2559	2571	2600	2592	2577	2591	2624	2631	2538
mohammed+ii+609.807+w\D-yfh+	2889	2807	2922	3080	3062	2892	2773	2710	2654	2550
mohammed+aa+774.074+lam+	2621	2599	2079	1864	2013	2356	2430	2500	2641	3394
mohammed+ii+775.317+mym+	2237	2795	3339	3361	3219	3073	2805	2616	2608	3400
mohammed+uu+776.529+nwn+	2216	2267	2324	2302	2272	2311	2375	2394	2413	2334
naif1+uu+15.644+aSwl+	2740	3050	3431	3020	2559	2347	2197	2251	2287	2116
naif1+aa+19.667+mwaTn+	2087	2310	2604	2647	2659	2681	2668	2648	2690	2746
naif1+aa+21.401+awTan+	2712	2591	2534	2639	2735	2798	2689	2703	2684	2917
naif1+aa+24.473+maD+	1912	2026	2274	2634	2850	2886	2848	2819	2774	2790
naif1+aa+31.452+alfDa\?g+	2680	2693	2684	2684	2687	2668	2661	2687	2687	2658
naif1+aa+34.440+baS+	2232	2323	2418	2502	2597	2638	2840	2890	2924	2623
naif1+aa+36.611+antSar+	2599	2545	2497	2499	2508	2531	2586	2565	2705	2513
naif1+aa+38.078+ratb+	2208	2326	2366	2357	2370	2428	2516	2562	2568	2443
naif1+uu+40.162+fTwr+	2532	2476	2347	2251	2273	2338	2387	2384	2399	2458
naif1+aa+41.591+wasTh+	2127	2282	2366	2432	2488	2572	2598	2757	2857	2637
naif1+aa+43.496+Tbabh+	2280	2334	2358	2393	2409	2390	2351	2349	2339	2369
naif1+aa+45.302+anfSal+	2580	2554	2432	2414	2430	2438	2442	2497	2503	2416
naif1+ii+47.222+hy+	2980	2767	3009	2969	2954	2890	2808	2735	2669	2760
naif1+aa+49.150+balTa\?grh+	2856	2580	2415	2381	2429	2462	2553	2586	2611	2480
naif1+uu+50.869+wDw\?g+	2334	2273	2238	2261	2286	2381	2609	2586	2619	2338
naif1+aa+52.505+tab+	2234	2268	2267	2281	2285	2279	2281	2365	2374	2269
naif1+ii+54.408+tlyfwn+	2318	2314	2311	2271	2197	2132	2087	2082	2160	2061
naif1+uu+54.585+tlyfwn+	2273	2216	2211	2237	2231	2241	2259	2350	2366	2197
naif1+ii+56.314+qDyb+	2529	2525	2486	2479	2452	2427	2476	2476	2478	2224
naif1+ii+58.213+jzyrh+	2327	2323	2330	2345	2362	2362	2343	2323	2307	2344
naif1+aa+62.145+rDa\?g+	2771	2741	2619	2601	2603	2628	2668	2746	2765	2633
naif1+uu+64.048+zhwr+	2505	2326	2307	2261	2239	2252	2258	2358	2383	2338
naif1+aa+65.856+alnaSrh+	2174	2303	2297	2414	2539	2628	2689	2820	2866	2677
naif1+aa+67.873+n\D-afh+	2742	2758	2647	2577	2560	2570	2793	2825	2857	2571
naif1+aa+69.963+ant\D-am+	2652	2712	2688	2659	2672	2554	2446	2400	2346	2430
naif1+ii+71.925+w\D-yfh+	2482	2417	2573	2678	2701	2597	2542	2579	2555	2461
naif1+aa+77.720+mwa\D-bh+	2354	2485	2529	2542	2579	2579	2672	2696	2712	2585
naif1+aa+79.597+tab\9e+	2457	2226	2206	2220	2237	2245	2237	2281	2288	2283
naif1+aa+81.573+mna\D-r+	2192	2126	2180	2374	2632	2756	2734	2720	2708	2869
naif1+uu+88.454+sTwr+	2542	2456	2377	2347	2326	2285	2264	2278	2269	2265
naif1+ii+90.159+wsyTh+	2352	2300	2331	2352	2365	2411	2492	2562	2594	2502
naif1+ii+92.073+n\D-yf+	2461	2484	2583	2629	2582	2449	2445	2485	2467	2234
naif1+ii+93.909+mTyh+	2463	2680	2856	2997	3073	3120	3026	2903	2869	3182
naif1+uu+98.078+\shrwT+	2188	2210	2226	2231	2251	2284	2344	2397	2420	2349
naif1+aa+99.929+mtwaSl+	2367	2393	2447	2471	2502	2540	2546	2732	2792	2578
naif1+ii+101.795+nSyb+	2367	2363	2439	2470	2456	2402	2367	2398	2391	2369
naif1+uu+104.608+ftwr+	2146	2152	2183	2200	2210	2238	2249	2265	2274	2292
naif1+uu+106.417+fDwl+	2370	2303	2296	2280	2261	2262	2261	2265	2268	2267
naif1+ii+111.923+yTyr+	2525	2563	2648	2658	2596	2520	2459	2440	2424	2439
naif1+aa+119.890+Tab\9e+	2914	2731	2645	2614	2598	2520	2440	2407	2374	2437
naif1+aa+123.135+faSl+	2286	2341	2405	2452	2519	2585	2697	2920	2975	2682
naif1+aa+124.835+alan+	2405	2413	2424	2391	2370	2325	2344	2342	2344	2332
naif1+ii+126.451+fTyrh+	2526	2579	2633	2655	2620	2543	2477	2473	2454	2449
naif1+uu+128.062+hw+	2186	2254	2275	2288	2290	2289	2284	2287	2289	2288
naif1+aa+132.928+maDy+	2105	2133	2527	2703	2762	2768	2715	2695	2666	2805
naif1+ii+133.238+maDy+	2552	2539	2540	2593	2650	2703	2726	2682	2639	2746
naif1+ii+135.129+mtwDy\?g+	2532	2542	2544	2549	2555	2565	2575	2597	2617	2575
naif1+aa+136.898+fTam+	2784	2770	2685	2674	2743	2512	2454	2425	2320	2015
naif1+uu+139.948+skwt+	2113	2133	2141	2140	2152	2175	2276	2405	2488	2183
naif1+aa+147.010+sTam+	2711	2598	2542	2552	2685	2595	2415	2346	2271	2653
naif1+ii+148.942+mSyr+	2486	2552	2568	2585	2585	2555	2514	2502	2489	2527
naif1+aa+150.697+bsaTh+	2605	2546	2517	2498	2507	2546	2595	2620	2636	2602
naif1+aa+152.328+mlabs+	2379	2346	2287	2314	2320	2299	2272	2255	2242	2268
naif1+ii+154.344+Sdyd+	2812	2616	2645	2768	2799	2704	2624	2570	2524	2439
naif1+aa+157.468+ktab+	2361	2217	2291	2294	2297	2300	2319	2366	2380	2319
naif1+aa+158.938+naDj+	2441	2411	2504	2578	2564	2550	2617	2675	2701	2510
naif1+ii+160.759+sdyd+	2462	2485	2531	2570	2545	2486	2435	2483	2480	2437
naif1+ii+164.413+wsyTh+	2407	2395	2377	2382	2388	2406	2422	2475	2501	2417
naif1+uu+166.490+aSwl+	2355	2305	2205	2201	2238	2235	2240	2233	2223	2220
naif1+ii+168.372+w\D-yfh+	2417	2450	2546	2565	2507	2413	2399	2365	2349	2284
naif1+aa+173.103+mwaTn+	2595	2627	2694	2657	2597	2568	2590	2547	2532	2463
naif1+aa+175.648+faSl+	2381	2491	2463	2440	2444	2480	2657	2691	2741	2533
naif1+aa+177.205+naDj+	1652	2467	2919	2924	2922	2924	2865	2832	2807	2866
naif1+aa+181.962+fTam+	2554	2491	2503	2565	2608	2505	2438	2391	2344	2290
naif1+aa+185.348+n\D-afh+	2746	2748	2704	2665	2642	2678	2744	2911	2952	2622
naif1+aa+187.111+alnaSrh+	2847	2732	2720	2709	2726	2734	2698	2917	2956	2827
naif1+aa+190.769+sTam+	2757	2871	2767	2629	2546	2543	2554	2455	2460	2620
naif1+uu+192.240+fDwl+	2532	2468	2454	2438	2418	2381	2343	2314	2302	2334
naif1+aa+197.016+alfDa\?g+	2736	2672	2623	2570	2546	2534	2569	2628	2657	2549
naif1+aa+200.450+ktab+	2381	2124	2181	2222	2259	2280	2385	2412	2436	2302
naif1+ii+202.258+tlyfwn+	2351	2339	2294	2242	2205	2159	2138	2174	2301	2122
naif1+uu+202.439+tlyfwn+	2253	2141	2192	2260	2269	2266	2316	2386	2406	2245
naif1+ii+204.165+mSyr+	2486	2482	2561	2512	2456	2418	2535	2549	2572	2396
naif1+ii+205.872+sdyd+	2692	2710	2686	2746	2707	2600	2551	2512	2484	2422
naif1+aa+207.661+mlabs+	2146	2049	2202	2253	2299	2294	2311	2332	2332	2308
naif1+aa+209.371+alan+	2450	2418	2423	2464	2502	2527	2488	2536	2539	2658
naif1+aa+210.856+baS+	2231	2287	2319	2380	2501	2586	2824	2893	2941	2560
naif1+aa+212.608+ratb+	2483	2553	2565	2560	2566	2557	2567	2611	2717	2554
naif1+aa+214.239+wasTh+	2363	2413	2375	2345	2408	2523	2718	2915	2987	2653
naif1+aa+216.334+anfSal+	2651	2548	2415	2333	2320	2355	2393	2424	2441	2408
naif1+ii+221.796+yTyr+	2561	2519	2569	2505	2469	2483	2478	2601	2631	2528
naif1+uu+223.555+wDw\?g+	2349	2340	2205	2132	2146	2180	2264	2309	2335	2212
naif1+aa+225.450+balTa\?grh+	2827	2460	2252	2283	2228	2246	2270	2323	2359	2293
naif1+aa+227.372+tab+	2038	1831	2192	2319	2247	2182	2211	2268	2242	2019
naif1+ii+229.359+qDyb+	2541	2501	2529	2546	2532	2446	2467	2530	2531	2362
naif1+uu+232.715+zhwr+	2283	2294	2316	2284	2263	2258	2294	2342	2356	2238
naif1+aa+234.366+bsaTh+	2607	2550	2540	2573	2602	2648	2702	2779	2804	2686
naif1+aa+237.602+ant\D-am+	2613	2657	2654	2674	2708	2584	2496	2483	2428	2622
naif1+aa+244.170+antSar+	2675	2642	2617	2625	2647	2650	2719	2747	2760	2650
naif1+uu+245.929+skwt+	2137	2173	2212	2235	2259	2277	2354	2421	2442	2288
naif1+aa+247.733+rDa\?g+	2627	2710	2648	2629	2650	2674	2696	2786	2804	2699
naif1+aa+249.260+tab\9e+	2944	2073	2170	2192	2170	2262	2378	2402	2448	2104
naif1+uu+257.575+sTwr+	2561	2526	2525	2510	2484	2460	2453	2435	2432	2432
naif1+uu+259.139+hw+	2153	2233	2219	2224	2251	2266	2306	2319	2335	2277
naif1+ii+260.691+n\D-yf+	2656	2618	2726	2799	2750	2625	2592	2544	2510	2354
naif1+ii+264.083+mTyh+	2735	2520	2596	2760	2892	2973	2999	2980	2975	3037
naif1+ii+265.839+jzyrh+	2329	2356	2421	2484	2461	2393	2344	2322	2301	2254
naif1+uu+269.794+ftwr+	2178	2145	2170	2185	2212	2226	2252	2283	2288	2243
naif1+uu+271.422+\shrwT+	2284	2299	2302	2326	2341	2354	2383	2396	2403	2349
naif1+aa+273.251+mtwaSl+	2362	2369	2418	2500	2621	2718	2781	2943	2971	2781
naif1+aa+275.056+Tbabh+	2331	2378	2409	2407	2406	2391	2368	2362	2354	2405
naif1+aa+276.872+mna\D-r+	1784	1614	2072	2488	2714	2784	2785	2767	2761	2953
naif1+ii+278.632+nSyb+	2520	2477	2522	2588	2593	2564	2563	2574	2567	2428
naif1+aa+280.014+Samt+	2681	2590	2526	2494	2452	2405	2393	2393	2390	2444
naif1+uu+283.803+fTwr+	2507	2443	2411	2397	2383	2381	2438	2433	2442	2324
naif1+ii+285.283+hy+	2742	2470	2741	2865	2895	2817	2686	2579	2509	2726
naif1+aa+289.112+mwa\D-bh+	2228	2579	2682	2692	2678	2696	2744	2772	2786	2694
naif1+ii+294.105+fTyrh+	2669	2460	2419	2465	2501	2465	2421	2377	2348	2354
naif1+aa+295.592+maDy+	2000	2435	2646	2695	2748	2757	2723	2712	2688	2891
naif1+ii+295.903+maDy+	2465	2498	2532	2531	2571	2571	2478	2500	2504	2652
naif1+ii+297.314+Sdyd+	2559	2429	2414	2419	2485	2531	2623	2578	2583	2594
naif1+ii+299.231+mtwDy\?g+	2438	2425	2411	2401	2391	2365	2362	2342	2551	2322
naif1+aa+300.641+maD+	2277	2510	2766	2926	2936	2876	2808	2766	2735	2754
naif1+aa+302.417+awTan+	2703	2743	2650	2627	2659	2764	2656	2677	2675	2870
naif1+uu+307.713+aSwl+	2671	2541	2522	2510	2503	2488	2479	2440	2430	2454
naif1+uu+310.583+zhwr+	2248	2251	2246	2221	2183	2171	2185	2229	2437	2132
naif1+aa+311.738+mwaTn+	2205	2493	2610	2634	2686	2723	2763	2805	2804	2753
naif1+aa+312.935+maD+	2266	2874	2732	2668	2729	2804	2821	2819	2816	2768
naif1+ii+316.739+mtwDy\?g+	2576	2577	2581	2601	2654	2711	2763	2699	2646	2703
naif1+aa+317.944+faSl+	2437	2402	2493	2593	2677	2749	2820	2877	2888	2795
naif1+uu+320.948+sTwr+	2899	2824	2771	2806	2834	2794	2701	2726	2701	2681
naif1+ii+322.677+sdyd+	2597	2661	2651	2557	2518	2469	2462	2458	2455	2489
naif1+aa+325.223+fTam+	2971	2958	2802	2772	2721	2532	2485	2490	2461	2203
naif1+aa+326.921+alnaSrh+	2717	2812	2640	2622	2660	2702	2756	2875	2909	2731
naif1+aa+328.818+anfSal+	2655	2673	2572	2513	2511	2520	2528	2543	2547	2547
naif1+aa+330.075+baS+	2385	2479	2555	2602	2624	2654	2843	2926	2989	2717
naif1+aa+331.598+rDa\?g+	2805	2898	2832	2720	2635	2598	2616	2631	2636	2545
naif1+ii+333.051+hy+	2807	2421	2755	2612	2586	2444	2456	2461	2427	2329
naif1+aa+334.534+sTam+	2856	2847	2719	2672	2671	2656	2643	2705	2712	2466
naif1+aa+335.740+tab+	2435	2276	2323	2339	2335	2328	2322	2329	2329	2325
naif1+ii+340.235+mTyh+	2684	2526	2612	2805	2850	2818	2714	2665	2679	2749
naif1+aa+345.128+alfDa\?g+	2760	2696	2671	2655	2631	2623	2651	2705	2720	2622
naif1+aa+348.256+Tbabh+	2348	2298	2354	2390	2401	2375	2361	2365	2366	2367
naif1+aa+351.991+naDj+	1989	2098	2250	2455	2630	2690	2741	2752	2722	2500
naif1+aa+353.448+HaDr+	2247	2366	2420	2467	2520	2569	2577	2592	2601	2636
naif1+ii+354.921+w\D-yfh+	2590	2444	2673	2933	2989	2766	2693	2734	2683	2374
naif1+aa+356.566+awTan+	2847	2566	2438	2398	2401	2412	2431	2474	2489	2460
naif1+uu+358.722+fTwr+	2872	3018	2724	2531	2495	2475	2460	2438	2420	2457
naif1+aa+360.285+alan+	2329	2305	2338	2352	2376	2381	2451	2507	2525	2321
naif1+aa+363.417+ratb+	2227	2271	2371	2361	2330	2341	2464	2531	2567	2339
naif1+aa+364.879+Tab\9e+	2497	2407	2549	2579	2537	2450	2426	2414	2400	2363
naif1+aa+366.350+wasTh+	2359	2444	2417	2417	2423	2394	2553	2704	2779	2364
naif1+uu+367.869+wDwh+	2341	2346	2338	2333	2313	2295	2298	2327	2346	2277
naif1+ii+370.936+yTyr+	2468	2395	2423	2411	2393	2378	2382	2379	2375	2360
naif1+aa+373.226+balTa\?grh+	2857	2806	2648	2568	2531	2503	2520	2513	2509	2444
naif1+aa+374.593+Samt+	2648	2468	2391	2427	2418	2344	2300	2300	2290	2251
naif1+uu+376.146+hw+	2239	2265	2254	2266	2265	2259	2272	2303	2332	2221
naif1+aa+377.563+bsaTh+	2664	2636	2574	2583	2605	2655	2752	2877	2917	2725
naif1+ii+380.062+qDyb+	2688	2620	2644	2683	2685	2601	2604	2649	2637	2436
naif1+aa+381.297+n\D-afh+	2714	2747	2702	2659	2635	2617	2610	2841	2872	2595
naif1+aa+382.686+ant\D-am+	2710	2718	2695	2689	2658	2575	2519	2512	2489	2618
naif1+ii+383.977+jzyrh+	2351	2402	2421	2417	2417	2386	2357	2328	2317	2354
naif1+ii+387.984+n\D-yf+	2674	2565	2676	2800	2759	2600	2475	2434	2386	2399
naif1+uu+389.375+fDwl+	2483	2475	2414	2335	2326	2318	2327	2350	2359	2356
naif1+uu+390.971+skwt+	2078	2161	2189	2214	2229	2234	2230	2232	2233	2257
naif1+aa+392.341+mna\D-r+	2484	2794	2643	2800	2923	2919	2826	2779	2738	2709
naif1+aa+396.938+mwa\D-bh+	3128	3077	2965	2988	3045	3026	2978	2937	2908	2870
naif1+aa+398.777+antSar+	2582	2458	2380	2410	2404	2381	2371	2363	2356	2319
naif1+ii+400.086+mSyr+	2396	2386	2412	2410	2414	2402	2390	2383	2373	2389
naif1+aa+401.400+tab\9e+	2108	2075	2226	2310	2337	2317	2302	2298	2286	2277
naif1+ii+404.727+fTyrh+	2557	2375	2381	2381	2402	2409	2403	2412	2411	2422
naif1+aa+409.119+mlabs+	2423	2419	2400	2391	2385	2347	2339	2339	2336	2303
naif1+ii+410.670+Sdyd+	2454	2349	2344	2351	2380	2368	2401	2494	2510	2376
naif1+aa+413.390+mtwaSl+	2469	2463	2522	2530	2486	2505	2779	2882	2949	2479
naif1+aa+414.987+ktab+	2340	2196	2238	2281	2302	2310	2331	2348	2356	2327
naif1+ii+418.569+nSyb+	2381	2361	2326	2296	2293	2284	2360	2460	2489	2300
naif1+aa+419.950+maDy+	2510	2908	3111	3171	3117	2969	2914	2868	2850	2830
naif1+ii+420.222+maDy+	2381	2403	2430	2429	2552	2782	3001	3020	2949	3029
naif1+ii+422.805+wsyTh+	2344	2341	2309	2290	2303	2326	2345	2350	2354	2364
naif1+uu+425.756+\shrwT+	2275	2307	2394	2431	2460	2478	2483	2526	2537	2525
naif1+ii+427.077+tlyfwn+	2349	2382	2371	2321	2284	2248	2253	2332	2547	2215
naif1+uu+427.236+tlyfwn+	2263	2286	2289	2302	2312	2295	2282	2369	2397	2273
naif1+uu+432.225+ftwr+	2238	2210	2227	2256	2287	2311	2344	2344	2345	2338
naif1+aa+450.155+ba\?g+	2263	2284	2304	2311	2326	2333	2343	2360	2368	2329
naif1+aa+451.327+ta\?g+	2388	2179	2177	2228	2264	2285	2345	2367	2384	2287
naif1+ii+453.933+jym+	2928	2965	2999	3034	3075	2842	2605	2453	2356	2590
naif1+aa+457.731+dal+	2317	2252	2299	2313	2329	2357	2386	2394	2398	2437
naif1+aa+459.047+\dhal+	2387	2424	2445	2413	2387	2394	2365	2355	2340	2419
naif1+ii+463.333+syn+	2274	2582	2912	3087	3110	3036	2833	2713	2643	2953
naif1+ii+464.742+\shyn+	3087	3106	3110	3120	2940	2678	2513	2416	2300	2299
naif1+aa+465.999+Sad+	2693	2650	2617	2595	2557	2529	2534	2526	2522	2491
naif1+aa+467.611+Dad+	2799	2758	2740	2718	2685	2661	2645	2638	2633	2632
naif1+aa+469.032+Ta\?g+	2933	2797	2724	2663	2614	2588	2658	2663	2680	2405
naif1+aa+470.995+\D-a\?g+	2721	2706	2681	2637	2601	2601	2643	2649	2661	2582
naif1+aa+475.050+fa\?g+	2277	2339	2358	2367	2368	2377	2441	2469	2488	2357
naif1+aa+479.109+lam+	2391	2319	2320	2293	2261	2204	2221	2208	2198	2100
naif1+ii+480.375+mym+	3082	3126	3135	3078	3013	2686	2498	2416	2263	2060
naif1+uu+481.562+nwn+	2185	2163	2216	2350	2433	2399	2364	2335	2295	2311
naif1+aa+482.727+ha\?g+	2228	2229	2265	2288	2329	2333	2423	2438	2451	2312
naif2+uu+12.270+aSwl+	2305	2174	2212	2240	2231	2254	2311	2370	2395	2258
naif2+aa+15.138+mwaTn+	2375	2457	2446	2523	2590	2629	2646	2651	2666	2620
naif2+aa+16.601+awTan+	2744	2797	2734	2681	2678	2676	2688	2733	2737	2484
naif2+aa+19.301+maD+	2554	2757	2767	2793	2825	2808	2792	2756	2733	2723
naif2+aa+24.977+alfDa\?g+	2709	2701	2688	2670	2665	2656	2638	2659	2658	2655
naif2+aa+27.378+baS+	2232	2354	2481	2550	2607	2655	2759	2876	2913	2693
naif2+aa+29.135+antSar+	2716	2705	2655	2641	2634	2634	2657	2684	2692	2629
naif2+aa+30.428+ratb+	2743	2748	2717	2653	2630	2640	2667	2705	2722	2689
naif2+uu+32.365+fTwr+	3528	3338	3340	3001	2711	2484	2482	2456	2450	2410
naif2+aa+33.777+wasTh+	2421	2422	2415	2461	2526	2588	2726	2880	2944	2644
naif2+aa+35.520+Tbabh+	2392	2493	2539	2514	2494	2439	2426	2416	2404	2401
naif2+aa+37.304+anfSal+	2612	2664	2611	2541	2509	2506	2512	2522	2527	2496
naif2+ii+38.840+hy+	2656	2694	2597	2547	2536	2517	2507	2506	2506	2514
naif2+aa+40.402+balTa\?grh+	2740	2736	2664	2620	2595	2565	2541	2536	2532	2542
naif2+uu+41.755+wDw\?g+	2669	2953	2961	2761	2538	2484	2413	2390	2401	2276
naif2+aa+43.111+tab+	2650	2390	2352	2357	2360	2369	2348	2440	2456	2374
naif2+ii+44.717+tlyfwn+	2478	2442	2409	2348	2295	2261	2298	2351	2385	2241
naif2+uu+44.909+tlyfwn+	2304	2309	2284	2279	2296	2292	2309	2333	2334	2299
naif2+ii+46.338+qDyb+	2669	2563	2554	2573	2555	2524	2621	2647	2666	2424
naif2+ii+48.032+jzyrh+	2296	2281	2402	2526	2565	2509	2440	2407	2387	2406
naif2+aa+51.001+rDa\?g+	2784	2853	2781	2702	2660	2621	2616	2615	2612	2608
naif2+uu+52.481+zhwr+	2341	2328	2331	2331	2311	2287	2330	2338	2344	2226
naif2+aa+53.890+alnaSrh+	2850	2613	2605	2721	2793	2817	2923	3028	3062	2817
naif2+aa+55.428+n\D-afh+	2744	2719	2672	2645	2610	2567	2566	2596	2601	2532
naif2+aa+57.047+ant\D-am+	2640	2639	2620	2620	2652	2567	2513	2495	2460	2431
naif2+ii+58.394+w\D-yfh+	2541	2446	2466	2542	2586	2574	2587	2619	2618	2557
naif2+aa+64.335+mwa\D-bh+	2550	2612	2622	2626	2642	2657	2671	2672	2679	2689
naif2+aa+65.751+tab\9e+	2464	2199	2225	2258	2268	2242	2218	2251	2248	2241
naif2+aa+68.185+mna\D-r+	2702	2826	2887	2879	2838	2787	2749	2714	2694	2750
naif2+uu+73.783+sTwr+	2500	2462	2455	2450	2441	2430	2408	2405	2399	2428
naif2+ii+75.563+wsyTh+	2410	2376	2351	2368	2397	2441	2483	2516	2533	2512
naif2+ii+77.328+n\D-yf+	2559	2484	2592	2637	2608	2553	2557	2556	2550	2409
naif2+ii+78.893+mTyh+	2632	2682	2784	2963	2958	2882	2773	2710	2679	2791
naif2+uu+82.461+\shrwT+	2260	2229	2233	2242	2258	2291	2403	2490	2527	2357
naif2+aa+84.025+mtwaSl+	2371	2426	2502	2538	2569	2577	2808	2935	2988	2584
naif2+ii+85.806+nSyb+	2365	2376	2471	2528	2519	2428	2554	2547	2549	2289
naif2+uu+88.538+ftwr+	2329	2418	2310	2276	2283	2298	2357	2375	2385	2269
naif2+uu+90.087+fDwl+	2823	2879	2648	2593	2487	2429	2371	2334	2334	2278
naif2+ii+95.367+yTyr+	2706	2621	2552	2528	2515	2480	2451	2444	2432	2415
naif2+aa+102.713+Tab\9e+	3045	2824	2708	2675	2648	2573	2616	2609	2601	2451
naif2+aa+105.212+faSl+	2163	2337	2466	2510	2562	2630	2719	2831	2868	2771
naif2+aa+107.423+alan+	2426	2353	2289	2277	2324	2388	2453	2501	2533	2451
naif2+ii+108.864+fTyrh+	2804	2670	2681	2637	2545	2465	2400	2388	2384	2374
naif2+uu+110.188+hw+	2239	2250	2261	2285	2286	2285	2288	2268	2265	2263
naif2+aa+112.758+Samt+	2569	2767	2741	2681	2637	2536	2436	2390	2350	2432
naif2+aa+114.219+maDy+	2023	2475	2968	3037	3035	2983	2903	2881	2849	2940
naif2+ii+114.541+maDy+	2497	2503	2551	2597	2603	2679	2794	2884	2926	2721
naif2+ii+116.272+mtwDy\?g+	2820	2815	2796	2766	2726	2703	2681	2666	2674	2683
naif2+aa+117.894+fTam+	3008	3057	2928	2815	2801	2616	2499	2464	2378	2259
naif2+uu+119.357+skwt+	2160	2151	2194	2219	2226	2241	2279	2292	2300	2229
naif2+aa+125.548+sTam+	2969	2981	2808	2707	2698	2754	2784	2747	2735	2816
naif2+ii+127.001+mSyr+	2570	2376	2430	2479	2459	2462	2460	2507	2520	2478
naif2+aa+128.591+bsaTh+	2761	2749	2677	2597	2585	2632	2650	2720	2743	2767
naif2+aa+130.092+mlabs+	2360	2343	2273	2242	2246	2257	2242	2243	2245	2319
naif2+ii+132.082+Sdyd+	2463	2452	2515	2500	2478	2451	2522	2496	2501	2422
naif2+aa+133.670+ktab+	2300	2109	2112	2132	2146	2173	2163	2174	2179	2223
naif2+aa+135.456+naDj+	2927	2934	2924	2907	2906	2907	2882	2794	2782	2869
naif2+ii+137.291+sdyd+	2393	2390	2398	2448	2449	2439	2536	2568	2586	2253
naif2+ii+138.897+wsyTh+	2427	2379	2353	2339	2314	2309	2319	2320	2340	2321
naif2+uu+140.550+aSwl+	2766	2282	2246	2238	2228	2219	2242	2259	2267	2200
naif2+ii+142.067+w\D-yfh+	2431	2393	2586	2700	2736	2682	2688	2670	2662	2665
naif2+aa+146.487+mwaTn+	2373	2446	2477	2614	2713	2734	2708	2694	2674	2678
naif2+aa+148.939+faSl+	2386	2443	2484	2556	2573	2595	2722	2747	2782	2549
naif2+aa+150.190+naDj+	2508	2505	2406	2500	2656	2728	2753	2782	2833	2945
naif2+aa+154.256+fTam+	2899	3076	2839	2640	2540	2423	2393	2383	2366	2218
naif2+aa+157.024+n\D-afh+	2767	2770	2944	2898	2703	2543	2549	2588	2610	2395
naif2+aa+158.473+alnaSrh+	2383	2717	2778	2771	2810	2817	2915	2957	2976	2787
naif2+aa+161.660+sTam+	2900	2831	2773	2727	2716	2713	2600	2572	2551	2791
naif2+uu+163.196+fDwl+	2630	2714	2503	2268	2257	2269	2294	2312	2319	2275
naif2+aa+168.173+alfDa\?g+	2885	2884	2725	2662	2674	2668	2661	2667	2665	2616
naif2+aa+170.924+ktab+	2468	2474	2397	2351	2384	2365	2354	2361	2350	2392
naif2+ii+172.347+tlyfwn+	2415	2380	2313	2323	2297	2278	2284	2400	2507	2215
naif2+uu+172.533+tlyfwn+	2268	2238	2254	2240	2235	2240	2237	2261	2292	2256
naif2+ii+173.858+mSyr+	2462	2373	2348	2358	2370	2385	2412	2408	2413	2387
naif2+ii+175.325+sdyd+	2456	2572	2613	2590	2608	2580	2570	2564	2550	2574
naif2+aa+176.571+mlabs+	2373	2413	2434	2409	2395	2369	2387	2400	2405	2356
naif2+aa+178.047+alan+	2494	2505	2520	2512	2520	2499	2518	2524	2524	2507
naif2+aa+179.273+baS+	2392	2484	2537	2574	2610	2647	2768	2870	2914	2709
naif2+aa+180.529+ratb+	2758	2698	2656	2554	2505	2538	2600	2668	2706	2621
naif2+aa+181.747+wasTh+	2379	2420	2456	2462	2515	2586	2723	2896	2944	2672
naif2+aa+183.315+anfSal+	2646	2652	2603	2573	2546	2534	2516	2511	2509	2507
naif2+ii+187.290+yTyr+	2555	2494	2540	2567	2606	2591	2567	2563	2556	2644
naif2+uu+188.707+wDw\?g+	2525	2426	2362	2333	2334	2345	2357	2343	2345	2372
naif2+aa+190.328+balTa\?grh+	2994	2965	2673	2540	2503	2471	2495	2499	2502	2418
naif2+aa+191.677+tab+	2572	2259	2258	2299	2334	2331	2297	2291	2282	2365
naif2+ii+193.476+qDyb+	2669	2478	2397	2386	2399	2388	2337	2358	2346	2371
naif2+uu+196.008+zhwr+	2296	2324	2324	2296	2267	2262	2376	2433	2460	2258
naif2+aa+197.269+bsaTh+	2595	2580	2543	2542	2565	2606	2637	2689	2707	2678
naif2+aa+200.210+ant\D-am+	2598	2624	2610	2589	2561	2542	2478	2453	2439	2557
naif2+aa+205.763+antSar+	2723	2706	2660	2632	2615	2597	2604	2580	2574	2640
naif2+uu+207.185+skwt+	2135	2191	2253	2284	2287	2300	2253	2256	2252	2321
naif2+aa+208.542+rDa\?g+	2802	2651	2607	2578	2579	2579	2592	2614	2617	2555
naif2+aa+209.695+tab\9e+	2122	2195	2223	2223	2232	2214	2230	2230	2227	2231
naif2+uu+215.669+sTwr+	2867	2700	2596	2519	2468	2430	2339	2357	2332	2337
naif2+uu+216.872+hw+	2288	2298	2295	2286	2291	2301	2302	2313	2316	2323
naif2+ii+217.926+n\D-yf+	2380	2364	2442	2526	2528	2470	2440	2427	2411	2354
naif2+ii+220.352+mTyh+	2505	2481	2712	2755	2690	2600	2545	2524	2515	2535
naif2+ii+221.741+jzyrh+	2296	2292	2313	2322	2298	2261	2246	2266	2267	2205
naif2+uu+224.792+ftwr+	2328	2223	2211	2235	2253	2278	2321	2378	2396	2290
naif2+uu+226.201+\shrwT+	2214	2254	2235	2232	2268	2326	2393	2501	2532	2364
naif2+aa+227.549+mtwaSl+	2344	2385	2438	2515	2582	2619	2781	3004	3054	2639
naif2+aa+229.095+Tbabh+	2349	2332	2341	2336	2337	2334	2389	2393	2400	2315
naif2+aa+230.547+mna\D-r+	2358	2530	2685	2685	2675	2718	2727	2715	2719	2827
naif2+ii+232.028+nSyb+	2372	2378	2397	2460	2526	2506	2560	2537	2536	2454
naif2+aa+233.452+Samt+	2832	2911	2818	2700	2622	2488	2381	2339	2290	2371
naif2+uu+237.454+fTwr+	2842	2920	2798	2860	2724	2576	2383	2338	2318	2415
naif2+ii+238.560+hy+	2990	2382	2644	2731	2702	2616	2591	2556	2527	2499
naif2+aa+241.305+mwa\D-bh+	2288	2582	2629	2643	2690	2729	2746	2761	2765	2791
naif2+aa+242.666+Tab\9e+	2809	2947	2765	2593	2537	2451	2407	2387	2361	2349
naif2+ii+245.496+fTyrh+	2535	2514	2502	2504	2501	2474	2455	2442	2429	2427
naif2+aa+246.859+maDy+	2091	2109	2433	2634	2739	2723	2711	2705	2683	2673
naif2+ii+247.166+maDy+	2587	2617	2723	2747	2704	2627	2580	2572	2562	2597
naif2+ii+248.301+Sdyd+	2440	2477	2480	2512	2541	2510	2491	2487	2474	2457
naif2+ii+249.945+mtwDy\?g+	2642	2661	2657	2624	2594	2547	2526	2543	2559	2512
naif2+aa+251.235+maD+	2186	2305	2562	2704	2764	2716	2674	2663	2639	2692
naif2+aa+252.966+awTan+	2753	2762	2637	2636	2627	2586	2521	2501	2483	2550
naif2+uu+254.497+aSwl+	2502	2591	2464	2326	2285	2280	2294	2301	2312	2281
naif2+uu+257.541+zhwr+	2294	2287	2260	2257	2262	2280	2301	2305	2312	2320
naif2+aa+258.941+mwaTn+	2301	2489	2677	2704	2652	2610	2567	2514	2502	2605
naif2+aa+260.335+maD+	2044	2359	2683	2798	2832	2805	2793	2781	2760	2729
naif2+ii+263.751+mtwDy\?g+	2678	2695	2676	2652	2647	2636	2629	2620	2611	2635
naif2+aa+264.922+faSl+	2650	2521	2519	2570	2618	2651	2858	3046	3116	2655
naif2+uu+267.896+sTwr+	2524	2505	2507	2502	2473	2448	2398	2360	2344	2401
naif2+ii+269.278+sdyd+	2524	2597	2610	2624	2620	2585	2583	2558	2548	2473
naif2+aa+270.836+fTam+	2631	2625	2653	2626	2571	2465	2448	2425	2405	2235
naif2+aa+272.857+alnaSrh+	2757	2932	2874	2918	2910	2848	2930	2997	3015	2710
naif2+aa+274.555+anfSal+	2554	2663	2592	2529	2498	2474	2449	2477	2480	2453
naif2+aa+275.562+baS+	2296	2434	2498	2472	2477	2486	2550	2607	2626	2440
naif2+aa+277.039+rDa\?g+	2743	2788	2651	2557	2523	2520	2496	2579	2589	2482
naif2+ii+278.558+hy+	2592	2492	2449	2458	2466	2459	2464	2479	2490	2490
naif2+aa+280.015+sTam+	2942	3067	2940	2789	2688	2630	2581	2553	2544	2672
naif2+aa+281.283+tab+	2393	2244	2225	2246	2293	2284	2287	2319	2320	2265
naif2+ii+285.488+mTyh+	2652	2537	2666	2805	2805	2716	2624	2583	2562	2598
naif2+aa+289.629+alfDa\?g+	2789	2851	2767	2678	2615	2544	2509	2535	2537	2466
naif2+aa+292.592+Tbabh+	2418	2534	2534	2513	2454	2396	2354	2336	2324	2314
naif2+aa+295.247+naDj+	2521	2291	2472	2640	2770	2813	2744	2730	2719	2868
naif2+ii+297.804+w\D-yfh+	2511	2506	2692	2809	2730	2588	2587	2540	2518	2269
naif2+aa+299.402+awTan+	3101	2931	2837	2801	2737	2666	2631	2634	2621	2594
naif2+uu+301.212+fTwr+	2969	2649	2658	2661	2615	2541	2544	2603	2614	2470
naif2+aa+302.454+alan+	2393	2360	2319	2332	2370	2360	2414	2457	2470	2234
naif2+aa+304.911+ratb+	2553	2578	2661	2689	2701	2634	2645	2689	2673	2530
naif2+aa+306.302+Tab\9e+	2825	2883	2992	2962	2876	2719	2616	2574	2544	2583
naif2+aa+307.695+wasTh+	2306	2389	2448	2520	2596	2752	2885	3117	3184	2715
naif2+uu+309.252+wDwh+	2949	2871	2474	2243	2216	2244	2293	2329	2345	2241
naif2+ii+311.803+yTyr+	2497	2377	2368	2406	2419	2392	2503	2510	2525	2323
naif2+aa+313.009+balTa\?grh+	2840	2801	2602	2533	2490	2427	2430	2439	2432	2368
naif2+aa+314.356+Samt+	2785	2851	2875	2853	2753	2599	2484	2459	2413	2316
naif2+uu+315.435+hw+	2249	2297	2301	2306	2309	2298	2290	2289	2285	2313
naif2+aa+316.618+bsaTh+	2609	2614	2622	2669	2686	2687	2699	2728	2726	2640
naif2+ii+319.039+qDyb+	2630	2490	2456	2452	2408	2399	2346	2406	2410	2332
naif2+aa+320.181+n\D-afh+	2833	2950	2947	2788	2657	2576	2587	2619	2626	2516
naif2+aa+321.850+ant\D-am+	2714	2733	2719	2660	2563	2482	2440	2424	2411	2445
naif2+ii+323.136+jzyrh+	2249	2272	2288	2384	2400	2384	2347	2312	2298	2291
naif2+ii+327.026+n\D-yf+	2496	2464	2589	2696	2721	2609	2539	2519	2485	2413
naif2+uu+328.381+fDwl+	2996	2984	3028	2843	2589	2383	2281	2242	2240	2216
naif2+uu+330.035+skwt+	2162	2113	2177	2222	2249	2259	2243	2232	2229	2267
naif2+aa+331.194+mna\D-r+	2797	2823	2694	2655	2691	2710	2668	2671	2662	2774
naif2+aa+334.180+mwa\D-bh+	2372	2562	2551	2570	2630	2671	2713	2732	2740	2722
naif2+aa+336.028+antSar+	2568	2567	2525	2506	2496	2492	2557	2581	2594	2448
naif2+ii+337.460+mSyr+	2444	2417	2443	2480	2476	2426	2436	2447	2443	2368
naif2+aa+338.604+tab\9e+	2535	2493	2382	2344	2333	2305	2245	2229	2215	2343
naif2+ii+341.168+fTyrh+	2615	2582	2573	2553	2509	2441	2386	2369	2351	2374
naif2+aa+345.242+mlabs+	2473	2470	2460	2447	2448	2438	2405	2404	2396	2411
naif2+ii+346.718+Sdyd+	2555	2553	2544	2528	2530	2514	2489	2479	2468	2522
naif2+aa+348.087+mtwaSl+	2423	2456	2467	2516	2593	2656	2714	2919	2987	2716
naif2+aa+350.205+ktab+	2353	2267	2276	2296	2328	2369	2376	2391	2397	2408
naif2+ii+353.397+nSyb+	2470	2426	2506	2622	2673	2634	2670	2691	2674	2366
naif2+aa+354.651+maDy+	2398	2764	2720	2737	2758	2758	2741	2722	2715	2771
naif2+ii+354.937+maDy+	2729	2741	2778	2849	2908	2928	2852	2885	2809	2907
naif2+ii+357.202+wsyTh+	2394	2438	2480	2495	2531	2546	2542	2534	2535	2567
naif2+uu+359.812+\shrwT+	2467	2430	2392	2401	2449	2486	2524	2523	2530	2544
naif2+ii+361.088+tlyfwn+	2392	2328	2282	2227	2203	2137	2173	2272	2440	2103
naif2+uu+361.261+tlyfwn+	2200	2207	2206	2213	2184	2168	2199	2278	2295	2172
naif2+uu+364.368+ftwr+	2496	2319	2210	2197	2202	2246	2315	2382	2412	2312
naif2+aa+375.662+ba\?g+	2267	2463	2497	2468	2445	2415	2393	2385	2369	2384
naif2+aa+376.786+ta\?g+	2466	2496	2530	2532	2560	2588	2551	2500	2475	2752
naif2+ii+379.111+jym+	2608	2407	2334	2305	2281	2254	2239	2239	2232	2262
naif2+aa+382.551+dal+	2503	2400	2379	2416	2457	2497	2507	2516	2521	2518
naif2+aa+383.758+\dhal+	2464	2502	2475	2438	2418	2468	2566	2598	2638	2419
naif2+ii+387.454+syn+	2301	2722	2893	2907	2695	2543	2407	2315	2306	2269
naif2+ii+388.794+\shyn+	3146	3066	3007	3156	3154	2898	2693	2590	2442	2372
naif2+aa+389.959+Sad+	2689	2657	2607	2572	2558	2542	2501	2492	2480	2496
naif2+aa+391.331+Dad+	2853	2760	2686	2638	2602	2575	2542	2534	2524	2553
naif2+aa+392.616+Ta\?g+	2855	2735	2695	2657	2617	2584	2618	2620	2626	2558
naif2+aa+393.974+\D-a\?g+	2731	2742	2708	2674	2637	2648	2672	2675	2687	2618
naif2+aa+397.679+fa\?g+	2297	2363	2399	2419	2419	2434	2480	2488	2503	2421
naif2+aa+401.739+lam+	2445	2449	2461	2449	2443	2394	2382	2369	2353	2405
naif2+ii+402.951+mym+	2880	3107	3137	3001	2837	2629	2503	2418	2345	2521
naif2+uu+404.227+nwn+	2287	2332	2407	2398	2375	2323	2308	2307	2292	2248
naif2+aa+405.461+ha\?g+	2455	2340	2314	2343	2372	2378	2409	2416	2423	2416
saud+uu+3.284+aSwl+	2608	2688	2658	2628	2614	2598	2544	2529	2522	2588
saud+aa+6.801+mwaTn+	2355	2359	2385	2455	2564	2587	2619	2639	2652	2617
saud+aa+8.686+awTan+	2745	2652	2553	2462	2320	2202	2150	2228	2294	2071
saud+aa+12.070+maD+	2177	2121	2131	2164	2210	2274	2422	2510	2554	2377
saud+aa+20.528+alfDa\?g+	2717	2733	2766	2811	2841	2865	2877	2877	2843	2878
saud+aa+24.672+baS+	2501	2573	2648	2699	2738	2778	2796	2909	2930	2836
saud+aa+27.065+antSar+	2755	2809	2797	2775	2741	2719	2730	2758	2764	2688
saud+aa+28.751+ratb+	2277	2324	2350	2398	2450	2499	2510	2552	2580	2627
saud+uu+30.553+fTwr+	2796	2786	2747	2732	2707	2630	2453	2423	2382	2549
saud+aa+36.297+Tbabh+	2535	2568	2597	2625	2632	2615	2642	2614	2605	2565
saud+aa+38.443+anfSal+	2783	2774	2769	2730	2704	2721	2768	2774	2783	2716
saud+ii+39.799+hy+	3092	3076	3092	3108	3102	3094	3098	3097	3084	3084
saud+aa+42.479+balTa\?grh+	2701	2719	2740	2724	2701	2670	2650	2633	2623	2640
saud+uu+44.085+wDw\?g+	2565	2632	2658	2638	2609	2605	2581	2587	2591	2621
saud+aa+45.921+tab+	2673	2130	2601	2683	2699	2671	2705	2707	2705	2616
saud+ii+48.657+tlyfwn+	2630	2570	2575	2544	2493	2466	2464	2464	2497	2430
saud+uu+48.823+tlyfwn+	2278	2379	2442	2467	2490	2473	2455	2424	2410	2447
saud+ii+50.697+qDyb+	2673	2685	2697	2709	2672	2612	2565	2521	2494	2489
saud+ii+52.715+jzyrh+	2664	2672	2658	2606	2581	2565	2573	2552	2548	2546
saud+aa+55.479+rDa\?g+	2641	2663	2707	2738	2744	2741	2731	2742	2747	2729
saud+uu+56.967+zhwr+	2519	2522	2530	2552	2566	2514	2434	2397	2372	2494
saud+aa+58.503+alnaSrh+	2336	2195	2092	2243	2347	2407	2692	2935	3137	2467
saud+aa+60.314+n\D-afh+	2616	2651	2725	2779	2782	2775	2821	2812	2817	2741
saud+aa+62.324+ant\D-am+	2605	2568	2420	2288	2247	2441	2614	2692	2755	2441
saud+ii+63.975+w\D-yfh+	2663	2637	2626	2611	2610	2592	2668	2766	2766	2587
saud+aa+69.891+mwa\D-bh+	2326	2301	2323	2386	2488	2547	2556	2622	2708	2642
saud+aa+71.958+tab\9e+	2700	2513	2309	2354	2418	2454	2510	2570	2577	2435
saud+aa+74.207+mna\D-r+	2097	1997	2126	2197	2270	2364	2480	2563	2596	2493
saud+uu+80.749+sTwr+	2690	2698	2690	2679	2640	2554	2485	2441	2413	2462
saud+ii+82.952+wsyTh+	2987	2974	2961	2961	2920	2663	2562	2587	2637	2165
saud+ii+84.870+n\D-yf+	2699	2716	2739	2771	2763	2719	2691	2677	2680	2697
saud+ii+86.961+mTyh+	2816	2849	3012	3182	3236	3192	3072	2977	2931	3108
saud+uu+91.203+\shrwT+	2581	2645	2677	2697	2714	2730	2748	2688	2683	2727
saud+aa+93.354+mtwaSl+	2533	2595	2634	2679	2706	2743	2783	2823	2899	2784
saud+ii+95.797+nSyb+	2875	2877	2857	2848	2812	2744	2672	2641	2629	2643
saud+uu+98.230+ftwr+	2525	2501	2524	2558	2567	2569	2459	2388	2364	2595
saud+uu+100.226+fDwl+	2721	2706	2709	2682	2635	2617	2598	2576	2574	2598
saud+ii+106.301+yTyr+	2850	2816	2822	2808	2766	2724	2688	2686	2681	2696
saud+aa+116.709+Tab\9e+	2786	2879	2839	2780	2731	2681	2662	2651	2641	2576
saud+aa+120.853+faSl+	2491	2587	2690	2765	2786	2793	2814	2876	2874	2779
saud+aa+123.536+alan+	2609	2548	2418	2347	2366	2444	2504	2560	2598	2548
saud+ii+125.081+fTyrh+	2710	2724	2727	2719	2700	2669	2632	2604	2577	2623
saud+uu+126.672+hw+	2553	2476	2482	2514	2543	2546	2534	2569	2627	2517
saud+aa+130.088+Samt+	2803	2822	2884	2655	2529	2442	2467	2496	2500	2390
saud+aa+132.003+maDy+	2309	2118	2135	2173	2319	2423	2556	2644	2666	2605
saud+ii+132.235+maDy+	2721	2727	2710	2693	2676	2679	2626	2625	2635	2695
saud+ii+134.303+mtwDy\?g+	2592	2570	2558	2559	2578	2605	2629	2644	2647	2629
saud+aa+135.951+fTam+	2645	2418	2156	2118	2186	2419	2635	2766	2847	2866
saud+uu+137.781+skwt+	2357	2313	2374	2382	2389	2395	2408	2499	2526	2483
saud+ii+149.379+mSyr+	2762	2770	2767	2744	2729	2717	2698	2681	2666	2716
saud+aa+151.465+bsaTh+	2753	2732	2707	2712	2737	2766	2765	2792	2799	2823
saud+aa+153.329+mlabs+	2737	2664	2656	2660	2643	2615	2580	2580	2576	2576
saud+aa+156.907+ktab+	2736	2696	2654	2635	2627	2593	2571	2587	2580	2554
saud+aa+158.601+naDj+	2458	2310	2266	2288	2327	2427	2524	2603	2644	2534
saud+ii+172.656+wsyTh+	2809	2771	2757	2766	2763	2747	2724	2709	2713	2729
saud+uu+174.664+aSwl+	2780	2737	2762	2748	2680	2643	2637	2645	2651	2578
saud+ii+176.382+w\D-yfh+	2667	2676	2676	2698	2705	2708	2682	2696	2709	2760
saud+aa+181.965+mwaTn+	2516	2507	2601	2644	2635	2595	2594	2627	2605	2503
saud+aa+185.441+faSl+	2428	2611	2684	2719	2714	2695	2742	2848	2866	2630
saud+aa+187.137+naDj+	2147	2241	2260	2277	2309	2359	2452	2542	2578	2386
saud+aa+193.268+fTam+	2607	2579	2375	2284	2262	2303	2566	2740	2812	2313
saud+aa+197.419+n\D-afh+	2628	2637	2656	2665	2670	2662	2663	2657	2656	2635
saud+aa+200.411+alnaSrh+	2152	2248	2230	2246	2300	2363	2475	2669	2766	2464
saud+ii+202.465+syf+	2753	2749	2763	2762	2733	2687	2650	2665	2662	2668
saud+aa+204.539+sTam+	2535	2440	2400	2373	2383	2412	2503	2580	2607	2401
saud+uu+206.379+fDwl+	2730	2735	2719	2702	2684	2662	2673	2677	2674	2619
saud+aa+212.313+alfDa\?g+	2699	2744	2763	2781	2806	2820	2822	2823	2830	2835
saud+aa+216.348+ktab+	2732	2650	2625	2609	2600	2575	2570	2584	2594	2552
saud+ii+218.377+tlyfwn+	2716	2747	2756	2737	2707	2670	2564	2541	2573	2636
saud+uu+218.550+tlyfwn+	2260	2395	2409	2444	2468	2489	2526	2532	2537	2444
saud+ii+221.139+mSyr+	2668	2694	2749	2788	2796	2783	2747	2700	2685	2759
saud+ii+223.322+sdyd+	2778	2895	2972	2987	2999	2983	2935	2892	2831	2975
saud+aa+225.104+mlabs+	2705	2628	2688	2663	2536	2449	2404	2397	2426	2393
saud+aa+226.974+alan+	2275	2239	2204	2208	2210	2264	2384	2472	2516	2237
saud+aa+228.709+baS+	2362	2448	2534	2605	2647	2670	2680	2685	2711	2673
saud+aa+230.397+ratb+	2631	2613	2621	2647	2658	2649	2635	2671	2708	2630
saud+aa+234.742+anfSal+	2662	2685	2725	2736	2701	2647	2609	2601	2591	2576
saud+ii+240.569+yTyr+	2831	2873	2885	2894	2892	2863	2820	2779	2749	2837
saud+uu+242.806+wDw\?g+	2592	2651	2651	2666	2672	2664	2648	2642	2675	2661
saud+aa+245.141+balTa\?grh+	2667	2693	2641	2590	2559	2519	2508	2500	2495	2477
saud+aa+247.147+tab+	2774	2779	2784	2790	2801	2801	2787	2771	2748	2803
saud+ii+249.020+qDyb+	2682	2683	2672	2677	2695	2695	2670	2635	2626	2701
saud+uu+252.615+zhwr+	2696	2506	2576	2610	2632	2632	2632	2640	2607	2643
saud+aa+254.398+bsaTh+	2667	2694	2696	2725	2786	2824	2820	2849	2857	2910
saud+aa+258.484+ant\D-am+	2584	2458	2360	2309	2267	2232	2238	2255	2272	2122
saud+aa+265.799+antSar+	2496	2526	2552	2552	2524	2510	2488	2464	2521	2503
saud+uu+267.541+skwt+	2401	2478	2539	2574	2589	2592	2563	2554	2538	2603
saud+aa+269.382+rDa\?g+	2486	2503	2512	2501	2484	2471	2466	2461	2455	2456
saud+aa+271.132+tab\9e+	2363	2558	2601	2614	2617	2607	2604	2615	2624	2574
saud+aa+272.919+msa\9edh+	2672	2567	2592	2542	2431	2346	2298	2271	2260	2230
saud+uu+276.609+sTwr+	2611	2621	2670	2686	2684	2658	2610	2496	2439	2652
saud+uu+278.302+hw+	2395	2306	2397	2449	2489	2543	2576	2585	2567	2607
saud+ii+280.060+n\D-yf+	2709	2696	2697	2699	2703	2679	2614	2622	2620	2659
saud+ii+283.712+mTyh+	2783	2813	2931	3034	3097	3066	2966	2886	2838	3036
saud+ii+285.502+jzyrh+	2682	2739	2807	2819	2783	2728	2693	2670	2652	2649
saud+uu+289.530+ftwr+	2364	2366	2506	2564	2583	2574	2542	2454	2425	2558
saud+uu+291.485+\shrwT+	2266	2246	2352	2451	2495	2506	2527	2544	2551	2494
saud+aa+293.443+mtwaSl+	2517	2575	2600	2625	2672	2726	2791	2828	2847	2752
saud+aa+295.402+Tbabh+	2465	2516	2544	2582	2599	2579	2551	2526	2512	2552
saud+aa+297.246+mna\D-r+	2325	2251	2168	2166	2248	2363	2446	2500	2530	2505
saud+ii+299.069+nSyb+	2731	2703	2723	2755	2765	2735	2673	2597	2606	2710
saud+aa+300.852+Samt+	2614	2685	2589	2462	2354	2339	2400	2442	2468	2366
saud+uu+304.428+fTwr+	2758	2776	2772	2727	2702	2676	2674	2754	2763	2659
saud+ii+306.026+hy+	3129	3181	3182	3164	3110	3123	3137	3166	3075	3169
saud+aa+310.764+mwa\D-bh+	2486	2406	2346	2352	2374	2428	2457	2479	2517	2488
saud+aa+312.430+Tab\9e+	2850	2824	2764	2755	2727	2673	2616	2594	2574	2612
saud+ii+316.072+fTyrh+	2802	2780	2803	2840	2842	2809	2770	2733	2696	2743
saud+aa+317.701+maDy+	2178	2158	2177	2212	2274	2368	2472	2514	2555	2521
saud+ii+317.988+maDy+	2675	2669	2655	2652	2672	2693	2708	2723	2705	2719
saud+ii+319.472+Sdyd+	2818	2918	2978	2986	2930	2853	2806	2783	2782	2755
saud+ii+321.591+mtwDy\?g+	2722	2726	2723	2717	2697	2685	2697	2696	2733	2649
saud+aa+322.897+maD+	2288	2254	2228	2236	2279	2349	2421	2446	2477	2430
saud+uu+324.679+awTan+	2529	2754	2848	2797	2745	2703	2690	2631	2629	2675
saud+aa+324.898+awTan+	2638	2457	2177	2123	2100	2108	2141	2231	2255	2093
saud+uu+329.996+aSwl+	2739	2792	2745	2686	2624	2708	2780	2871	2914	2853
saud+uu+330.255+aSwl+	2711	2627	2607	2601	2624	2633	2648	2655	2650	2664
saud+uu+333.494+zhwr+	2632	2693	2710	2701	2667	2656	2616	2591	2571	2646
saud+aa+335.353+mwaTn+	2414	2321	2281	2254	2258	2316	2360	2389	2414	2358
saud+aa+337.306+maD+	2423	2270	2274	2241	2260	2330	2395	2432	2463	2444
saud+ii+341.331+mtwDy\?g+	2667	2661	2654	2648	2639	2625	2606	2583	2572	2608
saud+aa+342.897+faSl+	2264	2384	2494	2553	2582	2628	2775	2839	2876	2658
saud+uu+346.313+sTwr+	2601	2621	2592	2597	2587	2549	2498	2368	2282	2479
saud+ii+347.995+sdyd+	2746	2787	2774	2761	2747	2735	2737	2712	2752	2736
saud+aa+349.711+fTam+	2398	2342	2312	2356	2401	2416	2392	2365	2382	2412
saud+aa+351.425+alnaSrh+	2303	2230	2203	2212	2284	2348	2357	2453	2564	2413
saud+aa+353.406+anfSal+	2701	2670	2733	2732	2714	2691	2665	2702	2703	2663
saud+aa+355.021+baS+	2552	2619	2618	2611	2601	2601	2617	2707	2724	2615
saud+aa+356.693+rDa\?g+	2524	2550	2580	2614	2628	2639	2655	2656	2658	2648
saud+ii+358.126+hy+	2867	2539	2812	2935	2950	2943	2924	2906	2850	2932
saud+aa+359.592+sTam+	2521	2524	2520	2416	2327	2261	2268	2298	2309	2183
saud+aa+361.285+tab+	2434	2299	2490	2554	2585	2580	2568	2566	2556	2574
saud+ii+366.122+mTyh+	2718	2848	3015	3146	3199	3122	2966	2838	2778	3028
saud+aa+371.179+alfDa\?g+	2663	2668	2691	2700	2710	2719	2732	2725	2730	2755
saud+aa+374.483+Tbabh+	2255	2302	2360	2400	2429	2423	2420	2402	2396	2402
saud+ii+376.201+syf+	2685	2725	2750	2765	2769	2759	2740	2733	2774	2749
saud+aa+377.844+naDj+	2328	2332	2331	2343	2386	2422	2497	2566	2616	2463
saud+ii+380.884+w\D-yfh+	2706	2682	2661	2650	2637	2612	2570	2588	2592	2589
saud+aa+382.639+awTan+	2334	2345	2357	2348	2333	2301	2293	2268	2272	2247
saud+uu+384.167+fTwr+	2745	2730	2731	2716	2693	2657	2556	2441	2400	2636
saud+aa+385.554+alan+	2525	2373	2309	2342	2380	2375	2323	2358	2345	2370
saud+aa+388.596+ratb+	2548	2615	2700	2698	2667	2696	2711	2785	2813	2772
saud+aa+390.048+Tab\9e+	2712	2716	2689	2666	2632	2570	2505	2471	2449	2471
saud+aa+391.559+wasTh+	2577	2611	2654	2659	2644	2636	2655	2700	2711	2609
saud+uu+393.158+wDwh+	2671	2703	2746	2743	2704	2658	2615	2601	2651	2617
saud+ii+396.153+yTyr+	2730	2717	2728	2750	2761	2753	2732	2710	2693	2739
saud+aa+397.900+balTa\?grh+	2695	2658	2683	2653	2607	2528	2484	2522	2516	2439
saud+aa+399.426+Samt+	2318	2503	2576	2529	2367	2302	2317	2330	2374	2215
saud+uu+401.024+hw+	2480	2526	2556	2569	2575	2582	2568	2641	2661	2599
saud+aa+402.227+bsaTh+	2668	2644	2657	2704	2733	2764	2780	2785	2793	2806
saud+ii+404.732+qDyb+	2591	2603	2656	2707	2736	2742	2707	2657	2625	2739
saud+aa+406.115+n\D-afh+	2624	2669	2670	2668	2661	2637	2647	2643	2637	2590
saud+aa+407.899+ant\D-am+	2478	2378	2333	2296	2314	2337	2345	2469	2490	2445
saud+ii+409.413+jzyrh+	2771	2791	2802	2783	2747	2690	2630	2595	2561	2626
saud+ii+413.741+n\D-yf+	2555	2635	2689	2705	2695	2665	2650	2662	2667	2624
saud+uu+415.108+fDwl+	2458	2561	2609	2615	2625	2641	2688	2676	2674	2624
saud+uu+415.275+fDwl+	2689	2682	2720	2725	2711	2683	2643	2588	2577	2637
saud+uu+416.805+skwt+	2167	2300	2421	2484	2514	2540	2595	2549	2542	2541
saud+aa+418.149+mna\D-r+	2215	2167	2139	2187	2240	2316	2366	2455	2480	2378
saud+aa+421.073+mwa\D-bh+	2383	2360	2300	2297	2365	2409	2464	2529	2545	2454
saud+aa+422.843+antSar+	2609	2615	2632	2629	2607	2577	2529	2508	2531	2545
saud+ii+424.274+mSyr+	2728	2652	2661	2697	2689	2672	2638	2601	2599	2639
saud+aa+425.675+tab\9e+	2440	2511	2565	2578	2561	2524	2498	2494	2486	2503
saud+ii+428.552+fTyrh+	2709	2719	2721	2719	2707	2675	2651	2618	2602	2624
saud+aa+430.067+msa\9edh+	2673	2625	2575	2544	2504	2399	2319	2266	2234	2246
saud+aa+433.066+mlabs+	2557	2465	2466	2485	2496	2495	2457	2469	2466	2508
saud+ii+434.708+Sdyd+	2717	2723	2749	2764	2787	2790	2773	2750	2743	2780
saud+aa+436.095+mtwaSl+	2627	2637	2646	2660	2659	2657	2704	2788	2805	2554
saud+aa+437.534+ktab+	2642	2335	2334	2417	2488	2532	2554	2545	2520	2595
saud+ii+440.457+nSyb+	2974	2620	2647	2684	2705	2662	2630	2725	2899	2602
saud+aa+441.770+maDy+	2401	2304	2309	2288	2272	2297	2343	2372	2392	2342
saud+ii+442.059+maDy+	2636	2661	2682	2683	2677	2671	2668	2676	2677	2665
saud+ii+443.504+wsTy+	2664	2662	2670	2713	2758	2739	2672	2648	2698	2673
saud+ii+444.759+wsyTh+	2696	2683	2730	2757	2746	2731	2718	2710	2706	2721
saud+uu+447.922+\shrwT+	2346	2483	2542	2607	2634	2639	2726	2803	2829	2673
saud+ii+450.810+tlyfwn+	2702	2769	2842	2867	2825	2749	2768	2885	2991	2633
saud+uu+450.977+tlyfwn+	2467	2350	2415	2484	2526	2549	2530	2488	2479	2550
saud+uu+454.038+ftwr+	2434	2486	2550	2585	2618	2616	2605	2583	2551	2616
saud+aa+468.312+ba\?g+	2662	2650	2628	2639	2658	2651	2647	2650	2648	2639
saud+aa+469.649+ta\?g+	2674	2674	2678	2670	2653	2641	2630	2632	2630	2640
saud+aa+471.006+\tfa\?g+	2655	2658	2641	2643	2638	2631	2633	2631	2633	2612
saud+ii+472.529+jym+	2793	2922	3030	3085	3084	2937	2783	2723	2655	2797
saud+aa+476.263+dal+	2487	2586	2561	2537	2537	2558	2573	2583	2591	2567
saud+ii+481.637+syn+	2823	2994	3063	3130	3119	2967	2859	2796	2726	2660
saud+aa+484.139+Sad+	2696	2663	2669	2656	2612	2572	2553	2555	2554	2547
saud+aa+485.422+Dad+	2825	2821	2803	2754	2703	2658	2652	2644	2639	2621
saud+aa+486.832+Ta\?g+	2665	2708	2702	2677	2676	2673	2680	2684	2684	2694
saud+aa+488.233+\D-a\?g+	2697	2745	2764	2769	2764	2746	2780	2782	2784	2731
saud+aa+492.514+fa\?g+	2567	2519	2509	2545	2582	2577	2590	2599	2598	2575
saud+aa+496.659+lam+	2612	2637	2615	2571	2491	2432	2415	2401	2388	2289
saud+ii+498.064+mym+	3218	3264	3357	3373	3351	3226	2985	2879	2800	3261
saud+uu+499.570+nwn+	2482	2546	2599	2620	2618	2573	2560	2549	2533	2504
saud+aa+501.003+ha\?g+	2494	2506	2542	2588	2597	2563	2572	2586	2582	2494
