abu+aa+44.103+awTan+	2471	2433	2707
abu+aa+48.498+alan+	2568	2543	2742
abu+aa+53.453+alnaSrh+	2696	2679	2733
abu+aa+57.170+n\D-afh+	2591	2622	2433
abu+uu+59.064+zhwr+	2454	2476	2370
abu+aa+62.760+anfSal+	2474	2489	2372
abu+aa+64.464+ant\D-am+	2405	2352	2239
abu+uu+65.957+fDwl+	2433	2424	2478
abu+aa+67.624+msa\9edh+	2317	2287	2353
abu+uu+70.714+awtwbys+	2602	2641	2534
abu+uu+70.890+awtwbys+	2286	2263	2366
abu+ii+71.016+awtwbys+	2584	2668	2439
abu+ii+78.673+rtyb+	2277	2240	2284
abu+aa+87.188+Samt+	2533	2514	2696
abu+aa+88.554+Tab\9e+	2501	2487	2429
abu+aa+90.782+balTa\?grh+	2558	2542	2576
abu+aa+92.214+tab+	2429	2420	2365
abu+aa+94.542+ratb+	2426	2465	2340
abu+ii+101.131+thmymh+	2280	2209	2378
abu+ii+107.395+thmymh+	2479	2435	2552
abu+aa+120.068+raTy+	2453	2465	2473
abu+ii+120.314+raTy+	2730	2810	2579
abu+ii+123.934+hy+	2736	2710	2760
abu+aa+125.408+rDa\?g+	2573	2560	2608
abu+ii+126.780+rTyb+	2416	2426	2422
abu+uu+132.796+stwr+	2413	2440	2349
abu+ii+134.559+sdyd+	2509	2485	2566
abu+aa+135.839+maDn+	2564	2568	2543
abu+aa+136.915+maD+	2569	2575	2537
abu+ii+140.332+nDyf+	2616	2661	2513
abu+ii+144.533+nDyf+	2776	2812	2503
abu+uu+156.684+hw+	2547	2547	2565
abu+ii+158.181+w\D-yfh+	2683	2688	2548
abu+ii+159.873+mTyh+	2683	2661	2787
abu+aa+161.904+bsaTh+	2384	2397	2379
abu+aa+170.141+mtwaSl+	2809	2852	2447
abu+uu+171.595+sTwr+	2452	2446	2412
abu+uu+175.313+mSwl+	2460	2440	2522
abu+uu+195.517+smwT+	2840	2835	2844
abu+ii+205.247+tlyfwn+	2441	2450	2446
abu+uu+206.268+fTwr+	2468	2472	2447
abu+aa+207.491+naDr+	2525	2515	2493
abu+uu+228.519+fTwr+	2493	2508	2131
abu+ii+238.516+n\D-yf+	2701	2738	2469
abu+aa+243.333+mwa\D-bh+	2441	2431	2430
abu+aa+245.548+Tab+	2373	2374	2315
abu+aa+248.615+Tabh+	2452	2433	2487
abu+uu+256.195+Smwt+	2552	2521	2650
abu+aa+263.887+mna\D-r+	2438	2435	2374
abu+uu+267.229+wDw\?g+	2674	2671	2680
abu+ii+268.392+wsyTh+	2379	2433	2476
abu+aa+269.728+faSl+	2614	2635	2495
abu+ii+271.917+w\D-y\?g+	2680	2668	2845
abu+ii+280.107+wDyh+	2478	2551	2424
abu+uu+286.446+aSwl+	2448	2427	2428
abu+aa+288.000+fTam+	2394	2361	2247
abu+aa+289.654+alfDa\?g+	2528	2524	2549
abu+aa+290.796+ktab+	2376	2370	2390
abu+aa+291.883+maDr+	2583	2580	2582
abu+aa+297.715+naDl+	2508	2511	2391
abu+aa+298.914+naDl+	2419	2565	2273
abu+aa+299.441+naDl+	2502	2499	2505
abu+aa+301.100+naDl+	2721	2708	2663
abu+aa+302.727+at\9eab+	2253	2265	2161
abu+ii+304.419+mSyr+	2597	2605	2290
abu+ii+308.024+mSyr+	2375	2351	2382
abu+ii+314.639+mSyr+	2417	2401	2322
abu+aa+319.923+rTanh+	2516	2535	2545
abu+ii+321.044+mTyr+	2656	2688	2366
abu+ii+330.965+w\D-yf+	2759	2831	2514
abu+aa+332.793+mlabs+	2269	2261	2305
abu+aa+334.101+tab\9e+	2391	2382	2327
abu+aa+335.404+mwaTn+	2560	2567	2545
abu+ii+336.828+h\D-ym+	2545	2515	2605
abu+uu+340.265+mh\D-wm+	2473	2459	2548
abu+ii+345.927+s\9eyd+	2543	2536	2476
abu+ii+347.153+nSyb+	2530	2523	2328
abu+aa+348.420+antSar+	2524	2544	2456
abu+ii+349.738+fTyrh+	2467	2461	2460
abu+aa+353.406+wsTy+	2760	2768	2679
abu+aa+357.331+njtryh+	2646	2667	2623
abu+aa+371.942+balTa\?grh+	2478	2476	2494
abu+aa+374.105+naDl+	2436	2426	2466
abu+aa+375.417+mtwaSl+	2553	2688	2446
abu+aa+376.524+mlabs+	2208	2201	2207
abu+ii+380.029+nSyb+	2521	2517	2316
abu+uu+382.410+zhwr+	2306	2315	2198
abu+aa+384.487+naDr+	2551	2554	2419
abu+aa+385.806+maDr+	2472	2464	2446
abu+aa+387.116+fTam+	2332	2277	2229
abu+ii+388.405+wsyTh+	2644	2640	2532
abu+ii+389.968+S\9eyd+	2576	2578	2599
abu+aa+391.010+maDn+	2587	2583	2564
abu+uu+392.248+awtwbys+	2552	2607	2505
abu+uu+392.423+awtwbys+	2190	2319	2260
abu+ii+392.555+awtwbys+	2615	2646	2465
abu+uu+395.218+mSwl+	2443	2465	2635
abu+aa+397.919+ant\D-am+	2625	2596	2563
abu+ii+399.077+wDy\?g+	2554	2552	2535
abu+ii+402.451+mSyr+	2572	2606	2307
abu+ii+403.945+mTyr+	2525	2553	2330
abu+aa+406.026+msa\9edh+	2212	2184	2249
abu+ii+407.481+nDyf+	2759	2793	2373
abu+uu+409.590+wDw\?g+	2509	2518	2493
abu+uu+409.798+wDw\?g+	2703	2699	2726
abu+ii+410.969+rtyb+	2365	2355	2176
abu+aa+412.205+anfSal+	2407	2400	2418
abu+aa+414.363+sTam+	2567	2550	2583
abu+ii+417.237+w\D-yf+	2694	2720	2435
abu+ii+419.887+fTyrh+	2424	2412	2333
abu+aa+421.328+alfDa\?g+	2434	2435	2425
abu+aa+424.045+Tab\9e+	2243	2206	2281
abu+aa+425.626+tab+	2297	2274	2307
abu+aa+432.963+ratb+	2414	2416	2400
abu+aa+435.560+rDa\?g+	2509	2507	2509
abu+uu+437.914+sTwr+	2413	2423	2226
abu+ii+439.574+raTy+	2688	2686	2541
abu+aa+442.633+tab\9e+	2278	2261	2240
abu+uu+444.185+smwt+	2540	2501	2642
abu+aa+449.530+n\D-afh+	2556	2566	2503
abu+ii+452.067+rTyb+	2487	2491	2316
abu+aa+454.582+rTanh+	2557	2542	2697
abu+aa+495.964+nmal+	2456	2453	2458
abu+aa+498.261+alan+	2603	2590	2700
abu+ii+500.148+hDym+	2461	2421	2585
abu+aa+503.245+Samt+	2396	2355	2345
abu+aa+504.627+antSar+	2445	2453	2371
abu+aa+505.492+Tab+	2479	2465	2510
abu+aa+506.708+mwa\D-bh+	2475	2464	2477
abu+aa+508.167+alnaSrh+	2688	2755	2490
abu+uu+509.760+Smwt+	2856	2859	2630
abu+ii+512.183+thmymh+	2243	2184	2242
abu+ii+513.691+mTyh+	2607	2582	2716
abu+aa+516.071+awTan+	2609	2599	2651
abu+aa+517.281+mna\D-r+	2512	2507	2476
abu+uu+518.516+smwT+	2687	2656	2722
abu+ii+519.664+w\D-yfh+	2524	2571	2405
abu+uu+522.201+fTwr+	2509	2514	2424
abu+ii+523.561+s\9eyd+	2778	2841	2297
abu+ii+525.978+hy+	2602	2582	2688
abu+ii+527.211+n\D-yf+	2588	2605	2367
abu+ii+528.248+tlyfwn+	2632	2833	2405
abu+uu+528.462+tlyfwn+	2522	2526	2553
abu+aa+529.509+faSl+	2792	2846	2441
abu+aa+533.488+bsaTh+	2441	2452	2389
abu+uu+534.852+stwr+	2410	2445	2345
abu+uu+536.192+aSwl+	2379	2404	2595
abu+aa+537.458+ktab+	2352	2344	2308
abu+aa+538.766+mwaTn+	2455	2469	2461
abu+uu+539.925+hw+	2462	2469	2433
abu+uu+541.308+fDwl+	2366	2363	2418
abu+ii+542.572+sdyd+	2651	2671	2425
abu+aa+548.671+maDn+	2600	2590	2603
abu+ii+551.177+n\D-yf+	2464	2458	2357
abu+ii+552.258+nSyb+	2517	2524	2330
abu+ii+553.561+rtyb+	2361	2357	2205
abu+aa+557.383+bsaTh+	2380	2373	2332
abu+ii+558.732+wsyTh+	2268	2248	2305
abu+uu+561.408+zhwr+	2586	2621	2527
abu+aa+562.626+naDr+	2579	2568	2584
abu+aa+563.915+fTam+	2421	2385	2257
abu+ii+566.122+s\9eyd+	2692	2718	2415
abu+ii+567.120+S\9eyd+	2630	2655	2336
abu+uu+568.071+awtwbys+	2641	2652	2588
abu+uu+568.218+awtwbys+	2085	2026	2173
abu+ii+568.378+awtwbys+	2571	2576	2507
abu+ii+570.315+hy+	2600	2548	2659
abu+ii+572.199+wDy\?g+	2675	2665	2693
abu+ii+573.083+mTyr+	2535	2539	2395
abu+ii+576.529+mTyh+	2650	2613	2741
abu+aa+577.813+ktab+	2386	2385	2282
abu+ii+580.362+mSyr+	2578	2595	2397
abu+aa+581.420+msa\9edh+	2313	2303	2352
abu+uu+582.862+smwT+	2625	2598	2749
abu+aa+583.997+nDl+	2581	2573	2584
abu+aa+585.009+Tab\9e+	2331	2306	2298
abu+uu+587.170+wDw\?g+	2685	2697	2577
abu+uu+587.381+wDw\?g+	2625	2618	2634
abu+aa+588.443+anfSal+	2419	2417	2439
abu+aa+589.561+tab\9e+	2289	2279	2232
abu+aa+591.624+sTam+	2656	2570	2540
abu+aa+594.586+maDr+	2623	2591	2660
abu+uu+595.683+fDwl+	2412	2377	2348
abu+aa+596.775+balTa\?grh+	2523	2519	2549
abu+aa+599.023+awTan+	2605	2597	2678
abu+uu+599.814+sTwr+	2584	2585	2520
abu+ii+601.148+fTyrh+	2479	2472	2503
abu+aa+604.128+alan+	2633	2622	2672
abu+aa+606.023+mlabs+	2540	2548	2584
abu+aa+607.812+nmal+	2417	2428	2387
abu+aa+609.533+n\D-afh+	2500	2529	2587
abu+aa+610.416+rDa\?g+	2599	2602	2567
abu+aa+611.110+Samt+	2541	2475	2543
abu+aa+613.209+raTy+	2505	2499	2543
abu+ii+613.541+raTy+	2598	2596	2611
abu+uu+614.422+fTwr+	2476	2478	2423
abu+uu+615.871+smwt+	2556	2546	2472
abu+uu+617.074+Smwt+	2691	2669	2744
abu+uu+618.190+Smwt+	2737	2765	2644
abu+ii+619.834+rTyb+	2683	2651	2584
abu+aa+621.596+faSl+	2514	2539	2349
abu+ii+622.519+w\D-yf+	2616	2625	2325
abu+aa+623.512+ant\D-am+	2595	2568	2481
abu+uu+625.655+stwr+	2302	2326	2118
abu+ii+626.812+hw(hy)+	2422	2391	2599
abu+aa+627.830+rTanh+	2717	2721	2778
abu+ii+628.720+nDym+	2647	2628	2767
abu+ii+629.720+sdyd+	2632	2644	2471
abu+aa+631.536+Tab+	2423	2416	2416
abu+aa+633.039+antSar+	2632	2666	2506
abu+aa+633.989+alnaSrh+	2627	2665	2722
abu+uu+634.988+aSwl+	2531	2522	2667
abu+ii+636.248+thmymh+	2504	2450	2596
abu+aa+637.146+tab+	2334	2321	2346
abu+ii+638.818+nDyf+	2607	2606	2499
abu+aa+639.558+mwaTn+	2434	2433	2429
abu+aa+640.753+mna\D-r+	2595	2575	2603
abu+aa+641.672+alfDa\?g+	2553	2564	2580
abu+ii+644.733+Sdyd+	2429	2421	2398
abu+uu+646.447+mSwl+	2369	2369	2443
abu+ii+647.455+tlyfwn+	2459	2776	2256
abu+uu+647.645+tlyfwn+	2252	2263	2263
abu+ii+649.195+w\D-yfh+	2486	2494	2483
abu+aa+678.137+ba\?g+	2453	2458	2426
abu+aa+680.043+ta\?g+	2596	2612	2533
abu+aa+681.177+\tfa\?g+	2532	2536	2504
abu+ii+682.400+jym+	2502	2448	2741
abu+aa+683.473+Ha\?g+	2449	2464	2399
abu+aa+684.740+xa\?g+	2425	2444	2326
abu+aa+685.722+dal+	2423	2416	2466
abu+aa+686.809+\dhal+	2433	2426	2461
abu+ii+690.111+syn+	2626	2585	2703
abu+ii+691.095+\shyn+	2698	2651	2704
abu+aa+692.784+Sad+	2651	2668	2590
abu+aa+693.998+Dad+	2737	2746	2839
abu+aa+694.931+Ta\?g+	2559	2577	2534
abu+aa+696.157+\D-a\?g+	2772	2790	2821
abu+aa+701.156+lam+	2463	2444	2564
abu+ii+701.886+mym+	2451	2379	2520
abu+aa+702.580+ha\?g+	2687	2711	2678
abu+uu+703.514+nwn+	2660	2733	2679
abu+aa+705.032+ha\?g+	2541	2548	2545
alohali+uu+20.756+aSwl+	2635	2634	2580
alohali+aa+26.785+mwaTn+	2807	2880	2656
alohali+aa+30.173+awTan+	2030	1857	1848
alohali+aa+32.855+HaDr+	2729	2751	2605
alohali+aa+52.177+maD+	2876	2847	2804
alohali+aa+64.025+alfDa\?g+	2916	2946	2929
alohali+aa+69.753+baS+	2704	2723	2621
alohali+aa+73.018+antSar+	2661	2681	2470
alohali+aa+75.733+ratb+	2655	2674	2528
alohali+uu+78.583+fTwr+	2568	2562	2568
alohali+aa+81.659+wasTh+	2825	2832	2548
alohali+aa+86.366+Tbabh+	2521	2514	2525
alohali+aa+89.883+anfSal+	2694	2702	2609
alohali+ii+94.027+hy+	3069	3063	3094
alohali+uu+102.072+wDw\?g+	2779	2772	2775
alohali+aa+105.671+tab+	2606	2609	2606
alohali+ii+108.801+tlyfwn+	2462	2645	2322
alohali+uu+108.950+tlyfwn+	1983	2111	1920
alohali+ii+113.054+qDyb+	2603	2593	2650
alohali+ii+116.032+jzyrh+	2304	2305	2400
alohali+aa+121.942+rDa\?g+	2755	2750	2727
alohali+uu+125.647+zhwr+	2454	2444	2452
alohali+aa+129.865+alnaSrh+	2787	2978	2973
alohali+aa+133.710+n\D-afh+	2738	2740	2580
alohali+aa+136.845+ant\D-am+	2725	2591	3239
alohali+ii+139.800+w\D-yfh+	2515	2558	2133
alohali+aa+149.451+mwa\D-bh+	2671	2569	2747
alohali+aa+153.036+tab\9e+	2450	2425	2350
alohali+aa+156.743+mna\D-r+	2732	2710	2438
alohali+aa+158.560+mna\D-r+	2929	2914	2952
alohali+uu+169.641+sTwr+	2513	2502	2472
alohali+ii+173.879+wsyTh+	2512	2551	2448
alohali+ii+176.952+n\D-yf+	2657	2675	2226
alohali+ii+182.320+mTyh+	2594	2635	2640
alohali+uu+188.628+\shrwT+	2590	2591	2589
alohali+aa+191.555+mtwaSl+	2644	2667	2450
alohali+ii+194.524+nSyb+	2589	2622	2519
alohali+uu+199.479+ftwr+	2359	2361	2336
alohali+uu+202.185+fDwl+	2500	2483	2491
alohali+ii+211.451+yTyr+	2523	2523	2360
alohali+aa+226.025+Tab\9e+	2477	2414	2553
alohali+aa+231.625+faSl+	2690	2746	2539
alohali+aa+234.585+alan+	2548	2539	2980
alohali+ii+237.829+fTyrh+	2254	2229	2263
alohali+uu+240.659+hw+	2127	2129	2012
alohali+aa+247.386+Samt+	2383	2286	2767
alohali+aa+249.856+maDy+	2672	2670	2495
alohali+ii+253.102+mtwDy\?g+	2476	2520	2470
alohali+aa+256.232+fTam+	2531	2453	3042
alohali+uu+259.185+skwt+	2405	2433	2378
alohali+aa+272.129+sTam+	2190	2095	2128
alohali+ii+275.285+mSyr+	2652	2687	2226
alohali+aa+278.693+bsaTh+	2551	2603	2505
alohali+aa+281.530+mlabs+	2431	2427	2418
alohali+aa+287.721+ktab+	2402	2431	2093
alohali+aa+290.600+naDj+	2862	2839	2825
alohali+ii+293.627+sdyd+	2559	2563	2543
alohali+ii+297.454+wsyTh+	2429	2448	2328
alohali+uu+300.259+aSwl+	2453	2457	2390
alohali+ii+302.856+w\D-yfh+	2493	2494	2404
alohali+ii+305.449+S\9eyd+	2634	2629	2580
alohali+aa+310.870+mwaTn+	2869	2849	2956
alohali+aa+313.167+HaDr+	2583	2586	2572
alohali+aa+315.730+faSl+	2669	2690	2537
alohali+aa+318.535+naDj+	2913	2925	2855
alohali+aa+326.014+fTam+	2669	2579	3107
alohali+aa+331.907+n\D-afh+	2761	2772	2611
alohali+aa+334.969+alnaSrh+	3037	3144	2936
alohali+aa+340.557+sTam+	2329	2219	2028
alohali+uu+343.483+fDwl+	2479	2448	2527
alohali+aa+352.086+alfDa\?g+	2819	2809	2767
alohali+aa+357.721+ktab+	2502	2503	2405
alohali+ii+360.300+tlyfwn+	2293	2327	2144
alohali+uu+360.462+tlyfwn+	2180	2262	2031
alohali+ii+363.461+mSyr+	2721	2745	2428
alohali+aa+368.898+mlabs+	2298	2284	2336
alohali+aa+371.639+alan+	2628	2647	3020
alohali+aa+373.561+baS+	2946	2982	2825
alohali+aa+375.755+ratb+	2592	2594	2609
alohali+aa+378.541+wasTh+	2767	2761	2674
alohali+aa+381.983+anfSal+	2698	2703	2695
alohali+ii+389.066+yTyr+	2795	2813	2606
alohali+uu+391.437+wDw\?g+	2785	2785	2738
alohali+aa+398.132+tab+	2572	2610	2294
alohali+ii+400.818+qDyb+	2522	2509	2425
alohali+uu+407.320+zhwr+	2622	2631	2600
alohali+aa+410.305+bsaTh+	2659	2682	2612
alohali+aa+415.279+ant\D-am+	2471	2370	3178
alohali+aa+426.660+antSar+	2653	2677	2585
alohali+uu+429.063+skwt+	2505	2516	2515
alohali+aa+431.955+rDa\?g+	2722	2703	2856
alohali+aa+435.262+tab\9e+	2268	2238	2339
alohali+aa+438.154+msa\9edh+	2448	2454	2451
alohali+uu+444.543+sTwr+	2458	2427	2471
alohali+uu+447.687+hw+	2421	2424	2509
alohali+ii+450.642+n\D-yf+	2613	2633	2432
alohali+ii+459.627+jzyrh+	2488	2483	2481
alohali+uu+465.313+ftwr+	2460	2447	2414
alohali+uu+468.024+\shrwT+	2855	2943	2672
alohali+aa+470.219+mtwaSl+	3144	3216	2835
alohali+aa+473.493+Tbabh+	2440	2439	2416
alohali+aa+477.082+mna\D-r+	2867	2843	2904
alohali+ii+481.210+nSyb+	2482	2468	2437
alohali+aa+484.156+Samt+	2221	2110	2243
alohali+uu+491.848+fTwr+	2489	2458	2452
alohali+ii+493.975+hy+	2882	2866	2935
alohali+aa+499.356+mwa\D-bh+	2490	2469	2431
alohali+aa+502.158+Tab\9e+	2586	2576	2568
alohali+ii+507.290+fTyrh+	2453	2432	2490
alohali+aa+509.826+maDy+	2901	2936	2738
alohali+ii+510.033+maDy+	2521	2647	2452
alohali+ii+512.291+Sdyd+	2682	2830	2614
alohali+ii+515.444+mtwDy\?g+	2881	2894	2738
alohali+aa+518.408+maD+	2766	2749	2770
alohali+aa+521.280+awTan+	2806	2693	3081
alohali+uu+523.552+aSwl+	2523	2511	2485
alohali+uu+528.669+zhwr+	2456	2442	2614
alohali+aa+530.961+mwaTn+	2651	2705	2581
alohali+aa+533.552+maD+	2703	2695	2743
alohali+ii+539.578+mtwDy\?g+	2785	2768	2902
alohali+aa+542.104+faSl+	2694	2744	2461
alohali+uu+547.106+sTwr+	2479	2465	2370
alohali+ii+549.663+sdyd+	2709	2708	2827
alohali+aa+552.671+fTam+	2619	2632	3104
alohali+aa+555.205+alnaSrh+	2924	2908	2994
alohali+aa+558.774+anfSal+	2537	2554	2437
alohali+aa+561.353+baS+	2746	2787	2478
alohali+aa+564.114+rDa\?g+	2835	2911	2680
alohali+ii+566.076+hy+	2997	2998	2961
alohali+aa+568.426+sTam+	2464	2357	2858
alohali+aa+570.579+tab+	2571	2601	2425
alohali+ii+579.410+mTyh+	2418	2459	2323
alohali+aa+587.421+alfDa\?g+	2624	2618	2573
alohali+aa+593.659+Tbabh+	2305	2295	2330
alohali+aa+598.222+naDj+	2635	2647	2581
alohali+aa+600.746+HaDr+	2523	2536	2502
alohali+ii+603.031+w\D-yfh+	2431	2448	2260
alohali+aa+605.272+awTan+	2702	2590	3097
alohali+uu+608.084+fTwr+	2459	2448	2458
alohali+aa+610.838+alan+	2557	2541	2986
alohali+aa+616.295+ratb+	2468	2470	2413
alohali+aa+619.370+Tab\9e+	2496	2503	2437
alohali+aa+622.556+wasTh+	2669	2780	2496
alohali+uu+625.531+wDwh+	2658	2645	2676
alohali+ii+631.385+yTyr+	2578	2576	2537
alohali+aa+637.875+Samt+	2388	2295	3141
alohali+uu+640.621+hw+	2389	2401	2342
alohali+aa+643.465+bsaTh+	2604	2613	2605
alohali+ii+648.937+qDyb+	2455	2466	2407
alohali+aa+651.188+n\D-afh+	2691	2695	2527
alohali+aa+653.700+ant\D-am+	2809	2766	3182
alohali+ii+656.467+jzyrh+	2422	2436	2377
alohali+ii+664.977+n\D-yf+	2522	2547	2342
alohali+uu+668.007+fDwl+	2518	2500	2455
alohali+uu+670.779+skwt+	2438	2475	2686
alohali+aa+673.428+mna\D-r+	2938	2912	3006
alohali+aa+678.746+mwa\D-bh+	2653	2639	2902
alohali+aa+681.604+antSar+	2817	2882	2441
alohali+ii+684.530+mSyr+	2318	2424	2230
alohali+aa+687.517+tab\9e+	2382	2381	2398
alohali+ii+694.645+fTyrh+	2457	2439	2521
alohali+aa+704.735+mlabs+	2430	2419	2447
alohali+aa+710.021+mtwaSl+	2923	3053	2555
alohali+aa+712.619+ktab+	2380	2461	2265
alohali+ii+718.517+nSyb+	2575	2579	2457
alohali+aa+720.484+maDy+	2740	2771	2704
alohali+ii+725.520+wsyTh+	2480	2539	2314
alohali+uu+730.790+\shrwT+	2592	2600	2673
alohali+ii+733.045+tlyfwn+	2493	2557	2345
alohali+uu+733.208+tlyfwn+	2484	2453	2817
alohali+uu+740.546+ftwr+	2347	2377	2336
alohali+aa+763.956+ba\?g+	2678	2691	2679
alohali+aa+765.835+ta\?g+	2803	2809	2774
alohali+aa+767.394+\tfa\?g+	2800	2817	2807
alohali+ii+769.049+jym+	2505	2455	2638
alohali+aa+770.616+Ha\?g+	2821	2826	2889
alohali+aa+772.507+xa\?g+	2952	2952	2967
alohali+aa+774.303+dal+	2743	2733	2701
alohali+aa+775.854+\dhal+	2801	2814	2795
alohali+aa+777.562+ra\?g+	2715	2745	2678
alohali+ii+781.370+syn+	2702	2669	2892
alohali+ii+783.448+\shyn+	2447	2446	2308
alohali+aa+785.438+Sad+	2638	2644	2603
alohali+aa+787.448+Dad+	2744	2741	2781
alohali+aa+789.941+Ta\?g+	2813	2879	2686
alohali+aa+792.469+\D-a\?g+	2797	2833	2759
alohali+aa+798.880+fa\?g+	2967	3067	2945
alohali+aa+806.487+lam+	2366	2321	2599
alohali+ii+808.549+mym+	2588	2511	2824
alohali+uu+810.745+nwn+	2063	2103	1957
alohali+aa+812.678+ha\?g+	2610	2613	2621
alotaiq+uu+36.829+aSwl+	2626	2622	2635
alotaiq+aa+40.965+mwaTn+	2989	3083	2936
alotaiq+aa+43.229+awTan+	2588	2638	2228
alotaiq+aa+44.659+HaDr+	2914	2916	2946
alotaiq+aa+46.645+maD+	2791	2778	2624
alotaiq+aa+53.714+alfDa\?g+	2938	2939	2917
alotaiq+aa+55.917+baS+	3029	3077	2725
alotaiq+aa+57.448+antSar+	2938	2941	2855
alotaiq+aa+58.659+ratb+	3096	3102	3025
alotaiq+uu+59.954+fTwr+	2614	2594	2661
alotaiq+aa+61.188+wasTh+	2882	3026	2850
alotaiq+aa+64.681+Tbabh+	2702	2698	2724
alotaiq+aa+65.986+anfSal+	2797	2811	2832
alotaiq+ii+66.972+hy+	3105	3235	3026
alotaiq+aa+68.421+balTa\?grh+	2767	2777	2704
alotaiq+uu+69.914+wDw\?g+	2692	2668	2720
alotaiq+aa+70.898+tab+	2569	2575	2475
alotaiq+ii+72.040+tlyfwn+	2690	2618	2725
alotaiq+uu+72.219+tlyfwn+	2789	2818	2420
alotaiq+ii+74.709+qDyb+	2734	2732	2525
alotaiq+ii+76.070+jzyrh+	2635	2663	2622
alotaiq+aa+78.695+rDa\?g+	3110	3118	3105
alotaiq+uu+79.956+zhwr+	2816	2841	2626
alotaiq+aa+81.049+alnaSrh+	3260	3343	3060
alotaiq+aa+82.642+n\D-afh+	2941	2946	2863
alotaiq+aa+83.829+ant\D-am+	2917	2965	2315
alotaiq+ii+84.921+w\D-yfh+	2719	2684	2677
alotaiq+aa+90.378+mwa\D-bh+	2850	2839	2694
alotaiq+aa+92.015+tab\9e+	2547	2536	2576
alotaiq+aa+93.551+mna\D-r+	2845	2841	2705
alotaiq+uu+100.588+sTwr+	2545	2523	2658
alotaiq+ii+102.915+wsyTh+	2652	2667	2662
alotaiq+ii+104.582+n\D-yf+	2692	2685	2689
alotaiq+ii+105.623+mTyh+	2765	2743	2816
alotaiq+uu+109.124+\shrwT+	2631	2632	2723
alotaiq+aa+110.337+mtwaSl+	2828	3042	2766
alotaiq+ii+111.797+nSyb+	2654	2650	2536
alotaiq+uu+113.175+ftwr+	2662	2629	2681
alotaiq+uu+114.319+fDwl+	2651	2652	2624
alotaiq+ii+122.891+yTyr+	2676	2676	2666
alotaiq+aa+128.598+wsTy+	2954	2978	2978
alotaiq+aa+131.274+Tab\9e+	2799	2772	2640
alotaiq+aa+133.861+faSl+	2909	2963	2913
alotaiq+aa+135.146+alan+	2671	2674	2621
alotaiq+ii+136.262+fTyrh+	2653	2676	2623
alotaiq+uu+137.414+hw+	2434	2421	2423
alotaiq+aa+140.514+Samt+	2540	2516	2469
alotaiq+aa+141.528+maDy+	2765	2757	2777
alotaiq+ii+141.709+maDy+	3119	3116	3156
alotaiq+uu+142.897+mtwDy\?g+	2698	2726	2681
alotaiq+ii+143.108+mtwDy\?g+	2908	2890	2754
alotaiq+aa+144.253+fTam+	2859	2943	2571
alotaiq+uu+145.453+skwt+	2409	2413	2350
alotaiq+aa+146.752+msa\9edh+	2440	2405	2463
alotaiq+aa+150.922+sTam+	2417	2430	2331
alotaiq+ii+186.424+mSyr+	2634	2595	2586
alotaiq+aa+187.791+bsaTh+	2977	3012	3079
alotaiq+aa+189.027+mlabs+	2828	2821	2626
alotaiq+aa+192.376+ktab+	2608	2614	2579
alotaiq+aa+193.420+naDj+	2784	2802	2590
alotaiq+ii+194.806+sdyd+	2867	2877	2871
alotaiq+ii+196.122+wsyTh+	2760	2798	2567
alotaiq+uu+197.323+aSwl+	2759	2771	2736
alotaiq+ii+198.460+w\D-yfh+	2601	2557	2632
alotaiq+aa+202.897+mwaTn+	2674	2667	2727
alotaiq+aa+205.290+faSl+	3299	3403	2935
alotaiq+aa+206.478+naDj+	2676	2708	2638
alotaiq+aa+209.930+fTam+	2488	2466	2139
alotaiq+aa+212.360+n\D-afh+	2979	2974	2796
alotaiq+aa+213.506+alnaSrh+	3249	3341	3056
alotaiq+aa+215.953+sTam+	2453	2421	2242
alotaiq+uu+217.032+fDwl+	2687	2680	2784
alotaiq+aa+221.732+alfDa\?g+	2837	2848	2889
alotaiq+aa+224.060+ktab+	2645	2661	2642
alotaiq+ii+224.912+tlyfwn+	2646	2676	2624
alotaiq+uu+225.061+tlyfwn+	2783	2802	2713
alotaiq+ii+226.284+mSyr+	2767	2786	2676
alotaiq+ii+227.469+sdyd+	2911	2928	2776
alotaiq+aa+228.587+mlabs+	2649	2640	2600
alotaiq+aa+229.740+alan+	2720	2739	2705
alotaiq+aa+230.607+baS+	2971	3014	2776
alotaiq+aa+231.864+ratb+	2949	2925	3075
alotaiq+aa+234.697+anfSal+	2749	2781	2654
alotaiq+ii+238.490+yTyr+	2758	2766	2702
alotaiq+uu+239.643+wDw\?g+	2658	2613	2778
alotaiq+aa+242.288+tab+	2685	2702	2589
alotaiq+ii+243.732+qDyb+	2489	2463	2543
alotaiq+uu+245.919+zhwr+	2679	2671	2698
alotaiq+aa+247.054+bsaTh+	2806	2796	2927
alotaiq+aa+249.332+ant\D-am+	2664	2697	2310
alotaiq+aa+254.113+antSar+	2884	2907	2820
alotaiq+uu+255.245+skwt+	2513	2584	2465
alotaiq+aa+256.248+rDa\?g+	2865	2867	2891
alotaiq+aa+257.206+tab\9e+	2643	2650	2563
alotaiq+uu+261.199+sTwr+	2773	2783	2583
alotaiq+uu+261.956+hw+	2490	2482	2498
alotaiq+ii+263.006+n\D-yf+	2579	2561	2522
alotaiq+ii+265.128+mTyh+	2930	2944	2892
alotaiq+ii+266.234+jzyrh+	2612	2637	2558
alotaiq+uu+268.326+ftwr+	2683	2690	2515
alotaiq+uu+269.358+\shrwT+	2797	2823	2655
alotaiq+aa+270.451+mtwaSl+	3066	3266	2724
alotaiq+aa+271.403+Tbabh+	2631	2626	2597
alotaiq+aa+272.461+mna\D-r+	2652	2714	2322
alotaiq+ii+273.671+nSyb+	2704	2699	2630
alotaiq+aa+274.525+Samt+	2584	2564	2578
alotaiq+uu+276.569+fTwr+	2535	2505	2680
alotaiq+ii+277.441+hy+	2880	2918	2855
alotaiq+aa+279.440+mwa\D-bh+	3034	3211	2706
alotaiq+aa+280.522+Tab\9e+	2590	2558	2587
alotaiq+ii+283.009+fTyrh+	2665	2693	2648
alotaiq+aa+285.315+maDy+	2943	2924	2966
alotaiq+ii+285.505+maDy+	2885	2916	2881
alotaiq+ii+286.689+Sdyd+	2827	2828	2760
alotaiq+uu+287.624+mtwDy\?g+	2706	2695	2717
alotaiq+ii+287.865+mtwDy\?g+	2749	2747	2774
alotaiq+aa+288.833+maD+	2867	2863	2820
alotaiq+ii+289.023+maD+	2816	2805	2793
alotaiq+aa+290.068+awTan+	2670	2642	2711
alotaiq+uu+290.999+aSwl+	2784	2800	2753
alotaiq+uu+293.010+zhwr+	2649	2629	2649
alotaiq+aa+294.162+mwaTn+	2827	2815	2803
alotaiq+aa+295.074+maD+	3103	3135	2757
alotaiq+ii+295.285+maD+	2897	2870	2969
alotaiq+uu+297.387+mtwDy\?g+	2740	2771	2734
alotaiq+ii+297.651+mtwDy\?g+	2826	2829	2844
alotaiq+aa+298.337+faSl+	2978	3172	2913
alotaiq+uu+300.417+sTwr+	2634	2607	2741
alotaiq+ii+301.439+sdyd+	2849	2857	2837
alotaiq+aa+302.479+fTam+	2759	2789	2386
alotaiq+aa+303.507+alnaSrh+	3238	3329	3024
alotaiq+aa+304.909+anfSal+	2937	2958	2898
alotaiq+aa+305.834+baS+	3134	3188	2909
alotaiq+aa+306.970+rDa\?g+	2969	2987	3076
alotaiq+ii+308.161+hy+	3050	3134	2925
alotaiq+aa+309.187+sTam+	2673	2726	2271
alotaiq+aa+310.227+tab+	2755	2773	2643
alotaiq+ii+313.862+mTyh+	3141	3185	3159
alotaiq+aa+317.207+alfDa\?g+	3057	2999	3019
alotaiq+aa+319.361+Tbabh+	2751	2745	2745
alotaiq+aa+322.379+naDj+	2820	2830	2774
alotaiq+ii+324.055+w\D-yfh+	2685	2667	2736
alotaiq+aa+325.216+awTan+	2454	2491	2266
alotaiq+uu+326.229+fTwr+	2733	2721	2765
alotaiq+aa+327.093+alan+	2653	2625	2886
alotaiq+aa+328.893+ratb+	2969	3052	2931
alotaiq+aa+329.982+Tab\9e+	2650	2633	2631
alotaiq+uu+332.060+wDwh+	2745	2759	2862
alotaiq+ii+333.976+yTyr+	2738	2744	2700
alotaiq+aa+335.032+balTa\?grh+	2676	2687	2739
alotaiq+aa+336.155+Samt+	2648	2592	2729
alotaiq+uu+337.058+hw+	2560	2561	2526
alotaiq+aa+337.994+bsaTh+	2884	2893	2897
alotaiq+ii+339.929+qDyb+	2646	2633	2646
alotaiq+aa+340.732+n\D-afh+	2972	2966	2845
alotaiq+aa+341.813+ant\D-am+	2850	2858	2302
alotaiq+ii+342.666+jzyrh+	2648	2659	2618
alotaiq+ii+345.735+n\D-yf+	2806	2702	2735
alotaiq+uu+346.831+fDwl+	2821	2843	2857
alotaiq+uu+347.855+skwt+	2525	2532	2471
alotaiq+aa+348.886+mna\D-r+	2688	2755	2641
alotaiq+aa+351.941+mwa\D-bh+	2780	2772	2808
alotaiq+aa+353.129+antSar+	2886	2914	2826
alotaiq+ii+354.169+mSyr+	2869	2889	2785
alotaiq+aa+355.140+tab\9e+	2647	2639	2683
alotaiq+ii+357.529+fTyrh+	2633	2652	2630
alotaiq+aa+360.634+mlabs+	2733	2744	2682
alotaiq+ii+361.727+Sdyd+	2853	2847	2830
alotaiq+aa+362.880+mtwaSl+	2716	2754	2681
alotaiq+aa+364.090+ktab+	2708	2745	2649
alotaiq+ii+373.213+nSyb+	2661	2645	2628
alotaiq+aa+374.477+maDy+	2867	2886	2704
alotaiq+ii+374.689+maDy+	2834	2818	2913
alotaiq+ii+376.992+wsyTh+	2663	2689	2642
alotaiq+uu+381.300+\shrwT+	2750	2744	2756
alotaiq+ii+382.785+tlyfwn+	2484	2469	2476
alotaiq+uu+382.965+tlyfwn+	2413	2450	2427
alotaiq+uu+386.269+ftwr+	2531	2507	2701
alotaiq+aa+495.201+ba\?g+	2759	2779	2661
alotaiq+ii+497.840+jym+	2605	2528	2591
alotaiq+aa+501.642+\dhal+	2797	2808	2743
alotaiq+aa+502.638+ra\?g+	3095	3094	3093
alotaiq+ii+505.062+syn+	2877	2864	2986
alotaiq+ii+505.999+\shyn+	2761	2768	2937
alotaiq+aa+507.111+Sad+	3061	3075	2957
alotaiq+aa+508.099+Dad+	2904	2909	2846
alotaiq+aa+509.398+Ta\?g+	2966	2975	2917
alotaiq+aa+510.514+\D-a\?g+	2982	3045	3000
alotaiq+aa+513.146+fa\?g+	2853	2882	2800
alotaiq+aa+515.727+lam+	2799	2782	2922
alotaiq+ii+516.686+mym+	2786	2771	2765
alotaiq+uu+517.619+nwn+	2511	2544	2346
mohammed+uu+37.810+aSwl+	2597	2605	2881
mohammed+aa+41.930+mwaTn+	2369	2313	1906
mohammed+aa+44.033+awTan+	2476	2428	2161
mohammed+aa+48.583+maD+	2209	2158	2097
mohammed+aa+61.715+alfDa\?g+	2814	2815	2547
mohammed+aa+66.291+baS+	2911	2873	3245
mohammed+aa+68.743+antSar+	2728	2647	2982
mohammed+aa+71.386+ratb+	2537	2586	2644
mohammed+uu+74.628+fTwr+	2678	2659	2677
mohammed+aa+88.416+wasTh+	2699	2770	2108
mohammed+aa+100.358+Tbabh+	3144	3111	3357
mohammed+aa+103.737+anfSal+	2712	2812	2253
mohammed+ii+106.076+hy+	2859	2745	3235
mohammed+aa+108.584+balTa\?grh+	2552	2411	2068
mohammed+uu+111.351+wDw\?g+	2676	2675	2689
mohammed+aa+114.027+tab+	2757	2700	2160
mohammed+ii+116.742+tlyfwn+	2418	2557	2167
mohammed+uu+116.938+tlyfwn+	2732	2638	2671
mohammed+ii+119.555+qDyb+	2527	2532	2373
mohammed+ii+122.125+jzyrh+	2528	2564	2562
mohammed+aa+127.152+rDa\?g+	3127	3138	3047
mohammed+uu+129.678+zhwr+	2602	2590	2727
mohammed+aa+131.865+alnaSrh+	2914	3097	2371
mohammed+aa+134.193+n\D-afh+	2593	2625	2558
mohammed+aa+137.117+ant\D-am+	2688	2606	2929
mohammed+ii+139.559+w\D-yfh+	2657	2664	2665
mohammed+aa+147.480+mwa\D-bh+	2810	2795	2625
mohammed+aa+153.367+mna\D-r+	2281	2315	2110
mohammed+uu+162.000+sTwr+	2511	2485	2621
mohammed+ii+164.836+wsyTh+	2658	2699	2721
mohammed+ii+167.908+n\D-yf+	2726	2663	2606
mohammed+ii+170.687+mTyh+	3156	3262	2871
mohammed+uu+176.225+\shrwT+	2754	2771	2781
mohammed+aa+178.976+mtwaSl+	2980	3004	2486
mohammed+ii+182.130+nSyb+	2840	2813	2383
mohammed+uu+184.843+ftwr+	2517	2475	2946
mohammed+uu+187.292+fDwl+	2428	2413	2390
mohammed+ii+196.267+yTyr+	2709	2655	2601
mohammed+aa+210.665+Tab\9e+	2793	2811	2446
mohammed+aa+217.711+faSl+	2761	2741	2650
mohammed+aa+220.749+alan+	2254	2352	1859
mohammed+uu+226.666+hw+	2703	2738	2691
mohammed+aa+232.679+Samt+	2339	2264	2204
mohammed+aa+235.739+maDy+	2392	2450	2165
mohammed+ii+236.031+maDy+	2883	2826	2919
mohammed+aa+241.517+fTam+	2636	2736	2794
mohammed+uu+244.178+skwt+	2388	2427	2345
mohammed+aa+246.588+msa\9edh+	2350	2375	2343
mohammed+aa+256.759+sTam+	2352	2365	1827
mohammed+ii+259.353+mSyr+	2503	2486	2381
mohammed+aa+262.251+bsaTh+	2806	2781	2834
mohammed+aa+264.851+mlabs+	2631	2623	2703
mohammed+aa+270.235+ktab+	2759	2666	2318
mohammed+aa+273.075+naDj+	2633	2595	2313
mohammed+ii+276.639+sdyd+	2769	2767	2946
mohammed+ii+279.510+wsyTh+	2607	2594	2504
mohammed+uu+282.344+aSwl+	2684	2677	2646
mohammed+ii+284.863+w\D-yfh+	2608	2584	2601
mohammed+aa+293.008+mwaTn+	2982	2881	2707
mohammed+aa+299.126+faSl+	2841	2846	2862
mohammed+aa+302.099+naDj+	2392	2490	2191
mohammed+aa+311.358+fTam+	2630	2755	3315
mohammed+aa+317.563+n\D-afh+	2757	2720	2754
mohammed+aa+320.204+alnaSrh+	2728	2898	2558
mohammed+aa+328.989+sTam+	2795	2707	3342
mohammed+uu+332.223+fDwl+	2407	2363	2583
mohammed+aa+341.209+alfDa\?g+	2566	2572	2473
mohammed+aa+347.962+ktab+	2421	2442	2346
mohammed+ii+351.067+tlyfwn+	2350	2401	2238
mohammed+uu+351.257+tlyfwn+	2458	2418	1949
mohammed+ii+354.235+mSyr+	2600	2586	2548
mohammed+ii+357.176+sdyd+	2670	2635	2859
mohammed+aa+360.209+mlabs+	2719	2773	2591
mohammed+aa+363.410+alan+	2540	2674	3022
mohammed+aa+365.794+baS+	2927	2970	2610
mohammed+aa+373.531+wasTh+	2763	2844	2623
mohammed+aa+378.356+anfSal+	2616	2636	2572
mohammed+ii+388.710+yTyr+	2570	2588	2452
mohammed+uu+391.943+wDw\?g+	2715	2684	2780
mohammed+aa+395.346+balTa\?grh+	2631	2573	2591
mohammed+aa+398.268+tab+	2406	2407	2398
mohammed+aa+399.952+tab+	2514	2529	2378
mohammed+ii+402.833+qDyb+	2539	2550	2444
mohammed+uu+408.362+zhwr+	2718	2711	2710
mohammed+aa+411.056+bsaTh+	2673	2660	2144
mohammed+aa+416.835+ant\D-am+	2469	2585	3247
mohammed+aa+427.673+antSar+	2564	2553	2569
mohammed+uu+430.933+skwt+	2417	2456	2448
mohammed+aa+433.588+rDa\?g+	2707	2714	2650
mohammed+aa+436.114+tab\9e+	2474	2463	2427
mohammed+uu+443.673+sTwr+	2634	2624	2727
mohammed+uu+446.034+hw+	2538	2564	2475
mohammed+ii+449.896+n\D-yf+	2714	2703	2829
mohammed+ii+455.143+mTyh+	3244	3218	3488
mohammed+ii+457.572+jzyrh+	2544	2559	2521
mohammed+uu+462.124+ftwr+	2533	2473	2551
mohammed+uu+464.533+\shrwT+	2735	2717	2756
mohammed+aa+466.882+mtwaSl+	3114	3082	2631
mohammed+aa+471.865+Tbabh+	2685	2695	2551
mohammed+aa+473.193+Tbabh+	2535	2539	2467
mohammed+aa+481.371+mna\D-r+	2382	2409	2251
mohammed+ii+484.147+nSyb+	2530	2392	2197
mohammed+aa+486.303+Samt+	2464	2371	2551
mohammed+uu+491.690+fTwr+	2462	2414	2627
mohammed+ii+494.526+hy+	2447	2433	2293
mohammed+aa+504.273+mwa\D-bh+	2906	2928	2850
mohammed+aa+506.995+Tab\9e+	2794	2723	2756
mohammed+ii+511.950+fTyrh+	2664	2646	2730
mohammed+aa+513.820+maDy+	2479	2404	2136
mohammed+ii+514.098+maDy+	2812	2819	2754
mohammed+ii+516.279+Sdyd+	2885	2880	3073
mohammed+ii+518.860+mtwDy\?g+	2617	2614	2658
mohammed+aa+520.790+maD+	2519	2601	2227
mohammed+aa+523.950+maD+	2486	2576	2225
mohammed+aa+526.562+awTan+	2151	2216	2151
mohammed+uu+528.997+aSwl+	2597	2579	2588
mohammed+uu+533.648+zhwr+	2693	2687	2708
mohammed+aa+535.683+mwaTn+	2727	2805	2483
mohammed+aa+539.017+maD+	2571	2506	2075
mohammed+aa+540.108+maD+	2593	2701	2221
mohammed+aa+547.879+faSl+	3056	3093	2714
mohammed+uu+552.561+sTwr+	2532	2502	2681
mohammed+ii+554.866+sdyd+	2645	2615	2712
mohammed+aa+557.347+fTam+	2516	2624	3007
mohammed+aa+561.433+alnaSrh+	2942	3100	2218
mohammed+aa+564.132+anfSal+	2584	2532	2125
mohammed+aa+566.261+baS+	2639	2635	2360
mohammed+aa+568.664+rDa\?g+	2590	2518	2124
mohammed+ii+571.022+hy+	2370	2360	2617
mohammed+aa+573.167+sTam+	2620	2581	3187
mohammed+aa+575.572+tab+	2598	2610	2509
mohammed+ii+582.031+mTyh+	3224	3253	3316
mohammed+aa+590.396+alfDa\?g+	2721	2720	2644
mohammed+aa+599.382+Tbabh+	2530	2525	2519
mohammed+aa+600.586+Tbabh+	2624	2631	2538
mohammed+ii+609.807+w\D-yfh+	2710	2654	2550
mohammed+aa+774.074+lam+	2500	2641	3394
mohammed+ii+775.317+mym+	2616	2608	3400
mohammed+uu+776.529+nwn+	2394	2413	2334
naif1+uu+15.644+aSwl+	2251	2287	2116
naif1+aa+19.667+mwaTn+	2648	2690	2746
naif1+aa+21.401+awTan+	2703	2684	2917
naif1+aa+24.473+maD+	2819	2774	2790
naif1+aa+31.452+alfDa\?g+	2687	2687	2658
naif1+aa+34.440+baS+	2890	2924	2623
naif1+aa+36.611+antSar+	2565	2705	2513
naif1+aa+38.078+ratb+	2562	2568	2443
naif1+uu+40.162+fTwr+	2384	2399	2458
naif1+aa+41.591+wasTh+	2757	2857	2637
naif1+aa+43.496+Tbabh+	2349	2339	2369
naif1+aa+45.302+anfSal+	2497	2503	2416
naif1+ii+47.222+hy+	2735	2669	2760
naif1+aa+49.150+balTa\?grh+	2586	2611	2480
naif1+uu+50.869+wDw\?g+	2586	2619	2338
naif1+aa+52.505+tab+	2365	2374	2269
naif1+ii+54.408+tlyfwn+	2082	2160	2061
naif1+uu+54.585+tlyfwn+	2350	2366	2197
naif1+ii+56.314+qDyb+	2476	2478	2224
naif1+ii+58.213+jzyrh+	2323	2307	2344
naif1+aa+62.145+rDa\?g+	2746	2765	2633
naif1+uu+64.048+zhwr+	2358	2383	2338
naif1+aa+65.856+alnaSrh+	2820	2866	2677
naif1+aa+67.873+n\D-afh+	2825	2857	2571
naif1+aa+69.963+ant\D-am+	2400	2346	2430
naif1+ii+71.925+w\D-yfh+	2579	2555	2461
naif1+aa+77.720+mwa\D-bh+	2696	2712	2585
naif1+aa+79.597+tab\9e+	2281	2288	2283
naif1+aa+81.573+mna\D-r+	2720	2708	2869
naif1+uu+88.454+sTwr+	2278	2269	2265
naif1+ii+90.159+wsyTh+	2562	2594	2502
naif1+ii+92.073+n\D-yf+	2485	2467	2234
naif1+ii+93.909+mTyh+	2903	2869	3182
naif1+uu+98.078+\shrwT+	2397	2420	2349
naif1+aa+99.929+mtwaSl+	2732	2792	2578
naif1+ii+101.795+nSyb+	2398	2391	2369
naif1+uu+104.608+ftwr+	2265	2274	2292
naif1+uu+106.417+fDwl+	2265	2268	2267
naif1+ii+111.923+yTyr+	2440	2424	2439
naif1+aa+119.890+Tab\9e+	2407	2374	2437
naif1+aa+123.135+faSl+	2920	2975	2682
naif1+aa+124.835+alan+	2342	2344	2332
naif1+ii+126.451+fTyrh+	2473	2454	2449
naif1+uu+128.062+hw+	2287	2289	2288
naif1+aa+132.928+maDy+	2695	2666	2805
naif1+ii+133.238+maDy+	2682	2639	2746
naif1+ii+135.129+mtwDy\?g+	2597	2617	2575
naif1+aa+136.898+fTam+	2425	2320	2015
naif1+uu+139.948+skwt+	2405	2488	2183
naif1+aa+147.010+sTam+	2346	2271	2653
naif1+ii+148.942+mSyr+	2502	2489	2527
naif1+aa+150.697+bsaTh+	2620	2636	2602
naif1+aa+152.328+mlabs+	2255	2242	2268
naif1+ii+154.344+Sdyd+	2570	2524	2439
naif1+aa+157.468+ktab+	2366	2380	2319
naif1+aa+158.938+naDj+	2675	2701	2510
naif1+ii+160.759+sdyd+	2483	2480	2437
naif1+ii+164.413+wsyTh+	2475	2501	2417
naif1+uu+166.490+aSwl+	2233	2223	2220
naif1+ii+168.372+w\D-yfh+	2365	2349	2284
naif1+aa+173.103+mwaTn+	2547	2532	2463
naif1+aa+175.648+faSl+	2691	2741	2533
naif1+aa+177.205+naDj+	2832	2807	2866
naif1+aa+181.962+fTam+	2391	2344	2290
naif1+aa+185.348+n\D-afh+	2911	2952	2622
naif1+aa+187.111+alnaSrh+	2917	2956	2827
naif1+aa+190.769+sTam+	2455	2460	2620
naif1+uu+192.240+fDwl+	2314	2302	2334
naif1+aa+197.016+alfDa\?g+	2628	2657	2549
naif1+aa+200.450+ktab+	2412	2436	2302
naif1+ii+202.258+tlyfwn+	2174	2301	2122
naif1+uu+202.439+tlyfwn+	2386	2406	2245
naif1+ii+204.165+mSyr+	2549	2572	2396
naif1+ii+205.872+sdyd+	2512	2484	2422
naif1+aa+207.661+mlabs+	2332	2332	2308
naif1+aa+209.371+alan+	2536	2539	2658
naif1+aa+210.856+baS+	2893	2941	2560
naif1+aa+212.608+ratb+	2611	2717	2554
naif1+aa+214.239+wasTh+	2915	2987	2653
naif1+aa+216.334+anfSal+	2424	2441	2408
naif1+ii+221.796+yTyr+	2601	2631	2528
naif1+uu+223.555+wDw\?g+	2309	2335	2212
naif1+aa+225.450+balTa\?grh+	2323	2359	2293
naif1+aa+227.372+tab+	2268	2242	2019
naif1+ii+229.359+qDyb+	2530	2531	2362
naif1+uu+232.715+zhwr+	2342	2356	2238
naif1+aa+234.366+bsaTh+	2779	2804	2686
naif1+aa+237.602+ant\D-am+	2483	2428	2622
naif1+aa+244.170+antSar+	2747	2760	2650
naif1+uu+245.929+skwt+	2421	2442	2288
naif1+aa+247.733+rDa\?g+	2786	2804	2699
naif1+aa+249.260+tab\9e+	2402	2448	2104
naif1+uu+257.575+sTwr+	2435	2432	2432
naif1+uu+259.139+hw+	2319	2335	2277
naif1+ii+260.691+n\D-yf+	2544	2510	2354
naif1+ii+264.083+mTyh+	2980	2975	3037
naif1+ii+265.839+jzyrh+	2322	2301	2254
naif1+uu+269.794+ftwr+	2283	2288	2243
naif1+uu+271.422+\shrwT+	2396	2403	2349
naif1+aa+273.251+mtwaSl+	2943	2971	2781
naif1+aa+275.056+Tbabh+	2362	2354	2405
naif1+aa+276.872+mna\D-r+	2767	2761	2953
naif1+ii+278.632+nSyb+	2574	2567	2428
naif1+aa+280.014+Samt+	2393	2390	2444
naif1+uu+283.803+fTwr+	2433	2442	2324
naif1+ii+285.283+hy+	2579	2509	2726
naif1+aa+289.112+mwa\D-bh+	2772	2786	2694
naif1+ii+294.105+fTyrh+	2377	2348	2354
naif1+aa+295.592+maDy+	2712	2688	2891
naif1+ii+295.903+maDy+	2500	2504	2652
naif1+ii+297.314+Sdyd+	2578	2583	2594
naif1+ii+299.231+mtwDy\?g+	2342	2551	2322
naif1+aa+300.641+maD+	2766	2735	2754
naif1+aa+302.417+awTan+	2677	2675	2870
naif1+uu+307.713+aSwl+	2440	2430	2454
naif1+uu+310.583+zhwr+	2229	2437	2132
naif1+aa+311.738+mwaTn+	2805	2804	2753
naif1+aa+312.935+maD+	2819	2816	2768
naif1+ii+316.739+mtwDy\?g+	2699	2646	2703
naif1+aa+317.944+faSl+	2877	2888	2795
naif1+uu+320.948+sTwr+	2726	2701	2681
naif1+ii+322.677+sdyd+	2458	2455	2489
naif1+aa+325.223+fTam+	2490	2461	2203
naif1+aa+326.921+alnaSrh+	2875	2909	2731
naif1+aa+328.818+anfSal+	2543	2547	2547
naif1+aa+330.075+baS+	2926	2989	2717
naif1+aa+331.598+rDa\?g+	2631	2636	2545
naif1+ii+333.051+hy+	2461	2427	2329
naif1+aa+334.534+sTam+	2705	2712	2466
naif1+aa+335.740+tab+	2329	2329	2325
naif1+ii+340.235+mTyh+	2665	2679	2749
naif1+aa+345.128+alfDa\?g+	2705	2720	2622
naif1+aa+348.256+Tbabh+	2365	2366	2367
naif1+aa+351.991+naDj+	2752	2722	2500
naif1+aa+353.448+HaDr+	2592	2601	2636
naif1+ii+354.921+w\D-yfh+	2734	2683	2374
naif1+aa+356.566+awTan+	2474	2489	2460
naif1+uu+358.722+fTwr+	2438	2420	2457
naif1+aa+360.285+alan+	2507	2525	2321
naif1+aa+363.417+ratb+	2531	2567	2339
naif1+aa+364.879+Tab\9e+	2414	2400	2363
naif1+aa+366.350+wasTh+	2704	2779	2364
naif1+uu+367.869+wDwh+	2327	2346	2277
naif1+ii+370.936+yTyr+	2379	2375	2360
naif1+aa+373.226+balTa\?grh+	2513	2509	2444
naif1+aa+374.593+Samt+	2300	2290	2251
naif1+uu+376.146+hw+	2303	2332	2221
naif1+aa+377.563+bsaTh+	2877	2917	2725
naif1+ii+380.062+qDyb+	2649	2637	2436
naif1+aa+381.297+n\D-afh+	2841	2872	2595
naif1+aa+382.686+ant\D-am+	2512	2489	2618
naif1+ii+383.977+jzyrh+	2328	2317	2354
naif1+ii+387.984+n\D-yf+	2434	2386	2399
naif1+uu+389.375+fDwl+	2350	2359	2356
naif1+uu+390.971+skwt+	2232	2233	2257
naif1+aa+392.341+mna\D-r+	2779	2738	2709
naif1+aa+396.938+mwa\D-bh+	2937	2908	2870
naif1+aa+398.777+antSar+	2363	2356	2319
naif1+ii+400.086+mSyr+	2383	2373	2389
naif1+aa+401.400+tab\9e+	2298	2286	2277
naif1+ii+404.727+fTyrh+	2412	2411	2422
naif1+aa+409.119+mlabs+	2339	2336	2303
naif1+ii+410.670+Sdyd+	2494	2510	2376
naif1+aa+413.390+mtwaSl+	2882	2949	2479
naif1+aa+414.987+ktab+	2348	2356	2327
naif1+ii+418.569+nSyb+	2460	2489	2300
naif1+aa+419.950+maDy+	2868	2850	2830
naif1+ii+420.222+maDy+	3020	2949	3029
naif1+ii+422.805+wsyTh+	2350	2354	2364
naif1+uu+425.756+\shrwT+	2526	2537	2525
naif1+ii+427.077+tlyfwn+	2332	2547	2215
naif1+uu+427.236+tlyfwn+	2369	2397	2273
naif1+uu+432.225+ftwr+	2344	2345	2338
naif1+aa+450.155+ba\?g+	2360	2368	2329
naif1+aa+451.327+ta\?g+	2367	2384	2287
naif1+ii+453.933+jym+	2453	2356	2590
naif1+aa+457.731+dal+	2394	2398	2437
naif1+aa+459.047+\dhal+	2355	2340	2419
naif1+ii+463.333+syn+	2713	2643	2953
naif1+ii+464.742+\shyn+	2416	2300	2299
naif1+aa+465.999+Sad+	2526	2522	2491
naif1+aa+467.611+Dad+	2638	2633	2632
naif1+aa+469.032+Ta\?g+	2663	2680	2405
naif1+aa+470.995+\D-a\?g+	2649	2661	2582
naif1+aa+475.050+fa\?g+	2469	2488	2357
naif1+aa+479.109+lam+	2208	2198	2100
naif1+ii+480.375+mym+	2416	2263	2060
naif1+uu+481.562+nwn+	2335	2295	2311
naif1+aa+482.727+ha\?g+	2438	2451	2312
naif2+uu+12.270+aSwl+	2370	2395	2258
naif2+aa+15.138+mwaTn+	2651	2666	2620
naif2+aa+16.601+awTan+	2733	2737	2484
naif2+aa+19.301+maD+	2756	2733	2723
naif2+aa+24.977+alfDa\?g+	2659	2658	2655
naif2+aa+27.378+baS+	2876	2913	2693
naif2+aa+29.135+antSar+	2684	2692	2629
naif2+aa+30.428+ratb+	2705	2722	2689
naif2+uu+32.365+fTwr+	2456	2450	2410
naif2+aa+33.777+wasTh+	2880	2944	2644
naif2+aa+35.520+Tbabh+	2416	2404	2401
naif2+aa+37.304+anfSal+	2522	2527	2496
naif2+ii+38.840+hy+	2506	2506	2514
naif2+aa+40.402+balTa\?grh+	2536	2532	2542
naif2+uu+41.755+wDw\?g+	2390	2401	2276
naif2+aa+43.111+tab+	2440	2456	2374
naif2+ii+44.717+tlyfwn+	2351	2385	2241
naif2+uu+44.909+tlyfwn+	2333	2334	2299
naif2+ii+46.338+qDyb+	2647	2666	2424
naif2+ii+48.032+jzyrh+	2407	2387	2406
naif2+aa+51.001+rDa\?g+	2615	2612	2608
naif2+uu+52.481+zhwr+	2338	2344	2226
naif2+aa+53.890+alnaSrh+	3028	3062	2817
naif2+aa+55.428+n\D-afh+	2596	2601	2532
naif2+aa+57.047+ant\D-am+	2495	2460	2431
naif2+ii+58.394+w\D-yfh+	2619	2618	2557
naif2+aa+64.335+mwa\D-bh+	2672	2679	2689
naif2+aa+65.751+tab\9e+	2251	2248	2241
naif2+aa+68.185+mna\D-r+	2714	2694	2750
naif2+uu+73.783+sTwr+	2405	2399	2428
naif2+ii+75.563+wsyTh+	2516	2533	2512
naif2+ii+77.328+n\D-yf+	2556	2550	2409
naif2+ii+78.893+mTyh+	2710	2679	2791
naif2+uu+82.461+\shrwT+	2490	2527	2357
naif2+aa+84.025+mtwaSl+	2935	2988	2584
naif2+ii+85.806+nSyb+	2547	2549	2289
naif2+uu+88.538+ftwr+	2375	2385	2269
naif2+uu+90.087+fDwl+	2334	2334	2278
naif2+ii+95.367+yTyr+	2444	2432	2415
naif2+aa+102.713+Tab\9e+	2609	2601	2451
naif2+aa+105.212+faSl+	2831	2868	2771
naif2+aa+107.423+alan+	2501	2533	2451
naif2+ii+108.864+fTyrh+	2388	2384	2374
naif2+uu+110.188+hw+	2268	2265	2263
naif2+aa+112.758+Samt+	2390	2350	2432
naif2+aa+114.219+maDy+	2881	2849	2940
naif2+ii+114.541+maDy+	2884	2926	2721
naif2+ii+116.272+mtwDy\?g+	2666	2674	2683
naif2+aa+117.894+fTam+	2464	2378	2259
naif2+uu+119.357+skwt+	2292	2300	2229
naif2+aa+125.548+sTam+	2747	2735	2816
naif2+ii+127.001+mSyr+	2507	2520	2478
naif2+aa+128.591+bsaTh+	2720	2743	2767
naif2+aa+130.092+mlabs+	2243	2245	2319
naif2+ii+132.082+Sdyd+	2496	2501	2422
naif2+aa+133.670+ktab+	2174	2179	2223
naif2+aa+135.456+naDj+	2794	2782	2869
naif2+ii+137.291+sdyd+	2568	2586	2253
naif2+ii+138.897+wsyTh+	2320	2340	2321
naif2+uu+140.550+aSwl+	2259	2267	2200
naif2+ii+142.067+w\D-yfh+	2670	2662	2665
naif2+aa+146.487+mwaTn+	2694	2674	2678
naif2+aa+148.939+faSl+	2747	2782	2549
naif2+aa+150.190+naDj+	2782	2833	2945
naif2+aa+154.256+fTam+	2383	2366	2218
naif2+aa+157.024+n\D-afh+	2588	2610	2395
naif2+aa+158.473+alnaSrh+	2957	2976	2787
naif2+aa+161.660+sTam+	2572	2551	2791
naif2+uu+163.196+fDwl+	2312	2319	2275
naif2+aa+168.173+alfDa\?g+	2667	2665	2616
naif2+aa+170.924+ktab+	2361	2350	2392
naif2+ii+172.347+tlyfwn+	2400	2507	2215
naif2+uu+172.533+tlyfwn+	2261	2292	2256
naif2+ii+173.858+mSyr+	2408	2413	2387
naif2+ii+175.325+sdyd+	2564	2550	2574
naif2+aa+176.571+mlabs+	2400	2405	2356
naif2+aa+178.047+alan+	2524	2524	2507
naif2+aa+179.273+baS+	2870	2914	2709
naif2+aa+180.529+ratb+	2668	2706	2621
naif2+aa+181.747+wasTh+	2896	2944	2672
naif2+aa+183.315+anfSal+	2511	2509	2507
naif2+ii+187.290+yTyr+	2563	2556	2644
naif2+uu+188.707+wDw\?g+	2343	2345	2372
naif2+aa+190.328+balTa\?grh+	2499	2502	2418
naif2+aa+191.677+tab+	2291	2282	2365
naif2+ii+193.476+qDyb+	2358	2346	2371
naif2+uu+196.008+zhwr+	2433	2460	2258
naif2+aa+197.269+bsaTh+	2689	2707	2678
naif2+aa+200.210+ant\D-am+	2453	2439	2557
naif2+aa+205.763+antSar+	2580	2574	2640
naif2+uu+207.185+skwt+	2256	2252	2321
naif2+aa+208.542+rDa\?g+	2614	2617	2555
naif2+aa+209.695+tab\9e+	2230	2227	2231
naif2+uu+215.669+sTwr+	2357	2332	2337
naif2+uu+216.872+hw+	2313	2316	2323
naif2+ii+217.926+n\D-yf+	2427	2411	2354
naif2+ii+220.352+mTyh+	2524	2515	2535
naif2+ii+221.741+jzyrh+	2266	2267	2205
naif2+uu+224.792+ftwr+	2378	2396	2290
naif2+uu+226.201+\shrwT+	2501	2532	2364
naif2+aa+227.549+mtwaSl+	3004	3054	2639
naif2+aa+229.095+Tbabh+	2393	2400	2315
naif2+aa+230.547+mna\D-r+	2715	2719	2827
naif2+ii+232.028+nSyb+	2537	2536	2454
naif2+aa+233.452+Samt+	2339	2290	2371
naif2+uu+237.454+fTwr+	2338	2318	2415
naif2+ii+238.560+hy+	2556	2527	2499
naif2+aa+241.305+mwa\D-bh+	2761	2765	2791
naif2+aa+242.666+Tab\9e+	2387	2361	2349
naif2+ii+245.496+fTyrh+	2442	2429	2427
naif2+aa+246.859+maDy+	2705	2683	2673
naif2+ii+247.166+maDy+	2572	2562	2597
naif2+ii+248.301+Sdyd+	2487	2474	2457
naif2+ii+249.945+mtwDy\?g+	2543	2559	2512
naif2+aa+251.235+maD+	2663	2639	2692
naif2+aa+252.966+awTan+	2501	2483	2550
naif2+uu+254.497+aSwl+	2301	2312	2281
naif2+uu+257.541+zhwr+	2305	2312	2320
naif2+aa+258.941+mwaTn+	2514	2502	2605
naif2+aa+260.335+maD+	2781	2760	2729
naif2+ii+263.751+mtwDy\?g+	2620	2611	2635
naif2+aa+264.922+faSl+	3046	3116	2655
naif2+uu+267.896+sTwr+	2360	2344	2401
naif2+ii+269.278+sdyd+	2558	2548	2473
naif2+aa+270.836+fTam+	2425	2405	2235
naif2+aa+272.857+alnaSrh+	2997	3015	2710
naif2+aa+274.555+anfSal+	2477	2480	2453
naif2+aa+275.562+baS+	2607	2626	2440
naif2+aa+277.039+rDa\?g+	2579	2589	2482
naif2+ii+278.558+hy+	2479	2490	2490
naif2+aa+280.015+sTam+	2553	2544	2672
naif2+aa+281.283+tab+	2319	2320	2265
naif2+ii+285.488+mTyh+	2583	2562	2598
naif2+aa+289.629+alfDa\?g+	2535	2537	2466
naif2+aa+292.592+Tbabh+	2336	2324	2314
naif2+aa+295.247+naDj+	2730	2719	2868
naif2+ii+297.804+w\D-yfh+	2540	2518	2269
naif2+aa+299.402+awTan+	2634	2621	2594
naif2+uu+301.212+fTwr+	2603	2614	2470
naif2+aa+302.454+alan+	2457	2470	2234
naif2+aa+304.911+ratb+	2689	2673	2530
naif2+aa+306.302+Tab\9e+	2574	2544	2583
naif2+aa+307.695+wasTh+	3117	3184	2715
naif2+uu+309.252+wDwh+	2329	2345	2241
naif2+ii+311.803+yTyr+	2510	2525	2323
naif2+aa+313.009+balTa\?grh+	2439	2432	2368
naif2+aa+314.356+Samt+	2459	2413	2316
naif2+uu+315.435+hw+	2289	2285	2313
naif2+aa+316.618+bsaTh+	2728	2726	2640
naif2+ii+319.039+qDyb+	2406	2410	2332
naif2+aa+320.181+n\D-afh+	2619	2626	2516
naif2+aa+321.850+ant\D-am+	2424	2411	2445
naif2+ii+323.136+jzyrh+	2312	2298	2291
naif2+ii+327.026+n\D-yf+	2519	2485	2413
naif2+uu+328.381+fDwl+	2242	2240	2216
naif2+uu+330.035+skwt+	2232	2229	2267
naif2+aa+331.194+mna\D-r+	2671	2662	2774
naif2+aa+334.180+mwa\D-bh+	2732	2740	2722
naif2+aa+336.028+antSar+	2581	2594	2448
naif2+ii+337.460+mSyr+	2447	2443	2368
naif2+aa+338.604+tab\9e+	2229	2215	2343
naif2+ii+341.168+fTyrh+	2369	2351	2374
naif2+aa+345.242+mlabs+	2404	2396	2411
naif2+ii+346.718+Sdyd+	2479	2468	2522
naif2+aa+348.087+mtwaSl+	2919	2987	2716
naif2+aa+350.205+ktab+	2391	2397	2408
naif2+ii+353.397+nSyb+	2691	2674	2366
naif2+aa+354.651+maDy+	2722	2715	2771
naif2+ii+354.937+maDy+	2885	2809	2907
naif2+ii+357.202+wsyTh+	2534	2535	2567
naif2+uu+359.812+\shrwT+	2523	2530	2544
naif2+ii+361.088+tlyfwn+	2272	2440	2103
naif2+uu+361.261+tlyfwn+	2278	2295	2172
naif2+uu+364.368+ftwr+	2382	2412	2312
naif2+aa+375.662+ba\?g+	2385	2369	2384
naif2+aa+376.786+ta\?g+	2500	2475	2752
naif2+ii+379.111+jym+	2239	2232	2262
naif2+aa+382.551+dal+	2516	2521	2518
naif2+aa+383.758+\dhal+	2598	2638	2419
naif2+ii+387.454+syn+	2315	2306	2269
naif2+ii+388.794+\shyn+	2590	2442	2372
naif2+aa+389.959+Sad+	2492	2480	2496
naif2+aa+391.331+Dad+	2534	2524	2553
naif2+aa+392.616+Ta\?g+	2620	2626	2558
naif2+aa+393.974+\D-a\?g+	2675	2687	2618
naif2+aa+397.679+fa\?g+	2488	2503	2421
naif2+aa+401.739+lam+	2369	2353	2405
naif2+ii+402.951+mym+	2418	2345	2521
naif2+uu+404.227+nwn+	2307	2292	2248
naif2+aa+405.461+ha\?g+	2416	2423	2416
saud+uu+3.284+aSwl+	2529	2522	2588
saud+aa+6.801+mwaTn+	2639	2652	2617
saud+aa+8.686+awTan+	2228	2294	2071
saud+aa+12.070+maD+	2510	2554	2377
saud+aa+20.528+alfDa\?g+	2877	2843	2878
saud+aa+24.672+baS+	2909	2930	2836
saud+aa+27.065+antSar+	2758	2764	2688
saud+aa+28.751+ratb+	2552	2580	2627
saud+uu+30.553+fTwr+	2423	2382	2549
saud+aa+36.297+Tbabh+	2614	2605	2565
saud+aa+38.443+anfSal+	2774	2783	2716
saud+ii+39.799+hy+	3097	3084	3084
saud+aa+42.479+balTa\?grh+	2633	2623	2640
saud+uu+44.085+wDw\?g+	2587	2591	2621
saud+aa+45.921+tab+	2707	2705	2616
saud+ii+48.657+tlyfwn+	2464	2497	2430
saud+uu+48.823+tlyfwn+	2424	2410	2447
saud+ii+50.697+qDyb+	2521	2494	2489
saud+ii+52.715+jzyrh+	2552	2548	2546
saud+aa+55.479+rDa\?g+	2742	2747	2729
saud+uu+56.967+zhwr+	2397	2372	2494
saud+aa+58.503+alnaSrh+	2935	3137	2467
saud+aa+60.314+n\D-afh+	2812	2817	2741
saud+aa+62.324+ant\D-am+	2692	2755	2441
saud+ii+63.975+w\D-yfh+	2766	2766	2587
saud+aa+69.891+mwa\D-bh+	2622	2708	2642
saud+aa+71.958+tab\9e+	2570	2577	2435
saud+aa+74.207+mna\D-r+	2563	2596	2493
saud+uu+80.749+sTwr+	2441	2413	2462
saud+ii+82.952+wsyTh+	2587	2637	2165
saud+ii+84.870+n\D-yf+	2677	2680	2697
saud+ii+86.961+mTyh+	2977	2931	3108
saud+uu+91.203+\shrwT+	2688	2683	2727
saud+aa+93.354+mtwaSl+	2823	2899	2784
saud+ii+95.797+nSyb+	2641	2629	2643
saud+uu+98.230+ftwr+	2388	2364	2595
saud+uu+100.226+fDwl+	2576	2574	2598
saud+ii+106.301+yTyr+	2686	2681	2696
saud+aa+116.709+Tab\9e+	2651	2641	2576
saud+aa+120.853+faSl+	2876	2874	2779
saud+aa+123.536+alan+	2560	2598	2548
saud+ii+125.081+fTyrh+	2604	2577	2623
saud+uu+126.672+hw+	2569	2627	2517
saud+aa+130.088+Samt+	2496	2500	2390
saud+aa+132.003+maDy+	2644	2666	2605
saud+ii+132.235+maDy+	2625	2635	2695
saud+ii+134.303+mtwDy\?g+	2644	2647	2629
saud+aa+135.951+fTam+	2766	2847	2866
saud+uu+137.781+skwt+	2499	2526	2483
saud+ii+149.379+mSyr+	2681	2666	2716
saud+aa+151.465+bsaTh+	2792	2799	2823
saud+aa+153.329+mlabs+	2580	2576	2576
saud+aa+156.907+ktab+	2587	2580	2554
saud+aa+158.601+naDj+	2603	2644	2534
saud+ii+172.656+wsyTh+	2709	2713	2729
saud+uu+174.664+aSwl+	2645	2651	2578
saud+ii+176.382+w\D-yfh+	2696	2709	2760
saud+aa+181.965+mwaTn+	2627	2605	2503
saud+aa+185.441+faSl+	2848	2866	2630
saud+aa+187.137+naDj+	2542	2578	2386
saud+aa+193.268+fTam+	2740	2812	2313
saud+aa+197.419+n\D-afh+	2657	2656	2635
saud+aa+200.411+alnaSrh+	2669	2766	2464
saud+ii+202.465+syf+	2665	2662	2668
saud+aa+204.539+sTam+	2580	2607	2401
saud+uu+206.379+fDwl+	2677	2674	2619
saud+aa+212.313+alfDa\?g+	2823	2830	2835
saud+aa+216.348+ktab+	2584	2594	2552
saud+ii+218.377+tlyfwn+	2541	2573	2636
saud+uu+218.550+tlyfwn+	2532	2537	2444
saud+ii+221.139+mSyr+	2700	2685	2759
saud+ii+223.322+sdyd+	2892	2831	2975
saud+aa+225.104+mlabs+	2397	2426	2393
saud+aa+226.974+alan+	2472	2516	2237
saud+aa+228.709+baS+	2685	2711	2673
saud+aa+230.397+ratb+	2671	2708	2630
saud+aa+234.742+anfSal+	2601	2591	2576
saud+ii+240.569+yTyr+	2779	2749	2837
saud+uu+242.806+wDw\?g+	2642	2675	2661
saud+aa+245.141+balTa\?grh+	2500	2495	2477
saud+aa+247.147+tab+	2771	2748	2803
saud+ii+249.020+qDyb+	2635	2626	2701
saud+uu+252.615+zhwr+	2640	2607	2643
saud+aa+254.398+bsaTh+	2849	2857	2910
saud+aa+258.484+ant\D-am+	2255	2272	2122
saud+aa+265.799+antSar+	2464	2521	2503
saud+uu+267.541+skwt+	2554	2538	2603
saud+aa+269.382+rDa\?g+	2461	2455	2456
saud+aa+271.132+tab\9e+	2615	2624	2574
saud+aa+272.919+msa\9edh+	2271	2260	2230
saud+uu+276.609+sTwr+	2496	2439	2652
saud+uu+278.302+hw+	2585	2567	2607
saud+ii+280.060+n\D-yf+	2622	2620	2659
saud+ii+283.712+mTyh+	2886	2838	3036
saud+ii+285.502+jzyrh+	2670	2652	2649
saud+uu+289.530+ftwr+	2454	2425	2558
saud+uu+291.485+\shrwT+	2544	2551	2494
saud+aa+293.443+mtwaSl+	2828	2847	2752
saud+aa+295.402+Tbabh+	2526	2512	2552
saud+aa+297.246+mna\D-r+	2500	2530	2505
saud+ii+299.069+nSyb+	2597	2606	2710
saud+aa+300.852+Samt+	2442	2468	2366
saud+uu+304.428+fTwr+	2754	2763	2659
saud+ii+306.026+hy+	3166	3075	3169
saud+aa+310.764+mwa\D-bh+	2479	2517	2488
saud+aa+312.430+Tab\9e+	2594	2574	2612
saud+ii+316.072+fTyrh+	2733	2696	2743
saud+aa+317.701+maDy+	2514	2555	2521
saud+ii+317.988+maDy+	2723	2705	2719
saud+ii+319.472+Sdyd+	2783	2782	2755
saud+ii+321.591+mtwDy\?g+	2696	2733	2649
saud+aa+322.897+maD+	2446	2477	2430
saud+uu+324.679+awTan+	2631	2629	2675
saud+aa+324.898+awTan+	2231	2255	2093
saud+uu+329.996+aSwl+	2871	2914	2853
saud+uu+330.255+aSwl+	2655	2650	2664
saud+uu+333.494+zhwr+	2591	2571	2646
saud+aa+335.353+mwaTn+	2389	2414	2358
saud+aa+337.306+maD+	2432	2463	2444
saud+ii+341.331+mtwDy\?g+	2583	2572	2608
saud+aa+342.897+faSl+	2839	2876	2658
saud+uu+346.313+sTwr+	2368	2282	2479
saud+ii+347.995+sdyd+	2712	2752	2736
saud+aa+349.711+fTam+	2365	2382	2412
saud+aa+351.425+alnaSrh+	2453	2564	2413
saud+aa+353.406+anfSal+	2702	2703	2663
saud+aa+355.021+baS+	2707	2724	2615
saud+aa+356.693+rDa\?g+	2656	2658	2648
saud+ii+358.126+hy+	2906	2850	2932
saud+aa+359.592+sTam+	2298	2309	2183
saud+aa+361.285+tab+	2566	2556	2574
saud+ii+366.122+mTyh+	2838	2778	3028
saud+aa+371.179+alfDa\?g+	2725	2730	2755
saud+aa+374.483+Tbabh+	2402	2396	2402
saud+ii+376.201+syf+	2733	2774	2749
saud+aa+377.844+naDj+	2566	2616	2463
saud+ii+380.884+w\D-yfh+	2588	2592	2589
saud+aa+382.639+awTan+	2268	2272	2247
saud+uu+384.167+fTwr+	2441	2400	2636
saud+aa+385.554+alan+	2358	2345	2370
saud+aa+388.596+ratb+	2785	2813	2772
saud+aa+390.048+Tab\9e+	2471	2449	2471
saud+aa+391.559+wasTh+	2700	2711	2609
saud+uu+393.158+wDwh+	2601	2651	2617
saud+ii+396.153+yTyr+	2710	2693	2739
saud+aa+397.900+balTa\?grh+	2522	2516	2439
saud+aa+399.426+Samt+	2330	2374	2215
saud+uu+401.024+hw+	2641	2661	2599
saud+aa+402.227+bsaTh+	2785	2793	2806
saud+ii+404.732+qDyb+	2657	2625	2739
saud+aa+406.115+n\D-afh+	2643	2637	2590
saud+aa+407.899+ant\D-am+	2469	2490	2445
saud+ii+409.413+jzyrh+	2595	2561	2626
saud+ii+413.741+n\D-yf+	2662	2667	2624
saud+uu+415.108+fDwl+	2676	2674	2624
saud+uu+415.275+fDwl+	2588	2577	2637
saud+uu+416.805+skwt+	2549	2542	2541
saud+aa+418.149+mna\D-r+	2455	2480	2378
saud+aa+421.073+mwa\D-bh+	2529	2545	2454
saud+aa+422.843+antSar+	2508	2531	2545
saud+ii+424.274+mSyr+	2601	2599	2639
saud+aa+425.675+tab\9e+	2494	2486	2503
saud+ii+428.552+fTyrh+	2618	2602	2624
saud+aa+430.067+msa\9edh+	2266	2234	2246
saud+aa+433.066+mlabs+	2469	2466	2508
saud+ii+434.708+Sdyd+	2750	2743	2780
saud+aa+436.095+mtwaSl+	2788	2805	2554
saud+aa+437.534+ktab+	2545	2520	2595
saud+ii+440.457+nSyb+	2725	2899	2602
saud+aa+441.770+maDy+	2372	2392	2342
saud+ii+442.059+maDy+	2676	2677	2665
saud+ii+443.504+wsTy+	2648	2698	2673
saud+ii+444.759+wsyTh+	2710	2706	2721
saud+uu+447.922+\shrwT+	2803	2829	2673
saud+ii+450.810+tlyfwn+	2885	2991	2633
saud+uu+450.977+tlyfwn+	2488	2479	2550
saud+uu+454.038+ftwr+	2583	2551	2616
saud+aa+468.312+ba\?g+	2650	2648	2639
saud+aa+469.649+ta\?g+	2632	2630	2640
saud+aa+471.006+\tfa\?g+	2631	2633	2612
saud+ii+472.529+jym+	2723	2655	2797
saud+aa+476.263+dal+	2583	2591	2567
saud+ii+481.637+syn+	2796	2726	2660
saud+aa+484.139+Sad+	2555	2554	2547
saud+aa+485.422+Dad+	2644	2639	2621
saud+aa+486.832+Ta\?g+	2684	2684	2694
saud+aa+488.233+\D-a\?g+	2782	2784	2731
saud+aa+492.514+fa\?g+	2599	2598	2575
saud+aa+496.659+lam+	2401	2388	2289
saud+ii+498.064+mym+	2879	2800	3261
saud+uu+499.570+nwn+	2549	2533	2504
saud+aa+501.003+ha\?g+	2586	2582	2494
