abu+aa+44.103+awTan	562	531	484	427
abu+aa+48.498+alan	491	489	459	417
abu+aa+53.453+alnaSrh	544	545	509	444
abu+aa+57.170+n\D-afh	518	520	483	506
abu+uu+59.064+zhwr	357	363	356	427
abu+aa+62.760+anfSal	514	507	483	437
abu+aa+64.464+ant\D-am	506	498	476	443
abu+uu+65.957+fDwl	394	389	373	343
abu+aa+67.624+msa\9edh	480	500	520	548
abu+uu+70.714+awtwbys	357	353	333	312
abu+uu+70.890+awtwbys	341	332	324	306
abu+ii+71.016+awtwbys	315	316	315	311
abu+ii+78.673+rtyb	315	324	327	312
abu+aa+87.188+Samt	588	562	512	443
abu+aa+88.554+Tab\9e	580	568	522	458
abu+aa+90.782+balTa\?grh	513	528	541	549
abu+aa+92.214+tab	584	577	538	482
abu+aa+94.542+ratb	517	483	429	401
abu+ii+101.131+thmymh	361	356	361	348
abu+ii+107.395+thmymh	343	345	356	368
abu+aa+120.068+raTy	546	530	491	482
abu+ii+120.314+raTy	343	330	326	320
abu+ii+123.934+hy	318	313	311	312
abu+aa+125.408+rDa\?g	492	513	522	507
abu+ii+126.780+rTyb	329	332	332	322
abu+uu+132.796+stwr	361	365	363	351
abu+ii+134.559+sdyd	314	312	311	309
abu+aa+135.839+maDn	495	496	465	411
abu+aa+136.915+maD	511	503	455	392
abu+ii+140.332+nDyf	333	335	339	345
abu+ii+144.533+nDyf	373	382	382	437
abu+uu+156.684+hw	356	358	361	365
abu+ii+158.181+w\D-yfh	333	324	326	311
abu+ii+159.873+mTyh	306	299	300	313
abu+aa+161.904+bsaTh	556	548	513	475
abu+aa+170.141+mtwaSl	517	502	454	518
abu+uu+171.595+sTwr	369	376	375	362
abu+uu+175.313+mSwl	367	369	359	328
abu+uu+195.517+smwT	392	374	358	356
abu+ii+205.247+tlyfwn	361	363	359	343
abu+uu+206.268+fTwr	422	434	439	422
abu+aa+207.491+naDr	519	507	462	435
abu+uu+228.519+fTwr	383	393	388	460
abu+ii+238.516+n\D-yf	356	346	332	311
abu+aa+243.333+mwa\D-bh	558	537	500	458
abu+aa+245.548+Tab	567	541	499	454
abu+aa+248.615+Tabh	537	518	497	481
abu+uu+256.195+Smwt	368	367	358	346
abu+aa+263.887+mna\D-r	497	486	460	427
abu+uu+267.229+wDw\?g	363	362	356	373
abu+ii+268.392+wsyTh	357	354	349	350
abu+aa+269.728+faSl	573	543	526	528
abu+ii+271.917+w\D-y\?g	320	326	333	323
abu+ii+280.107+wDyh	333	341	353	359
abu+uu+286.446+aSwl	378	385	369	344
abu+aa+288.000+fTam	548	538	502	439
abu+aa+289.654+alfDa\?g	521	528	508	495
abu+aa+290.796+ktab	530	530	488	418
abu+aa+291.883+maDr	533	528	495	461
abu+aa+297.715+naDl	505	489	445	407
abu+aa+298.914+naDl	503	494	455	404
abu+aa+299.441+naDl	489	480	450	419
abu+aa+301.100+naDl	484	459	420	378
abu+aa+302.727+at\9eab	578	544	482	411
abu+ii+304.419+mSyr	324	341	370	374
abu+ii+308.024+mSyr	374	373	368	368
abu+ii+314.639+mSyr	355	367	369	361
abu+aa+319.923+rTanh	538	517	468	422
abu+ii+321.044+mTyr	351	361	363	360
abu+ii+330.965+w\D-yf	316	313	316	305
abu+aa+332.793+mlabs	546	534	498	437
abu+aa+334.101+tab\9e	581	566	519	452
abu+aa+335.404+mwaTn	523	508	483	485
abu+ii+336.828+h\D-ym	336	336	334	317
abu+uu+340.265+mh\D-wm	395	397	383	354
abu+ii+345.927+s\9eyd	335	317	292	256
abu+ii+347.153+nSyb	325	334	317	287
abu+aa+348.420+antSar	586	576	544	579
abu+ii+349.738+fTyrh	338	354	371	390
abu+aa+353.406+wsTy	557	531	483	416
abu+aa+357.331+njtryh	499	490	442	412
abu+aa+371.942+balTa\?grh	576	585	578	555
abu+aa+374.105+naDl	470	474	455	415
abu+aa+375.417+mtwaSl	521	513	485	471
abu+aa+376.524+mlabs	526	508	468	418
abu+ii+380.029+nSyb	312	317	313	306
abu+uu+382.410+zhwr	387	391	386	363
abu+aa+384.487+naDr	496	493	453	384
abu+aa+385.806+maDr	515	504	467	434
abu+aa+387.116+fTam	534	529	486	426
abu+ii+388.405+wsyTh	338	341	337	337
abu+ii+389.968+S\9eyd	314	311	302	285
abu+aa+391.010+maDn	492	499	458	393
abu+uu+392.248+awtwbys	395	372	339	333
abu+uu+392.423+awtwbys	319	318	315	307
abu+ii+392.555+awtwbys	311	311	307	286
abu+uu+395.218+mSwl	371	373	356	338
abu+aa+397.919+ant\D-am	500	500	474	428
abu+ii+399.077+wDy\?g	315	316	317	326
abu+ii+402.451+mSyr	332	357	368	438
abu+ii+403.945+mTyr	337	351	364	359
abu+aa+406.026+msa\9edh	489	519	555	589
abu+ii+407.481+nDyf	319	323	323	501
abu+uu+409.590+wDw\?g	343	341	337	321
abu+uu+409.798+wDw\?g	355	365	369	379
abu+ii+410.969+rtyb	331	334	328	304
abu+aa+412.205+anfSal	531	524	484	433
abu+aa+414.363+sTam	503	497	476	422
abu+ii+417.237+w\D-yf	320	320	321	321
abu+ii+419.887+fTyrh	347	363	379	379
abu+aa+421.328+alfDa\?g	507	508	504	497
abu+aa+424.045+Tab\9e	572	576	533	468
abu+aa+425.626+tab	540	538	487	438
abu+aa+432.963+ratb	547	519	472	473
abu+aa+435.560+rDa\?g	510	532	515	492
abu+uu+437.914+sTwr	410	415	412	415
abu+ii+439.574+raTy	333	322	320	315
abu+aa+442.633+tab\9e	630	597	536	465
abu+uu+444.185+smwt	373	371	357	348
abu+aa+449.530+n\D-afh	551	556	522	497
abu+ii+452.067+rTyb	339	344	345	339
abu+aa+454.582+rTanh	514	503	455	404
abu+aa+495.964+nmal	534	536	499	447
abu+aa+498.261+alan	506	485	440	395
abu+ii+500.148+hDym	335	346	358	352
abu+aa+503.245+Samt	526	496	452	408
abu+aa+504.627+antSar	542	549	543	525
abu+aa+505.492+Tab	570	562	551	506
abu+aa+506.708+mwa\D-bh	489	494	475	448
abu+aa+508.167+alnaSrh	517	512	486	509
abu+uu+509.760+Smwt	416	410	397	390
abu+ii+512.183+thmymh	325	327	327	324
abu+ii+513.691+mTyh	317	317	323	337
abu+aa+516.071+awTan	482	470	438	405
abu+aa+517.281+mna\D-r	502	487	439	394
abu+uu+518.516+smwT	420	418	394	377
abu+ii+519.664+w\D-yfh	337	333	330	315
abu+uu+522.201+fTwr	412	416	407	380
abu+ii+523.561+s\9eyd	326	324	313	317
abu+ii+525.978+hy	302	303	308	325
abu+ii+527.211+n\D-yf	318	324	326	361
abu+ii+528.248+tlyfwn	342	338	315	270
abu+uu+528.462+tlyfwn	438	437	423	392
abu+aa+529.509+faSl	545	523	510	480
abu+aa+533.488+bsaTh	503	490	459	425
abu+uu+534.852+stwr	391	394	373	520
abu+uu+536.192+aSwl	372	377	369	347
abu+aa+537.458+ktab	538	522	460	389
abu+aa+538.766+mwaTn	499	490	460	419
abu+uu+539.925+hw	339	339	346	358
abu+uu+541.308+fDwl	373	376	372	349
abu+ii+542.572+sdyd	312	312	311	315
abu+aa+548.671+maDn	476	479	450	411
abu+ii+551.177+n\D-yf	320	322	324	316
abu+ii+552.258+nSyb	317	322	317	309
abu+ii+553.561+rtyb	313	315	315	306
abu+aa+557.383+bsaTh	445	447	430	410
abu+ii+558.732+wsyTh	333	336	338	336
abu+uu+561.408+zhwr	395	399	386	551
abu+aa+562.626+naDr	512	503	484	455
abu+aa+563.915+fTam	494	491	473	433
abu+ii+566.122+s\9eyd	314	310	305	304
abu+ii+567.120+S\9eyd	323	320	312	316
abu+uu+568.071+awtwbys	359	343	304	255
abu+uu+568.218+awtwbys	330	321	302	281
abu+ii+568.378+awtwbys	310	310	304	297
abu+ii+570.315+hy	308	314	324	343
abu+ii+572.199+wDy\?g	309	310	308	303
abu+ii+573.083+mTyr	338	351	367	357
abu+ii+576.529+mTyh	309	307	317	345
abu+aa+577.813+ktab	522	503	443	384
abu+ii+580.362+mSyr	323	336	348	339
abu+aa+581.420+msa\9edh	522	543	562	584
abu+uu+582.862+smwT	380	384	377	341
abu+aa+583.997+nDl	497	494	475	444
abu+aa+585.009+Tab\9e	570	561	500	421
abu+uu+587.170+wDw\?g	375	373	372	356
abu+uu+587.381+wDw\?g	363	374	373	370
abu+aa+588.443+anfSal	533	518	480	426
abu+aa+589.561+tab\9e	577	572	544	490
abu+aa+591.624+sTam	538	522	485	423
abu+aa+594.586+maDr	528	525	495	460
abu+uu+595.683+fDwl	381	386	374	353
abu+aa+596.775+balTa\?grh	542	548	541	521
abu+aa+599.023+awTan	555	541	508	461
abu+uu+599.814+sTwr	389	395	418	480
abu+ii+601.148+fTyrh	356	357	363	378
abu+aa+604.128+alan	511	503	487	457
abu+aa+606.023+mlabs	529	520	492	444
abu+aa+607.812+nmal	492	489	461	432
abu+aa+609.533+n\D-afh	546	543	535	533
abu+aa+610.416+rDa\?g	527	529	532	522
abu+aa+611.110+Samt	550	538	504	459
abu+aa+613.209+raTy	539	531	504	502
abu+ii+613.541+raTy	311	311	312	313
abu+uu+614.422+fTwr	400	406	408	400
abu+uu+615.871+smwt	405	402	382	366
abu+uu+617.074+Smwt	426	411	398	392
abu+uu+618.190+Smwt	400	388	364	358
abu+ii+619.834+rTyb	337	341	338	322
abu+aa+621.596+faSl	553	540	507	493
abu+ii+622.519+w\D-yf	319	324	319	425
abu+aa+623.512+ant\D-am	499	490	451	403
abu+uu+625.655+stwr	371	374	369	378
abu+ii+626.812+hw(hy)	288	288	298	322
abu+aa+627.830+rTanh	496	486	464	425
abu+ii+628.720+nDym	351	355	354	344
abu+ii+629.720+sdyd	317	319	322	336
abu+aa+631.536+Tab	571	547	483	405
abu+aa+633.039+antSar	545	539	504	469
abu+aa+633.989+alnaSrh	511	505	463	420
abu+uu+634.988+aSwl	355	366	361	342
abu+ii+636.248+thmymh	365	369	367	359
abu+aa+637.146+tab	547	536	502	460
abu+ii+638.818+nDyf	332	337	337	332
abu+aa+639.558+mwaTn	491	485	467	464
abu+aa+640.753+mna\D-r	521	510	481	452
abu+aa+641.672+alfDa\?g	541	542	536	518
abu+ii+644.733+Sdyd	326	330	329	308
abu+uu+646.447+mSwl	366	366	355	340
abu+ii+647.455+tlyfwn	364	367	357	304
abu+uu+647.645+tlyfwn	446	437	409	377
abu+ii+649.195+w\D-yfh	319	317	313	285
abu+aa+678.137+ba\?g	594	609	600	586
abu+aa+680.043+ta\?g	574	589	582	572
abu+aa+681.177+\tfa\?g	555	572	562	549
abu+ii+682.400+jym	320	325	325	313
abu+aa+683.473+Ha\?g	592	593	587	577
abu+aa+684.740+xa\?g	554	571	566	545
abu+aa+685.722+dal	569	563	505	444
abu+aa+686.809+\dhal	551	538	480	423
abu+ii+690.111+syn	326	328	332	328
abu+ii+691.095+\shyn	332	341	346	342
abu+aa+692.784+Sad	497	488	433	373
abu+aa+693.998+Dad	507	506	473	402
abu+aa+694.931+Ta\?g	548	559	543	537
abu+aa+696.157+\D-a\?g	487	476	437	390
abu+aa+701.156+lam	571	554	513	449
abu+ii+701.886+mym	350	351	352	339
abu+aa+702.580+ha\?g	562	551	543	525
abu+uu+703.514+nwn	350	354	346	315
abu+aa+705.032+ha\?g	544	548	541	539
alohali+uu+20.756+aSwl	418	421	404	362
alohali+aa+26.785+mwaTn	615	593	573	562
alohali+aa+30.173+awTan	746	721	615	492
alohali+aa+32.855+HaDr	712	674	595	507
alohali+aa+52.177+maD	722	716	669	592
alohali+aa+64.025+alfDa\?g	592	603	610	600
alohali+aa+69.753+baS	647	637	616	626
alohali+aa+73.018+antSar	655	662	645	650
alohali+aa+75.733+ratb	697	712	680	684
alohali+uu+78.583+fTwr	518	518	516	519
alohali+aa+81.659+wasTh	692	683	674	712
alohali+aa+86.366+Tbabh	644	656	624	544
alohali+aa+89.883+anfSal	655	654	626	554
alohali+ii+94.027+hy	382	342	314	302
alohali+uu+102.072+wDw\?g	427	426	434	436
alohali+aa+105.671+tab	654	668	648	632
alohali+ii+108.801+tlyfwn	465	451	429	431
alohali+uu+108.950+tlyfwn	500	470	465	437
alohali+ii+113.054+qDyb	411	385	372	367
alohali+ii+116.032+jzyrh	397	404	430	451
alohali+aa+121.942+rDa\?g	617	638	659	667
alohali+uu+125.647+zhwr	474	478	482	445
alohali+aa+129.865+alnaSrh	756	693	646	659
alohali+aa+133.710+n\D-afh	659	648	628	711
alohali+aa+136.845+ant\D-am	629	622	680	633
alohali+ii+139.800+w\D-yfh	405	386	373	370
alohali+aa+149.451+mwa\D-bh	706	662	615	569
alohali+aa+153.036+tab\9e	674	674	631	568
alohali+aa+156.743+mna\D-r	786	728	625	537
alohali+aa+158.560+mna\D-r	896	835	745	648
alohali+uu+169.641+sTwr	472	479	480	492
alohali+ii+173.879+wsyTh	469	465	448	440
alohali+ii+176.952+n\D-yf	404	385	377	374
alohali+ii+182.320+mTyh	419	429	447	474
alohali+uu+188.628+\shrwT	497	491	471	452
alohali+aa+191.555+mtwaSl	642	650	642	658
alohali+ii+194.524+nSyb	395	403	393	382
alohali+uu+199.479+ftwr	432	455	462	466
alohali+uu+202.185+fDwl	472	463	442	402
alohali+ii+211.451+yTyr	434	423	425	431
alohali+aa+226.025+Tab\9e	761	754	692	588
alohali+aa+231.625+faSl	705	680	650	675
alohali+aa+234.585+alan	693	718	684	578
alohali+ii+237.829+fTyrh	473	489	521	538
alohali+uu+240.659+hw	520	519	535	541
alohali+aa+247.386+Samt	747	752	695	579
alohali+aa+249.856+maDy	697	683	607	535
alohali+ii+253.102+mtwDy\?g	370	336	316	298
alohali+aa+256.232+fTam	644	697	743	639
alohali+uu+259.185+skwt	403	402	402	392
alohali+aa+272.129+sTam	685	701	677	573
alohali+ii+275.285+mSyr	430	431	434	436
alohali+aa+278.693+bsaTh	655	637	606	593
alohali+aa+281.530+mlabs	666	652	590	527
alohali+aa+287.721+ktab	609	607	586	576
alohali+aa+290.600+naDj	829	786	713	661
alohali+ii+293.627+sdyd	325	323	319	312
alohali+ii+297.454+wsyTh	459	448	437	434
alohali+uu+300.259+aSwl	445	444	428	391
alohali+ii+302.856+w\D-yfh	429	407	386	357
alohali+ii+305.449+S\9eyd	406	385	361	340
alohali+aa+310.870+mwaTn	899	846	728	642
alohali+aa+313.167+HaDr	783	730	654	587
alohali+aa+315.730+faSl	668	657	627	625
alohali+aa+318.535+naDj	796	701	625	562
alohali+aa+326.014+fTam	668	671	692	587
alohali+aa+331.907+n\D-afh	670	656	634	644
alohali+aa+334.969+alnaSrh	1002	937	857	798
alohali+aa+340.557+sTam	694	724	703	587
alohali+uu+343.483+fDwl	451	453	453	420
alohali+aa+352.086+alfDa\?g	605	610	609	612
alohali+aa+357.721+ktab	654	657	628	621
alohali+ii+360.300+tlyfwn	434	424	408	387
alohali+uu+360.462+tlyfwn	510	532	526	471
alohali+ii+363.461+mSyr	414	423	418	402
alohali+aa+368.898+mlabs	670	641	586	507
alohali+aa+371.639+alan	744	710	635	532
alohali+aa+373.561+baS	654	644	621	618
alohali+aa+375.755+ratb	689	687	653	642
alohali+aa+378.541+wasTh	685	686	666	686
alohali+aa+381.983+anfSal	657	665	639	563
alohali+ii+389.066+yTyr	409	401	415	424
alohali+uu+391.437+wDw\?g	463	456	456	441
alohali+aa+398.132+tab	647	634	600	605
alohali+ii+400.818+qDyb	370	357	346	344
alohali+uu+407.320+zhwr	520	506	497	482
alohali+aa+410.305+bsaTh	647	642	610	585
alohali+aa+415.279+ant\D-am	629	634	639	548
alohali+aa+426.660+antSar	650	646	632	621
alohali+uu+429.063+skwt	425	415	397	387
alohali+aa+431.955+rDa\?g	609	619	625	623
alohali+aa+435.262+tab\9e	690	683	630	544
alohali+aa+438.154+msa\9edh	743	760	760	744
alohali+uu+444.543+sTwr	456	456	462	457
alohali+uu+447.687+hw	458	443	418	397
alohali+ii+450.642+n\D-yf	379	363	358	365
alohali+ii+459.627+jzyrh	406	419	443	466
alohali+uu+465.313+ftwr	449	455	462	461
alohali+uu+468.024+\shrwT	445	454	448	427
alohali+aa+470.219+mtwaSl	674	644	610	639
alohali+aa+473.493+Tbabh	631	648	627	567
alohali+aa+477.082+mna\D-r	955	815	672	617
alohali+ii+481.210+nSyb	405	391	379	371
alohali+aa+484.156+Samt	693	698	671	569
alohali+uu+491.848+fTwr	484	493	487	483
alohali+ii+493.975+hy	387	347	321	303
alohali+aa+499.356+mwa\D-bh	833	788	715	636
alohali+aa+502.158+Tab\9e	707	691	628	539
alohali+ii+507.290+fTyrh	446	428	438	463
alohali+aa+509.826+maDy	732	672	616	573
alohali+ii+510.033+maDy	317	304	297	290
alohali+ii+512.291+Sdyd	323	321	318	310
alohali+ii+515.444+mtwDy\?g	326	346	344	336
alohali+aa+518.408+maD	672	650	584	499
alohali+aa+521.280+awTan	652	657	717	651
alohali+uu+523.552+aSwl	443	437	421	378
alohali+uu+528.669+zhwr	474	455	448	438
alohali+aa+530.961+mwaTn	606	606	548	566
alohali+aa+533.552+maD	795	689	582	491
alohali+ii+539.578+mtwDy\?g	413	370	332	299
alohali+aa+542.104+faSl	663	642	607	616
alohali+uu+547.106+sTwr	444	461	468	471
alohali+ii+549.663+sdyd	329	337	341	327
alohali+aa+552.671+fTam	641	658	658	565
alohali+aa+555.205+alnaSrh	880	806	799	796
alohali+aa+558.774+anfSal	625	616	571	505
alohali+aa+561.353+baS	642	634	635	686
alohali+aa+564.114+rDa\?g	594	601	595	581
alohali+ii+566.076+hy	344	328	315	303
alohali+aa+568.426+sTam	641	659	676	591
alohali+aa+570.579+tab	665	651	620	545
alohali+ii+579.410+mTyh	488	498	525	547
alohali+aa+587.421+alfDa\?g	610	611	609	604
alohali+aa+593.659+Tbabh	678	663	619	544
alohali+aa+598.222+naDj	703	650	572	515
alohali+aa+600.746+HaDr	682	629	557	495
alohali+ii+603.031+w\D-yfh	415	388	376	367
alohali+aa+605.272+awTan	648	679	721	676
alohali+uu+608.084+fTwr	484	477	476	464
alohali+aa+610.838+alan	672	665	623	523
alohali+aa+616.295+ratb	675	661	629	607
alohali+aa+619.370+Tab\9e	684	669	629	585
alohali+aa+622.556+wasTh	669	647	618	625
alohali+uu+625.531+wDwh	456	477	478	473
alohali+ii+631.385+yTyr	436	433	441	448
alohali+aa+637.875+Samt	682	680	642	549
alohali+uu+640.621+hw	478	448	415	390
alohali+aa+643.465+bsaTh	646	644	621	600
alohali+ii+648.937+qDyb	392	399	388	370
alohali+aa+651.188+n\D-afh	633	622	603	597
alohali+aa+653.700+ant\D-am	664	683	643	550
alohali+ii+656.467+jzyrh	406	413	429	455
alohali+ii+664.977+n\D-yf	386	386	382	378
alohali+uu+668.007+fDwl	446	455	435	396
alohali+uu+670.779+skwt	449	449	439	422
alohali+aa+673.428+mna\D-r	736	720	685	637
alohali+aa+678.746+mwa\D-bh	693	642	597	563
alohali+aa+681.604+antSar	640	631	621	623
alohali+ii+684.530+mSyr	417	435	453	454
alohali+aa+687.517+tab\9e	698	693	657	593
alohali+ii+694.645+fTyrh	450	435	440	462
alohali+aa+704.735+mlabs	669	657	600	516
alohali+aa+710.021+mtwaSl	630	618	595	590
alohali+aa+712.619+ktab	631	631	611	605
alohali+ii+718.517+nSyb	378	364	351	339
alohali+aa+720.484+maDy	646	620	558	615
alohali+ii+725.520+wsyTh	428	411	406	400
alohali+uu+730.790+\shrwT	510	500	471	454
alohali+ii+733.045+tlyfwn	374	367	366	371
alohali+uu+733.208+tlyfwn	636	638	591	520
alohali+uu+740.546+ftwr	435	450	451	448
alohali+aa+763.956+ba\?g	665	685	693	695
alohali+aa+765.835+ta\?g	658	673	691	686
alohali+aa+767.394+\tfa\?g	657	674	674	671
alohali+ii+769.049+jym	312	310	314	318
alohali+aa+770.616+Ha\?g	732	747	754	767
alohali+aa+772.507+xa\?g	694	695	704	682
alohali+aa+774.303+dal	647	639	576	488
alohali+aa+775.854+\dhal	621	635	632	616
alohali+aa+777.562+ra\?g	607	617	629	646
alohali+ii+781.370+syn	315	316	312	301
alohali+ii+783.448+\shyn	309	314	312	304
alohali+aa+785.438+Sad	639	634	592	547
alohali+aa+787.448+Dad	597	602	561	531
alohali+aa+789.941+Ta\?g	639	641	641	660
alohali+aa+792.469+\D-a\?g	611	610	601	599
alohali+aa+798.880+fa\?g	645	649	633	646
alohali+aa+806.487+lam	670	666	608	502
alohali+ii+808.549+mym	303	310	314	304
alohali+uu+810.745+nwn	353	351	334	307
alohali+aa+812.678+ha\?g	678	685	685	694
alotaiq+uu+36.829+aSwl	465	451	437	419
alotaiq+aa+40.965+mwaTn	684	657	641	664
alotaiq+aa+43.229+awTan	672	651	618	610
alotaiq+aa+44.659+HaDr	781	731	646	589
alotaiq+aa+46.645+maD	682	677	637	541
alotaiq+aa+53.714+alfDa\?g	674	683	692	708
alotaiq+aa+55.917+baS	682	682	654	643
alotaiq+aa+57.448+antSar	749	754	724	745
alotaiq+aa+58.659+ratb	698	699	700	750
alotaiq+uu+59.954+fTwr	502	511	513	506
alotaiq+aa+61.188+wasTh	632	654	628	617
alotaiq+aa+64.681+Tbabh	673	671	618	561
alotaiq+aa+65.986+anfSal	700	679	651	618
alotaiq+ii+66.972+hy	429	404	371	335
alotaiq+aa+68.421+balTa\?grh	692	713	729	732
alotaiq+uu+69.914+wDw\?g	510	508	497	468
alotaiq+aa+70.898+tab	822	771	698	680
alotaiq+ii+72.040+tlyfwn	423	415	414	405
alotaiq+uu+72.219+tlyfwn	609	614	607	641
alotaiq+ii+74.709+qDyb	403	384	379	378
alotaiq+ii+76.070+jzyrh	456	480	495	514
alotaiq+aa+78.695+rDa\?g	628	645	652	665
alotaiq+uu+79.956+zhwr	499	501	503	534
alotaiq+aa+81.049+alnaSrh	712	685	720	844
alotaiq+aa+82.642+n\D-afh	639	634	617	634
alotaiq+aa+83.829+ant\D-am	707	691	685	745
alotaiq+ii+84.921+w\D-yfh	417	398	393	357
alotaiq+aa+90.378+mwa\D-bh	619	607	579	546
alotaiq+aa+92.015+tab\9e	741	708	642	570
alotaiq+aa+93.551+mna\D-r	679	683	635	579
alotaiq+uu+100.588+sTwr	494	493	495	489
alotaiq+ii+102.915+wsyTh	393	421	424	417
alotaiq+ii+104.582+n\D-yf	418	402	396	385
alotaiq+ii+105.623+mTyh	394	391	397	424
alotaiq+uu+109.124+\shrwT	504	497	487	475
alotaiq+aa+110.337+mtwaSl	644	645	627	599
alotaiq+ii+111.797+nSyb	427	428	427	416
alotaiq+uu+113.175+ftwr	505	501	501	503
alotaiq+uu+114.319+fDwl	477	474	469	460
alotaiq+ii+122.891+yTyr	401	409	404	400
alotaiq+aa+128.598+wsTy	698	706	770	831
alotaiq+aa+131.274+Tab\9e	740	701	651	652
alotaiq+aa+133.861+faSl	732	709	695	683
alotaiq+aa+135.146+alan	751	715	655	600
alotaiq+ii+136.262+fTyrh	427	429	451	476
alotaiq+uu+137.414+hw	473	471	463	447
alotaiq+aa+140.514+Samt	726	713	659	628
alotaiq+aa+141.528+maDy	733	689	606	516
alotaiq+ii+141.709+maDy	476	432	396	389
alotaiq+uu+142.897+mtwDy\?g	545	563	573	569
alotaiq+ii+143.108+mtwDy\?g	416	392	375	372
alotaiq+aa+144.253+fTam	739	746	792	865
alotaiq+uu+145.453+skwt	455	471	465	445
alotaiq+aa+146.752+msa\9edh	677	699	727	758
alotaiq+aa+150.922+sTam	697	704	691	607
alotaiq+ii+186.424+mSyr	378	390	388	391
alotaiq+aa+187.791+bsaTh	641	631	615	722
alotaiq+aa+189.027+mlabs	709	683	615	643
alotaiq+aa+192.376+ktab	755	727	683	677
alotaiq+aa+193.420+naDj	646	624	555	600
alotaiq+ii+194.806+sdyd	345	352	358	367
alotaiq+ii+196.122+wsyTh	398	424	418	405
alotaiq+uu+197.323+aSwl	475	471	470	469
alotaiq+ii+198.460+w\D-yfh	378	349	325	305
alotaiq+aa+202.897+mwaTn	609	599	562	538
alotaiq+aa+205.290+faSl	666	640	587	685
alotaiq+aa+206.478+naDj	639	623	570	495
alotaiq+aa+209.930+fTam	661	648	568	575
alotaiq+aa+212.360+n\D-afh	655	672	649	640
alotaiq+aa+213.506+alnaSrh	695	667	651	711
alotaiq+aa+215.953+sTam	709	712	654	579
alotaiq+uu+217.032+fDwl	478	483	463	443
alotaiq+aa+221.732+alfDa\?g	642	661	659	630
alotaiq+aa+224.060+ktab	729	716	700	702
alotaiq+ii+224.912+tlyfwn	394	408	410	392
alotaiq+uu+225.061+tlyfwn	582	589	557	519
alotaiq+ii+226.284+mSyr	452	472	481	472
alotaiq+ii+227.469+sdyd	426	411	395	382
alotaiq+aa+228.587+mlabs	700	677	624	620
alotaiq+aa+229.740+alan	687	678	624	580
alotaiq+aa+230.607+baS	661	654	629	571
alotaiq+aa+231.864+ratb	730	721	702	713
alotaiq+aa+234.697+anfSal	653	642	619	593
alotaiq+ii+238.490+yTyr	419	432	436	429
alotaiq+uu+239.643+wDw\?g	461	454	452	450
alotaiq+aa+242.288+tab	685	668	620	613
alotaiq+ii+243.732+qDyb	387	384	381	374
alotaiq+uu+245.919+zhwr	480	484	480	523
alotaiq+aa+247.054+bsaTh	609	639	633	678
alotaiq+aa+249.332+ant\D-am	618	606	616	609
alotaiq+aa+254.113+antSar	652	641	678	716
alotaiq+uu+255.245+skwt	449	442	418	387
alotaiq+aa+256.248+rDa\?g	633	644	628	614
alotaiq+aa+257.206+tab\9e	646	635	571	605
alotaiq+uu+261.199+sTwr	486	480	490	549
alotaiq+uu+261.956+hw	472	452	428	400
alotaiq+ii+263.006+n\D-yf	373	365	362	327
alotaiq+ii+265.128+mTyh	405	382	370	366
alotaiq+ii+266.234+jzyrh	423	439	459	486
alotaiq+uu+268.326+ftwr	472	477	475	463
alotaiq+uu+269.358+\shrwT	483	474	461	466
alotaiq+aa+270.451+mtwaSl	612	616	566	573
alotaiq+aa+271.403+Tbabh	646	639	590	536
alotaiq+aa+272.461+mna\D-r	544	540	511	515
alotaiq+ii+273.671+nSyb	405	381	359	329
alotaiq+aa+274.525+Samt	663	657	598	551
alotaiq+uu+276.569+fTwr	480	484	491	498
alotaiq+ii+277.441+hy	409	386	375	374
alotaiq+aa+279.440+mwa\D-bh	600	592	562	534
alotaiq+aa+280.522+Tab\9e	697	692	626	534
alotaiq+ii+283.009+fTyrh	484	486	492	508
alotaiq+aa+285.315+maDy	635	620	585	527
alotaiq+ii+285.505+maDy	481	458	452	456
alotaiq+ii+286.689+Sdyd	389	374	360	340
alotaiq+uu+287.624+mtwDy\?g	510	527	536	527
alotaiq+ii+287.865+mtwDy\?g	462	435	412	397
alotaiq+aa+288.833+maD	616	614	570	515
alotaiq+ii+289.023+maD	473	458	448	442
alotaiq+aa+290.068+awTan	694	709	680	616
alotaiq+uu+290.999+aSwl	463	462	442	433
alotaiq+uu+293.010+zhwr	485	489	475	495
alotaiq+aa+294.162+mwaTn	608	611	585	563
alotaiq+aa+295.074+maD	575	580	519	610
alotaiq+ii+295.285+maD	472	451	440	420
alotaiq+uu+297.387+mtwDy\?g	506	520	529	529
alotaiq+ii+297.651+mtwDy\?g	455	443	439	423
alotaiq+aa+298.337+faSl	652	638	612	530
alotaiq+uu+300.417+sTwr	476	481	487	463
alotaiq+ii+301.439+sdyd	353	341	315	293
alotaiq+aa+302.479+fTam	659	629	619	661
alotaiq+aa+303.507+alnaSrh	608	614	580	558
alotaiq+aa+304.909+anfSal	651	650	635	587
alotaiq+aa+305.834+baS	639	630	592	617
alotaiq+aa+306.970+rDa\?g	614	618	610	589
alotaiq+ii+308.161+hy	360	340	325	310
alotaiq+aa+309.187+sTam	682	652	652	666
alotaiq+aa+310.227+tab	655	650	620	652
alotaiq+ii+313.862+mTyh	371	341	317	311
alotaiq+aa+317.207+alfDa\?g	599	618	628	629
alotaiq+aa+319.361+Tbabh	616	611	593	554
alotaiq+aa+322.379+naDj	601	612	598	550
alotaiq+ii+324.055+w\D-yfh	402	380	353	314
alotaiq+aa+325.216+awTan	595	562	536	539
alotaiq+uu+326.229+fTwr	459	464	472	473
alotaiq+aa+327.093+alan	658	663	664	643
alotaiq+aa+328.893+ratb	634	640	628	655
alotaiq+aa+329.982+Tab\9e	674	654	606	537
alotaiq+uu+332.060+wDwh	458	466	471	449
alotaiq+ii+333.976+yTyr	395	400	420	434
alotaiq+aa+335.032+balTa\?grh	674	686	693	692
alotaiq+aa+336.155+Samt	687	655	570	469
alotaiq+uu+337.058+hw	459	437	421	421
alotaiq+aa+337.994+bsaTh	643	639	635	631
alotaiq+ii+339.929+qDyb	405	404	401	396
alotaiq+aa+340.732+n\D-afh	613	614	603	563
alotaiq+aa+341.813+ant\D-am	648	631	622	673
alotaiq+ii+342.666+jzyrh	443	459	477	489
alotaiq+ii+345.735+n\D-yf	405	399	415	410
alotaiq+uu+346.831+fDwl	458	459	457	433
alotaiq+uu+347.855+skwt	448	454	460	461
alotaiq+aa+348.886+mna\D-r	515	500	451	447
alotaiq+aa+351.941+mwa\D-bh	583	586	572	536
alotaiq+aa+353.129+antSar	685	681	655	668
alotaiq+ii+354.169+mSyr	418	421	438	439
alotaiq+aa+355.140+tab\9e	675	646	606	543
alotaiq+ii+357.529+fTyrh	409	405	419	440
alotaiq+aa+360.634+mlabs	566	603	616	575
alotaiq+ii+361.727+Sdyd	361	354	342	326
alotaiq+aa+362.880+mtwaSl	508	530	554	578
alotaiq+aa+364.090+ktab	624	620	618	604
alotaiq+ii+373.213+nSyb	414	406	396	388
alotaiq+aa+374.477+maDy	638	620	575	551
alotaiq+ii+374.689+maDy	482	468	435	409
alotaiq+ii+376.992+wsyTh	442	447	450	445
alotaiq+uu+381.300+\shrwT	479	480	480	461
alotaiq+ii+382.785+tlyfwn	464	461	448	422
alotaiq+uu+382.965+tlyfwn	573	554	503	445
alotaiq+uu+386.269+ftwr	488	487	492	486
alotaiq+aa+495.201+ba\?g	663	689	694	683
alotaiq+ii+497.840+jym	327	346	360	337
alotaiq+aa+501.642+\dhal	699	716	705	705
alotaiq+aa+502.638+ra\?g	644	668	671	635
alotaiq+ii+505.062+syn	366	357	356	356
alotaiq+ii+505.999+\shyn	385	379	376	368
alotaiq+aa+507.111+Sad	687	684	643	674
alotaiq+aa+508.099+Dad	686	698	659	641
alotaiq+aa+509.398+Ta\?g	646	658	677	725
alotaiq+aa+510.514+\D-a\?g	659	661	660	705
alotaiq+aa+513.146+fa\?g	727	718	697	704
alotaiq+aa+515.727+lam	706	705	698	709
alotaiq+ii+516.686+mym	418	427	426	393
alotaiq+uu+517.619+nwn	520	514	471	382
mohammed+uu+37.810+aSwl	392	392	380	356
mohammed+aa+41.930+mwaTn	758	691	612	576
mohammed+aa+44.033+awTan	898	800	667	532
mohammed+aa+48.583+maD	735	700	614	532
mohammed+aa+61.715+alfDa\?g	651	669	681	687
mohammed+aa+66.291+baS	747	748	734	692
mohammed+aa+68.743+antSar	679	675	646	631
mohammed+aa+71.386+ratb	781	735	659	645
mohammed+uu+74.628+fTwr	381	390	393	401
mohammed+aa+88.416+wasTh	670	653	628	632
mohammed+aa+100.358+Tbabh	736	716	678	650
mohammed+aa+103.737+anfSal	670	659	612	544
mohammed+ii+106.076+hy	377	361	345	353
mohammed+aa+108.584+balTa\?grh	714	730	738	730
mohammed+uu+111.351+wDw\?g	371	376	383	381
mohammed+aa+114.027+tab	693	685	639	605
mohammed+ii+116.742+tlyfwn	342	336	332	328
mohammed+uu+116.938+tlyfwn	619	714	658	552
mohammed+ii+119.555+qDyb	344	320	319	297
mohammed+ii+122.125+jzyrh	382	379	391	421
mohammed+aa+127.152+rDa\?g	646	667	686	686
mohammed+uu+129.678+zhwr	400	398	413	418
mohammed+aa+131.865+alnaSrh	887	829	758	680
mohammed+aa+134.193+n\D-afh	702	680	663	655
mohammed+aa+137.117+ant\D-am	817	819	703	547
mohammed+ii+139.559+w\D-yfh	384	371	357	349
mohammed+aa+147.480+mwa\D-bh	771	736	693	644
mohammed+aa+153.367+mna\D-r	842	745	659	565
mohammed+uu+162.000+sTwr	377	403	419	438
mohammed+ii+164.836+wsyTh	365	377	391	390
mohammed+ii+167.908+n\D-yf	360	336	329	321
mohammed+ii+170.687+mTyh	358	346	344	335
mohammed+uu+176.225+\shrwT	391	405	401	400
mohammed+aa+178.976+mtwaSl	655	640	620	625
mohammed+ii+182.130+nSyb	337	325	318	306
mohammed+uu+184.843+ftwr	396	414	430	428
mohammed+uu+187.292+fDwl	365	370	368	350
mohammed+ii+196.267+yTyr	336	357	380	393
mohammed+aa+210.665+Tab\9e	807	763	703	662
mohammed+aa+217.711+faSl	803	793	726	696
mohammed+aa+220.749+alan	753	689	583	477
mohammed+uu+226.666+hw	395	388	375	381
mohammed+aa+232.679+Samt	819	810	732	603
mohammed+aa+235.739+maDy	904	779	655	521
mohammed+ii+236.031+maDy	294	290	294	296
mohammed+aa+241.517+fTam	899	773	703	588
mohammed+uu+244.178+skwt	372	371	373	374
mohammed+aa+246.588+msa\9edh	652	708	739	758
mohammed+aa+256.759+sTam	886	865	794	634
mohammed+ii+259.353+mSyr	379	374	386	414
mohammed+aa+262.251+bsaTh	777	754	718	695
mohammed+aa+264.851+mlabs	752	715	665	639
mohammed+aa+270.235+ktab	684	675	633	619
mohammed+aa+273.075+naDj	827	826	728	643
mohammed+ii+276.639+sdyd	354	327	300	288
mohammed+ii+279.510+wsyTh	391	390	390	405
mohammed+uu+282.344+aSwl	363	357	347	325
mohammed+ii+284.863+w\D-yfh	391	381	374	373
mohammed+aa+293.008+mwaTn	831	818	740	704
mohammed+aa+299.126+faSl	770	767	735	702
mohammed+aa+302.099+naDj	827	804	711	616
mohammed+aa+311.358+fTam	820	788	752	593
mohammed+aa+317.563+n\D-afh	690	714	691	694
mohammed+aa+320.204+alnaSrh	918	885	790	728
mohammed+aa+328.989+sTam	903	906	871	693
mohammed+uu+332.223+fDwl	405	388	374	356
mohammed+aa+341.209+alfDa\?g	604	626	651	675
mohammed+aa+347.962+ktab	692	687	668	625
mohammed+ii+351.067+tlyfwn	326	323	322	323
mohammed+uu+351.257+tlyfwn	678	638	565	488
mohammed+ii+354.235+mSyr	365	370	395	402
mohammed+ii+357.176+sdyd	357	333	320	317
mohammed+aa+360.209+mlabs	727	704	660	640
mohammed+aa+363.410+alan	768	718	651	538
mohammed+aa+365.794+baS	741	727	687	686
mohammed+aa+373.531+wasTh	728	689	646	648
mohammed+aa+378.356+anfSal	664	663	631	563
mohammed+ii+388.710+yTyr	362	361	379	401
mohammed+uu+391.943+wDw\?g	375	384	391	396
mohammed+aa+395.346+balTa\?grh	739	754	747	738
mohammed+aa+398.268+tab	748	729	671	641
mohammed+aa+399.952+tab	684	682	639	610
mohammed+ii+402.833+qDyb	375	337	323	304
mohammed+uu+408.362+zhwr	392	399	409	424
mohammed+aa+411.056+bsaTh	745	717	682	672
mohammed+aa+416.835+ant\D-am	753	670	583	470
mohammed+aa+427.673+antSar	711	683	638	600
mohammed+uu+430.933+skwt	374	376	382	384
mohammed+aa+433.588+rDa\?g	692	699	708	729
mohammed+aa+436.114+tab\9e	774	749	690	662
mohammed+uu+443.673+sTwr	383	402	422	453
mohammed+uu+446.034+hw	386	389	389	386
mohammed+ii+449.896+n\D-yf	364	348	330	317
mohammed+ii+455.143+mTyh	360	336	315	309
mohammed+ii+457.572+jzyrh	370	378	381	403
mohammed+uu+462.124+ftwr	394	407	417	418
mohammed+uu+464.533+\shrwT	401	411	424	432
mohammed+aa+466.882+mtwaSl	713	681	633	634
mohammed+aa+471.865+Tbabh	750	726	683	651
mohammed+aa+473.193+Tbabh	697	682	636	625
mohammed+aa+481.371+mna\D-r	720	724	646	557
mohammed+ii+484.147+nSyb	331	318	309	297
mohammed+aa+486.303+Samt	827	841	746	620
mohammed+uu+491.690+fTwr	403	418	437	442
mohammed+ii+494.526+hy	367	360	387	431
mohammed+aa+504.273+mwa\D-bh	805	804	731	678
mohammed+aa+506.995+Tab\9e	760	748	697	675
mohammed+ii+511.950+fTyrh	407	399	396	412
mohammed+aa+513.820+maDy	914	860	721	609
mohammed+ii+514.098+maDy	315	311	305	281
mohammed+ii+516.279+Sdyd	355	343	334	325
mohammed+ii+518.860+mtwDy\?g	549	557	551	549
mohammed+aa+520.790+maD	868	798	653	565
mohammed+aa+523.950+maD	887	801	754	683
mohammed+aa+526.562+awTan	855	748	618	486
mohammed+uu+528.997+aSwl	385	377	373	358
mohammed+uu+533.648+zhwr	402	396	389	389
mohammed+aa+535.683+mwaTn	858	810	767	727
mohammed+aa+539.017+maD	889	870	751	628
mohammed+aa+540.108+maD	846	768	658	601
mohammed+aa+547.879+faSl	761	737	691	686
mohammed+uu+552.561+sTwr	397	415	426	436
mohammed+ii+554.866+sdyd	348	328	319	317
mohammed+aa+557.347+fTam	852	814	708	551
mohammed+aa+561.433+alnaSrh	762	793	805	845
mohammed+aa+564.132+anfSal	704	680	624	555
mohammed+aa+566.261+baS	723	735	715	675
mohammed+aa+568.664+rDa\?g	649	670	677	684
mohammed+ii+571.022+hy	380	365	379	414
mohammed+aa+573.167+sTam	885	845	745	584
mohammed+aa+575.572+tab	749	728	661	613
mohammed+ii+582.031+mTyh	351	332	317	304
mohammed+aa+590.396+alfDa\?g	658	680	693	705
mohammed+aa+599.382+Tbabh	719	710	665	632
mohammed+aa+600.586+Tbabh	726	716	666	646
mohammed+ii+609.807+w\D-yfh	365	353	332	326
mohammed+aa+774.074+lam	620	650	636	537
mohammed+ii+775.317+mym	367	347	367	341
mohammed+uu+776.529+nwn	470	477	440	394
naif1+uu+15.644+aSwl	389	364	351	344
naif1+aa+19.667+mwaTn	551	545	527	514
naif1+aa+21.401+awTan	620	614	580	496
naif1+aa+24.473+maD	564	564	532	469
naif1+aa+31.452+alfDa\?g	547	547	568	578
naif1+aa+34.440+baS	573	574	548	646
naif1+aa+36.611+antSar	563	580	578	572
naif1+aa+38.078+ratb	557	544	517	480
naif1+uu+40.162+fTwr	380	390	388	390
naif1+aa+41.591+wasTh	562	566	551	550
naif1+aa+43.496+Tbabh	574	566	525	466
naif1+aa+45.302+anfSal	570	577	539	464
naif1+ii+47.222+hy	335	345	361	387
naif1+aa+49.150+balTa\?grh	575	585	571	538
naif1+uu+50.869+wDw\?g	458	464	455	431
naif1+aa+52.505+tab	568	557	523	467
naif1+ii+54.408+tlyfwn	329	328	316	299
naif1+uu+54.585+tlyfwn	396	427	406	380
naif1+ii+56.314+qDyb	341	321	308	286
naif1+ii+58.213+jzyrh	327	332	340	361
naif1+aa+62.145+rDa\?g	541	551	536	526
naif1+uu+64.048+zhwr	438	425	418	459
naif1+aa+65.856+alnaSrh	541	544	542	512
naif1+aa+67.873+n\D-afh	606	606	563	627
naif1+aa+69.963+ant\D-am	540	554	532	460
naif1+ii+71.925+w\D-yfh	306	304	304	297
naif1+aa+77.720+mwa\D-bh	549	545	500	437
naif1+aa+79.597+tab\9e	553	564	537	464
naif1+aa+81.573+mna\D-r	541	545	521	466
naif1+uu+88.454+sTwr	410	422	432	476
naif1+ii+90.159+wsyTh	320	341	340	332
naif1+ii+92.073+n\D-yf	341	332	333	325
naif1+ii+93.909+mTyh	309	306	297	309
naif1+uu+98.078+\shrwT	399	410	398	388
naif1+aa+99.929+mtwaSl	544	543	519	495
naif1+ii+101.795+nSyb	301	305	303	297
naif1+uu+104.608+ftwr	403	421	433	439
naif1+uu+106.417+fDwl	384	409	411	386
naif1+ii+111.923+yTyr	331	345	363	375
naif1+aa+119.890+Tab\9e	578	569	529	456
naif1+aa+123.135+faSl	574	567	529	512
naif1+aa+124.835+alan	506	514	500	453
naif1+ii+126.451+fTyrh	335	341	363	390
naif1+uu+128.062+hw	394	370	383	410
naif1+aa+132.928+maDy	539	529	481	412
naif1+ii+133.238+maDy	327	310	300	305
naif1+ii+135.129+mtwDy\?g	428	427	421	424
naif1+aa+136.898+fTam	575	556	513	462
naif1+uu+139.948+skwt	351	355	353	374
naif1+aa+147.010+sTam	597	584	554	493
naif1+ii+148.942+mSyr	281	293	304	322
naif1+aa+150.697+bsaTh	596	590	557	501
naif1+aa+152.328+mlabs	562	552	520	444
naif1+ii+154.344+Sdyd	299	297	286	275
naif1+aa+157.468+ktab	586	588	539	467
naif1+aa+158.938+naDj	588	587	563	489
naif1+ii+160.759+sdyd	280	284	283	281
naif1+ii+164.413+wsyTh	345	356	360	350
naif1+uu+166.490+aSwl	382	398	410	417
naif1+ii+168.372+w\D-yfh	304	305	314	304
naif1+aa+173.103+mwaTn	540	532	505	468
naif1+aa+175.648+faSl	600	577	533	573
naif1+aa+177.205+naDj	530	528	488	444
naif1+aa+181.962+fTam	557	545	500	436
naif1+aa+185.348+n\D-afh	588	595	608	618
naif1+aa+187.111+alnaSrh	582	576	537	508
naif1+aa+190.769+sTam	593	589	572	537
naif1+uu+192.240+fDwl	385	379	388	381
naif1+aa+197.016+alfDa\?g	573	575	580	567
naif1+aa+200.450+ktab	604	592	549	493
naif1+ii+202.258+tlyfwn	396	397	402	391
naif1+uu+202.439+tlyfwn	404	426	436	417
naif1+ii+204.165+mSyr	359	365	376	445
naif1+ii+205.872+sdyd	291	290	291	278
naif1+aa+207.661+mlabs	528	544	517	468
naif1+aa+209.371+alan	532	550	542	490
naif1+aa+210.856+baS	569	572	553	580
naif1+aa+212.608+ratb	584	565	516	482
naif1+aa+214.239+wasTh	531	525	493	456
naif1+aa+216.334+anfSal	577	577	567	521
naif1+ii+221.796+yTyr	337	352	365	375
naif1+uu+223.555+wDw\?g	394	406	420	425
naif1+aa+225.450+balTa\?grh	578	590	596	568
naif1+aa+227.372+tab	572	575	535	463
naif1+ii+229.359+qDyb	305	319	318	314
naif1+uu+232.715+zhwr	430	427	426	431
naif1+aa+234.366+bsaTh	583	578	555	506
naif1+aa+237.602+ant\D-am	549	542	520	460
naif1+aa+244.170+antSar	591	591	574	602
naif1+uu+245.929+skwt	342	338	346	351
naif1+aa+247.733+rDa\?g	537	550	537	527
naif1+aa+249.260+tab\9e	585	571	522	455
naif1+uu+257.575+sTwr	424	421	425	489
naif1+uu+259.139+hw	407	415	422	427
naif1+ii+260.691+n\D-yf	323	320	325	329
naif1+ii+264.083+mTyh	334	306	301	298
naif1+ii+265.839+jzyrh	335	345	372	408
naif1+uu+269.794+ftwr	370	375	389	401
naif1+uu+271.422+\shrwT	404	401	406	405
naif1+aa+273.251+mtwaSl	530	530	496	485
naif1+aa+275.056+Tbabh	555	552	515	450
naif1+aa+276.872+mna\D-r	531	515	485	433
naif1+ii+278.632+nSyb	296	296	299	286
naif1+aa+280.014+Samt	580	572	518	453
naif1+uu+283.803+fTwr	417	436	449	458
naif1+ii+285.283+hy	336	340	357	391
naif1+aa+289.112+mwa\D-bh	512	521	509	452
naif1+ii+294.105+fTyrh	343	338	349	380
naif1+aa+295.592+maDy	513	508	465	423
naif1+ii+295.903+maDy	300	303	304	303
naif1+ii+297.314+Sdyd	319	315	313	306
naif1+ii+299.231+mtwDy\?g	349	328	320	328
naif1+aa+300.641+maD	526	526	506	466
naif1+aa+302.417+awTan	585	566	545	499
naif1+uu+307.713+aSwl	379	375	379	381
naif1+uu+310.583+zhwr	408	406	422	432
naif1+aa+311.738+mwaTn	518	519	505	496
naif1+aa+312.935+maD	530	525	495	458
naif1+ii+316.739+mtwDy\?g	426	411	396	382
naif1+aa+317.944+faSl	567	558	543	550
naif1+uu+320.948+sTwr	434	433	434	424
naif1+ii+322.677+sdyd	305	301	297	283
naif1+aa+325.223+fTam	550	529	479	427
naif1+aa+326.921+alnaSrh	520	514	498	467
naif1+aa+328.818+anfSal	602	611	587	522
naif1+aa+330.075+baS	552	542	530	628
naif1+aa+331.598+rDa\?g	570	571	557	534
naif1+ii+333.051+hy	315	318	336	369
naif1+aa+334.534+sTam	534	528	526	495
naif1+aa+335.740+tab	570	567	527	457
naif1+ii+340.235+mTyh	283	280	283	327
naif1+aa+345.128+alfDa\?g	583	598	605	584
naif1+aa+348.256+Tbabh	567	545	496	452
naif1+aa+351.991+naDj	545	543	514	438
naif1+aa+353.448+HaDr	603	580	523	442
naif1+ii+354.921+w\D-yfh	311	308	312	297
naif1+aa+356.566+awTan	533	532	529	497
naif1+uu+358.722+fTwr	390	388	397	406
naif1+aa+360.285+alan	542	531	498	496
naif1+aa+363.417+ratb	587	575	541	495
naif1+aa+364.879+Tab\9e	600	592	536	458
naif1+aa+366.350+wasTh	526	533	520	561
naif1+uu+367.869+wDwh	403	399	397	403
naif1+ii+370.936+yTyr	314	331	345	357
naif1+aa+373.226+balTa\?grh	579	593	598	580
naif1+aa+374.593+Samt	579	561	504	436
naif1+uu+376.146+hw	373	376	384	409
naif1+aa+377.563+bsaTh	590	578	533	511
naif1+ii+380.062+qDyb	303	302	298	300
naif1+aa+381.297+n\D-afh	605	609	594	540
naif1+aa+382.686+ant\D-am	573	552	515	446
naif1+ii+383.977+jzyrh	335	335	345	367
naif1+ii+387.984+n\D-yf	303	302	302	294
naif1+uu+389.375+fDwl	401	417	417	401
naif1+uu+390.971+skwt	358	361	365	379
naif1+aa+392.341+mna\D-r	519	515	472	425
naif1+aa+396.938+mwa\D-bh	554	537	503	453
naif1+aa+398.777+antSar	585	591	581	576
naif1+ii+400.086+mSyr	331	324	316	327
naif1+aa+401.400+tab\9e	588	576	519	445
naif1+ii+404.727+fTyrh	343	342	368	403
naif1+aa+409.119+mlabs	544	536	489	426
naif1+ii+410.670+Sdyd	315	315	310	304
naif1+aa+413.390+mtwaSl	574	579	560	581
naif1+aa+414.987+ktab	589	584	544	485
naif1+ii+418.569+nSyb	330	320	310	306
naif1+aa+419.950+maDy	537	526	493	447
naif1+ii+420.222+maDy	335	326	324	331
naif1+ii+422.805+wsyTh	335	346	363	382
naif1+uu+425.756+\shrwT	371	373	379	401
naif1+ii+427.077+tlyfwn	391	391	401	391
naif1+uu+427.236+tlyfwn	406	421	429	428
naif1+uu+432.225+ftwr	356	377	398	426
naif1+aa+450.155+ba\?g	568	570	574	562
naif1+aa+451.327+ta\?g	576	577	571	548
naif1+ii+453.933+jym	288	296	296	301
naif1+aa+457.731+dal	538	539	512	457
naif1+aa+459.047+\dhal	535	546	524	495
naif1+ii+463.333+syn	346	340	344	336
naif1+ii+464.742+\shyn	339	345	348	337
naif1+aa+465.999+Sad	571	566	523	458
naif1+aa+467.611+Dad	563	559	560	577
naif1+aa+469.032+Ta\?g	592	599	577	585
naif1+aa+470.995+\D-a\?g	569	563	538	464
naif1+aa+475.050+fa\?g	617	616	591	575
naif1+aa+479.109+lam	555	552	514	453
naif1+ii+480.375+mym	336	355	352	335
naif1+uu+481.562+nwn	428	439	432	393
naif1+aa+482.727+ha\?g	545	556	557	522
naif2+uu+12.270+aSwl	391	397	394	383
naif2+aa+15.138+mwaTn	523	534	508	481
naif2+aa+16.601+awTan	581	548	520	494
naif2+aa+19.301+maD	479	470	456	435
naif2+aa+24.977+alfDa\?g	570	581	594	577
naif2+aa+27.378+baS	604	595	578	613
naif2+aa+29.135+antSar	590	587	572	567
naif2+aa+30.428+ratb	579	575	542	520
naif2+uu+32.365+fTwr	416	427	432	433
naif2+aa+33.777+wasTh	566	563	538	575
naif2+aa+35.520+Tbabh	591	594	554	493
naif2+aa+37.304+anfSal	593	582	545	481
naif2+ii+38.840+hy	377	380	392	414
naif2+aa+40.402+balTa\?grh	594	599	601	596
naif2+uu+41.755+wDw\?g	402	408	410	411
naif2+aa+43.111+tab	609	606	555	491
naif2+ii+44.717+tlyfwn	360	360	357	343
naif2+uu+44.909+tlyfwn	391	411	419	404
naif2+ii+46.338+qDyb	334	314	309	300
naif2+ii+48.032+jzyrh	334	330	342	373
naif2+aa+51.001+rDa\?g	553	577	585	585
naif2+uu+52.481+zhwr	422	435	435	431
naif2+aa+53.890+alnaSrh	475	477	472	489
naif2+aa+55.428+n\D-afh	598	594	570	530
naif2+aa+57.047+ant\D-am	571	526	485	425
naif2+ii+58.394+w\D-yfh	359	348	324	314
naif2+aa+64.335+mwa\D-bh	494	512	509	472
naif2+aa+65.751+tab\9e	613	601	548	476
naif2+aa+68.185+mna\D-r	482	486	477	433
naif2+uu+73.783+sTwr	396	412	421	431
naif2+ii+75.563+wsyTh	374	378	384	380
naif2+ii+77.328+n\D-yf	350	344	341	332
naif2+ii+78.893+mTyh	317	327	354	389
naif2+uu+82.461+\shrwT	399	417	418	418
naif2+aa+84.025+mtwaSl	547	537	506	516
naif2+ii+85.806+nSyb	298	304	301	294
naif2+uu+88.538+ftwr	423	415	420	419
naif2+uu+90.087+fDwl	359	380	408	391
naif2+ii+95.367+yTyr	370	362	358	362
naif2+aa+102.713+Tab\9e	588	584	530	481
naif2+aa+105.212+faSl	572	579	559	561
naif2+aa+107.423+alan	495	494	479	448
naif2+ii+108.864+fTyrh	333	333	351	386
naif2+uu+110.188+hw	397	401	418	435
naif2+aa+112.758+Samt	627	607	540	469
naif2+aa+114.219+maDy	536	527	489	444
naif2+ii+114.541+maDy	391	376	360	355
naif2+ii+116.272+mtwDy\?g	445	444	449	448
naif2+aa+117.894+fTam	600	567	512	451
naif2+uu+119.357+skwt	394	404	414	405
naif2+aa+125.548+sTam	614	610	586	551
naif2+ii+127.001+mSyr	352	333	332	336
naif2+aa+128.591+bsaTh	607	601	572	548
naif2+aa+130.092+mlabs	583	574	546	486
naif2+ii+132.082+Sdyd	291	305	309	303
naif2+aa+133.670+ktab	595	586	546	498
naif2+aa+135.456+naDj	567	559	518	463
naif2+ii+137.291+sdyd	334	344	352	344
naif2+ii+138.897+wsyTh	380	381	382	382
naif2+uu+140.550+aSwl	397	409	409	403
naif2+ii+142.067+w\D-yfh	347	340	332	323
naif2+aa+146.487+mwaTn	531	517	484	446
naif2+aa+148.939+faSl	616	614	588	582
naif2+aa+150.190+naDj	511	512	480	440
naif2+aa+154.256+fTam	623	591	527	456
naif2+aa+157.024+n\D-afh	610	618	586	637
naif2+aa+158.473+alnaSrh	524	521	497	486
naif2+aa+161.660+sTam	593	581	542	494
naif2+uu+163.196+fDwl	420	417	417	410
naif2+aa+168.173+alfDa\?g	565	570	581	532
naif2+aa+170.924+ktab	592	584	526	474
naif2+ii+172.347+tlyfwn	345	341	331	318
naif2+uu+172.533+tlyfwn	384	386	399	407
naif2+ii+173.858+mSyr	362	359	366	371
naif2+ii+175.325+sdyd	293	298	301	298
naif2+aa+176.571+mlabs	538	541	506	451
naif2+aa+178.047+alan	528	513	479	429
naif2+aa+179.273+baS	587	581	570	554
naif2+aa+180.529+ratb	573	558	525	489
naif2+aa+181.747+wasTh	573	568	550	524
naif2+aa+183.315+anfSal	613	620	593	533
naif2+ii+187.290+yTyr	332	322	329	340
naif2+uu+188.707+wDw\?g	387	403	414	415
naif2+aa+190.328+balTa\?grh	574	589	591	572
naif2+aa+191.677+tab	587	598	571	515
naif2+ii+193.476+qDyb	374	364	352	344
naif2+uu+196.008+zhwr	409	419	424	426
naif2+aa+197.269+bsaTh	580	568	517	471
naif2+aa+200.210+ant\D-am	590	593	565	507
naif2+aa+205.763+antSar	593	600	598	602
naif2+uu+207.185+skwt	339	355	366	368
naif2+aa+208.542+rDa\?g	606	605	608	595
naif2+aa+209.695+tab\9e	613	601	543	466
naif2+uu+215.669+sTwr	406	411	412	415
naif2+uu+216.872+hw	377	408	446	484
naif2+ii+217.926+n\D-yf	312	318	328	323
naif2+ii+220.352+mTyh	275	264	285	336
naif2+ii+221.741+jzyrh	376	387	404	419
naif2+uu+224.792+ftwr	390	404	411	417
naif2+uu+226.201+\shrwT	470	461	440	425
naif2+aa+227.549+mtwaSl	580	571	529	543
naif2+aa+229.095+Tbabh	585	592	544	481
naif2+aa+230.547+mna\D-r	470	493	491	461
naif2+ii+232.028+nSyb	317	298	293	292
naif2+aa+233.452+Samt	593	561	492	427
naif2+uu+237.454+fTwr	411	422	428	440
naif2+ii+238.560+hy	344	354	385	408
naif2+aa+241.305+mwa\D-bh	521	524	514	472
naif2+aa+242.666+Tab\9e	583	586	531	464
naif2+ii+245.496+fTyrh	362	361	371	401
naif2+aa+246.859+maDy	480	487	441	400
naif2+ii+247.166+maDy	358	349	347	341
naif2+ii+248.301+Sdyd	346	332	325	312
naif2+ii+249.945+mtwDy\?g	447	433	420	406
naif2+aa+251.235+maD	513	517	479	435
naif2+aa+252.966+awTan	542	526	499	464
naif2+uu+254.497+aSwl	384	404	395	370
naif2+uu+257.541+zhwr	396	415	421	416
naif2+aa+258.941+mwaTn	500	495	487	458
naif2+aa+260.335+maD	491	501	496	456
naif2+ii+263.751+mtwDy\?g	453	462	468	465
naif2+aa+264.922+faSl	591	559	520	515
naif2+uu+267.896+sTwr	398	410	421	425
naif2+ii+269.278+sdyd	289	305	304	295
naif2+aa+270.836+fTam	574	537	483	428
naif2+aa+272.857+alnaSrh	494	500	492	508
naif2+aa+274.555+anfSal	594	593	558	508
naif2+aa+275.562+baS	576	580	567	546
naif2+aa+277.039+rDa\?g	584	587	578	531
naif2+ii+278.558+hy	351	356	377	404
naif2+aa+280.015+sTam	590	566	530	496
naif2+aa+281.283+tab	576	570	511	458
naif2+ii+285.488+mTyh	321	332	353	386
naif2+aa+289.629+alfDa\?g	594	606	613	580
naif2+aa+292.592+Tbabh	573	563	506	443
naif2+aa+295.247+naDj	470	511	496	451
naif2+ii+297.804+w\D-yfh	297	298	308	323
naif2+aa+299.402+awTan	561	562	553	519
naif2+uu+301.212+fTwr	423	439	447	441
naif2+aa+302.454+alan	513	511	476	431
naif2+aa+304.911+ratb	595	588	556	541
naif2+aa+306.302+Tab\9e	591	589	542	468
naif2+aa+307.695+wasTh	544	544	575	541
naif2+uu+309.252+wDwh	434	433	426	418
naif2+ii+311.803+yTyr	353	346	354	356
naif2+aa+313.009+balTa\?grh	564	574	581	572
naif2+aa+314.356+Samt	553	523	465	409
naif2+uu+315.435+hw	398	413	427	440
naif2+aa+316.618+bsaTh	583	570	516	486
naif2+ii+319.039+qDyb	348	334	340	344
naif2+aa+320.181+n\D-afh	585	592	546	556
naif2+aa+321.850+ant\D-am	583	590	561	495
naif2+ii+323.136+jzyrh	358	360	379	410
naif2+ii+327.026+n\D-yf	321	310	308	300
naif2+uu+328.381+fDwl	397	395	401	408
naif2+uu+330.035+skwt	369	369	373	377
naif2+aa+331.194+mna\D-r	510	512	488	446
naif2+aa+334.180+mwa\D-bh	542	550	530	470
naif2+aa+336.028+antSar	596	599	589	597
naif2+ii+337.460+mSyr	351	343	351	351
naif2+aa+338.604+tab\9e	628	617	570	495
naif2+ii+341.168+fTyrh	374	376	389	416
naif2+aa+345.242+mlabs	628	610	555	490
naif2+ii+346.718+Sdyd	359	345	338	332
naif2+aa+348.087+mtwaSl	587	579	549	560
naif2+aa+350.205+ktab	592	588	546	488
naif2+ii+353.397+nSyb	362	339	322	302
naif2+aa+354.651+maDy	546	560	526	483
naif2+ii+354.937+maDy	347	338	339	335
naif2+ii+357.202+wsyTh	375	374	378	387
naif2+uu+359.812+\shrwT	410	420	415	409
naif2+ii+361.088+tlyfwn	358	354	345	339
naif2+uu+361.261+tlyfwn	408	426	432	427
naif2+uu+364.368+ftwr	400	416	421	422
naif2+aa+375.662+ba\?g	587	582	585	582
naif2+aa+376.786+ta\?g	584	575	549	548
naif2+ii+379.111+jym	314	316	320	313
naif2+aa+382.551+dal	601	604	558	498
naif2+aa+383.758+\dhal	580	567	515	464
naif2+ii+387.454+syn	350	343	332	317
naif2+ii+388.794+\shyn	357	352	342	331
naif2+aa+389.959+Sad	563	563	515	467
naif2+aa+391.331+Dad	553	556	525	461
naif2+aa+392.616+Ta\?g	614	613	615	616
naif2+aa+393.974+\D-a\?g	563	573	568	555
naif2+aa+397.679+fa\?g	594	586	585	571
naif2+aa+401.739+lam	585	560	520	453
naif2+ii+402.951+mym	361	361	355	334
naif2+uu+404.227+nwn	393	393	375	351
naif2+aa+405.461+ha\?g	601	611	614	568
saud+uu+3.284+aSwl	445	450	452	452
saud+aa+6.801+mwaTn	662	664	632	610
saud+aa+8.686+awTan	666	666	624	590
saud+aa+12.070+maD	683	659	578	594
saud+aa+20.528+alfDa\?g	627	646	654	667
saud+aa+24.672+baS	649	625	615	661
saud+aa+27.065+antSar	626	637	624	618
saud+aa+28.751+ratb	662	652	610	585
saud+uu+30.553+fTwr	472	474	483	489
saud+aa+36.297+Tbabh	669	648	585	540
saud+aa+38.443+anfSal	663	659	612	544
saud+ii+39.799+hy	321	310	298	291
saud+aa+42.479+balTa\?grh	644	666	684	689
saud+uu+44.085+wDw\?g	450	448	431	425
saud+aa+45.921+tab	737	714	641	577
saud+ii+48.657+tlyfwn	375	373	368	352
saud+uu+48.823+tlyfwn	556	560	544	515
saud+ii+50.697+qDyb	429	408	380	359
saud+ii+52.715+jzyrh	416	453	483	508
saud+aa+55.479+rDa\?g	618	638	654	659
saud+uu+56.967+zhwr	450	464	475	491
saud+aa+58.503+alnaSrh	562	582	530	546
saud+aa+60.314+n\D-afh	628	626	611	633
saud+aa+62.324+ant\D-am	588	544	606	648
saud+ii+63.975+w\D-yfh	430	432	421	414
saud+aa+69.891+mwa\D-bh	655	643	579	500
saud+aa+71.958+tab\9e	657	650	592	520
saud+aa+74.207+mna\D-r	627	638	604	525
saud+uu+80.749+sTwr	447	460	490	544
saud+ii+82.952+wsyTh	438	462	461	438
saud+ii+84.870+n\D-yf	401	412	406	398
saud+ii+86.961+mTyh	318	315	320	356
saud+uu+91.203+\shrwT	458	465	458	450
saud+aa+93.354+mtwaSl	632	632	600	578
saud+ii+95.797+nSyb	373	392	392	367
saud+uu+98.230+ftwr	445	453	460	478
saud+uu+100.226+fDwl	461	466	456	424
saud+ii+106.301+yTyr	422	433	434	444
saud+aa+116.709+Tab\9e	655	657	602	541
saud+aa+120.853+faSl	655	643	588	584
saud+aa+123.536+alan	643	618	556	475
saud+ii+125.081+fTyrh	426	427	453	489
saud+uu+126.672+hw	345	356	356	362
saud+aa+130.088+Samt	653	665	575	468
saud+aa+132.003+maDy	629	642	583	526
saud+ii+132.235+maDy	410	396	378	367
saud+ii+134.303+mtwDy\?g	403	402	397	390
saud+aa+135.951+fTam	620	591	579	637
saud+uu+137.781+skwt	417	421	399	401
saud+ii+149.379+mSyr	367	381	400	418
saud+aa+151.465+bsaTh	633	631	599	581
saud+aa+153.329+mlabs	669	680	647	577
saud+aa+156.907+ktab	658	661	615	567
saud+aa+158.601+naDj	650	638	607	544
saud+ii+172.656+wsyTh	373	378	379	379
saud+uu+174.664+aSwl	456	445	432	401
saud+ii+176.382+w\D-yfh	391	391	380	370
saud+aa+181.965+mwaTn	680	652	610	608
saud+aa+185.441+faSl	669	665	631	617
saud+aa+187.137+naDj	620	616	564	491
saud+aa+193.268+fTam	687	677	642	698
saud+aa+197.419+n\D-afh	646	656	640	625
saud+aa+200.411+alnaSrh	692	678	648	619
saud+ii+202.465+syf	347	365	375	382
saud+aa+204.539+sTam	730	731	692	684
saud+uu+206.379+fDwl	432	432	430	424
saud+aa+212.313+alfDa\?g	623	628	638	655
saud+aa+216.348+ktab	631	637	606	582
saud+ii+218.377+tlyfwn	381	385	386	376
saud+uu+218.550+tlyfwn	637	640	619	553
saud+ii+221.139+mSyr	393	390	394	397
saud+ii+223.322+sdyd	361	357	354	349
saud+aa+225.104+mlabs	659	630	578	522
saud+aa+226.974+alan	649	649	624	549
saud+aa+228.709+baS	632	636	643	643
saud+aa+230.397+ratb	658	658	649	635
saud+aa+234.742+anfSal	673	682	680	665
saud+ii+240.569+yTyr	375	372	368	380
saud+uu+242.806+wDw\?g	389	387	387	394
saud+aa+245.141+balTa\?grh	685	703	701	694
saud+aa+247.147+tab	722	733	734	733
saud+ii+249.020+qDyb	347	343	348	344
saud+uu+252.615+zhwr	405	410	431	434
saud+aa+254.398+bsaTh	714	694	638	600
saud+aa+258.484+ant\D-am	713	677	631	634
saud+aa+265.799+antSar	665	673	675	676
saud+uu+267.541+skwt	461	441	420	414
saud+aa+269.382+rDa\?g	617	617	621	625
saud+aa+271.132+tab\9e	644	640	608	566
saud+aa+272.919+msa\9edh	694	715	741	756
saud+uu+276.609+sTwr	482	483	479	481
saud+uu+278.302+hw	376	371	366	368
saud+ii+280.060+n\D-yf	466	468	459	453
saud+ii+283.712+mTyh	370	369	359	384
saud+ii+285.502+jzyrh	355	349	355	365
saud+uu+289.530+ftwr	480	493	497	491
saud+uu+291.485+\shrwT	471	465	455	457
saud+aa+293.443+mtwaSl	652	654	624	621
saud+aa+295.402+Tbabh	675	657	613	552
saud+aa+297.246+mna\D-r	683	676	619	551
saud+ii+299.069+nSyb	383	376	379	365
saud+aa+300.852+Samt	689	687	675	592
saud+uu+304.428+fTwr	510	489	495	499
saud+ii+306.026+hy	347	332	322	322
saud+aa+310.764+mwa\D-bh	729	706	662	594
saud+aa+312.430+Tab\9e	644	647	616	574
saud+ii+316.072+fTyrh	363	367	362	370
saud+aa+317.701+maDy	677	648	550	476
saud+ii+317.988+maDy	354	351	346	335
saud+ii+319.472+Sdyd	370	364	342	322
saud+ii+321.591+mtwDy\?g	386	363	341	323
saud+aa+322.897+maD	710	698	644	622
saud+uu+324.679+awTan	437	424	406	394
saud+aa+324.898+awTan	704	715	711	686
saud+uu+329.996+aSwl	372	373	440	587
saud+uu+330.255+aSwl	393	392	402	413
saud+uu+333.494+zhwr	540	521	502	483
saud+aa+335.353+mwaTn	697	688	648	616
saud+aa+337.306+maD	689	680	630	553
saud+ii+341.331+mtwDy\?g	392	385	380	375
saud+aa+342.897+faSl	678	673	630	638
saud+uu+346.313+sTwr	507	508	501	498
saud+ii+347.995+sdyd	351	363	366	363
saud+aa+349.711+fTam	727	741	752	749
saud+aa+351.425+alnaSrh	723	729	711	632
saud+aa+353.406+anfSal	633	668	678	680
saud+aa+355.021+baS	702	690	665	632
saud+aa+356.693+rDa\?g	653	650	654	656
saud+ii+358.126+hy	335	324	314	304
saud+aa+359.592+sTam	719	724	714	694
saud+aa+361.285+tab	704	701	696	690
saud+ii+366.122+mTyh	378	369	357	385
saud+aa+371.179+alfDa\?g	625	632	642	650
saud+aa+374.483+Tbabh	706	709	656	611
saud+ii+376.201+syf	328	328	329	329
saud+aa+377.844+naDj	640	637	615	578
saud+ii+380.884+w\D-yfh	427	426	430	414
saud+aa+382.639+awTan	694	694	686	673
saud+uu+384.167+fTwr	524	519	517	515
saud+aa+385.554+alan	688	700	696	682
saud+aa+388.596+ratb	669	652	608	589
saud+aa+390.048+Tab\9e	690	684	640	579
saud+aa+391.559+wasTh	634	642	623	603
saud+uu+393.158+wDwh	434	435	430	423
saud+ii+396.153+yTyr	390	383	393	413
saud+aa+397.900+balTa\?grh	651	664	672	662
saud+aa+399.426+Samt	674	693	675	623
saud+uu+401.024+hw	382	379	378	386
saud+aa+402.227+bsaTh	667	664	641	630
saud+ii+404.732+qDyb	335	334	338	345
saud+aa+406.115+n\D-afh	650	645	626	625
saud+aa+407.899+ant\D-am	682	684	662	639
saud+ii+409.413+jzyrh	317	320	322	328
saud+ii+413.741+n\D-yf	349	357	376	375
saud+uu+415.108+fDwl	488	479	457	450
saud+uu+415.275+fDwl	497	492	481	469
saud+uu+416.805+skwt	457	455	448	436
saud+aa+418.149+mna\D-r	681	690	672	642
saud+aa+421.073+mwa\D-bh	641	646	629	605
saud+aa+422.843+antSar	640	655	654	651
saud+ii+424.274+mSyr	402	402	405	412
saud+aa+425.675+tab\9e	675	670	630	587
saud+ii+428.552+fTyrh	424	412	414	438
saud+aa+430.067+msa\9edh	633	643	662	687
saud+aa+433.066+mlabs	648	652	633	609
saud+ii+434.708+Sdyd	393	390	386	375
saud+aa+436.095+mtwaSl	624	633	620	632
saud+aa+437.534+ktab	696	705	693	675
saud+ii+440.457+nSyb	339	329	321	322
saud+aa+441.770+maDy	655	676	661	577
saud+ii+442.059+maDy	341	335	328	313
saud+ii+443.504+wsTy	331	327	327	315
saud+ii+444.759+wsyTh	347	346	340	349
saud+uu+447.922+\shrwT	422	446	451	476
saud+ii+450.810+tlyfwn	296	299	308	395
saud+uu+450.977+tlyfwn	567	610	630	637
saud+uu+454.038+ftwr	412	418	419	419
saud+aa+468.312+ba\?g	636	649	659	658
saud+aa+469.649+ta\?g	641	652	661	671
saud+aa+471.006+\tfa\?g	611	622	633	636
saud+ii+472.529+jym	262	271	286	300
saud+aa+476.263+dal	542	553	527	472
saud+ii+481.637+syn	287	304	314	306
saud+aa+484.139+Sad	543	547	550	532
saud+aa+485.422+Dad	566	569	560	539
saud+aa+486.832+Ta\?g	579	577	586	606
saud+aa+488.233+\D-a\?g	602	609	615	633
saud+aa+492.514+fa\?g	612	627	636	640
saud+aa+496.659+lam	515	512	471	410
saud+ii+498.064+mym	352	381	400	412
saud+uu+499.570+nwn	421	447	455	443
saud+aa+501.003+ha\?g	591	597	602	591
