abu+aa+44.103+awTan+	2574	2631	2624	2501
abu+aa+48.498+alan+	2666	2693	2701	2575
abu+aa+53.453+alnaSrh+	2736	2714	2713	2715
abu+aa+57.170+n\D-afh+	2393	2388	2345	2468
abu+uu+59.064+zhwr+	2369	2342	2348	2337
abu+aa+62.760+anfSal+	2340	2356	2364	2437
abu+aa+64.464+ant\D-am+	2712	2663	2502	2428
abu+uu+65.957+fDwl+	2559	2539	2487	2439
abu+aa+67.624+msa\9edh+	2339	2331	2349	2348
abu+uu+70.714+awtwbys+	2456	2464	2490	2539
abu+uu+70.890+awtwbys+	2370	2357	2360	2338
abu+ii+71.016+awtwbys+	2448	2443	2433	2485
abu+ii+78.673+rtyb+	2647	2557	2436	2342
abu+aa+87.188+Samt+	2573	2583	2610	2574
abu+aa+88.554+Tab\9e+	2615	2574	2510	2478
abu+aa+90.782+balTa\?grh+	2598	2593	2585	2573
abu+aa+92.214+tab+	2461	2453	2414	2425
abu+aa+94.542+ratb+	2408	2375	2367	2376
abu+ii+101.131+thmymh+	2521	2509	2442	2351
abu+ii+107.395+thmymh+	2583	2570	2565	2534
abu+aa+120.068+raTy+	2457	2461	2465	2459
abu+ii+120.314+raTy+	2543	2566	2588	2611
abu+ii+123.934+hy+	2734	2752	2759	2763
abu+aa+125.408+rDa\?g+	2714	2685	2645	2589
abu+ii+126.780+rTyb+	2591	2567	2503	2478
abu+uu+132.796+stwr+	2285	2278	2294	2322
abu+ii+134.559+sdyd+	2605	2607	2590	2553
abu+aa+135.839+maDn+	2655	2589	2557	2542
abu+aa+136.915+maD+	2591	2578	2560	2556
abu+ii+140.332+nDyf+	2608	2594	2577	2598
abu+ii+144.533+nDyf+	2594	2560	2538	2603
abu+uu+156.684+hw+	2507	2528	2543	2551
abu+ii+158.181+w\D-yfh+	2552	2564	2648	2660
abu+ii+159.873+mTyh+	2702	2765	2771	2730
abu+aa+161.904+bsaTh+	2417	2410	2397	2384
abu+aa+170.141+mtwaSl+	2485	2473	2474	2693
abu+uu+171.595+sTwr+	2526	2508	2474	2455
abu+uu+175.313+mSwl+	2575	2547	2519	2526
abu+uu+195.517+smwT+	2830	2814	2888	2883
abu+ii+205.247+tlyfwn+	2508	2506	2458	2426
abu+uu+206.268+fTwr+	2523	2478	2447	2447
abu+aa+207.491+naDr+	2586	2569	2540	2534
abu+uu+228.519+fTwr+	2449	2421	2317	2416
abu+ii+238.516+n\D-yf+	2608	2584	2539	2541
abu+aa+243.333+mwa\D-bh+	2515	2500	2472	2455
abu+aa+245.548+Tab+	2411	2386	2352	2375
abu+aa+248.615+Tabh+	2540	2523	2503	2476
abu+uu+256.195+Smwt+	2675	2648	2621	2585
abu+aa+263.887+mna\D-r+	2414	2428	2421	2427
abu+uu+267.229+wDw\?g+	2607	2640	2669	2696
abu+ii+268.392+wsyTh+	2413	2418	2427	2399
abu+aa+269.728+faSl+	2483	2493	2531	2575
abu+ii+271.917+w\D-y\?g+	2600	2630	2692	2685
abu+ii+280.107+wDyh+	2448	2454	2445	2442
abu+uu+286.446+aSwl+	2602	2574	2518	2472
abu+aa+288.000+fTam+	2597	2579	2451	2412
abu+aa+289.654+alfDa\?g+	2571	2563	2554	2544
abu+aa+290.796+ktab+	2446	2429	2402	2354
abu+aa+291.883+maDr+	2562	2564	2568	2577
abu+aa+297.715+naDl+	2657	2559	2496	2514
abu+aa+298.914+naDl+	2505	2426	2377	2400
abu+aa+299.441+naDl+	2543	2571	2540	2512
abu+aa+301.100+naDl+	2662	2664	2680	2729
abu+aa+302.727+at\9eab+	2227	2199	2189	2209
abu+ii+304.419+mSyr+	2674	2590	2495	2584
abu+ii+308.024+mSyr+	2501	2485	2442	2407
abu+ii+314.639+mSyr+	2335	2315	2317	2367
abu+aa+319.923+rTanh+	2450	2446	2476	2500
abu+ii+321.044+mTyr+	2499	2468	2437	2553
abu+ii+330.965+w\D-yf+	2614	2604	2600	2607
abu+aa+332.793+mlabs+	2388	2381	2346	2319
abu+aa+334.101+tab\9e+	2471	2433	2378	2353
abu+aa+335.404+mwaTn+	2482	2509	2520	2527
abu+ii+336.828+h\D-ym+	2663	2694	2639	2549
abu+uu+340.265+mh\D-wm+	2773	2679	2600	2540
abu+ii+345.927+s\9eyd+	2617	2593	2558	2570
abu+ii+347.153+nSyb+	2655	2598	2504	2525
abu+aa+348.420+antSar+	2423	2421	2436	2494
abu+ii+349.738+fTyrh+	2545	2510	2496	2500
abu+aa+353.406+wsTy+	2609	2645	2666	2736
abu+aa+357.331+njtryh+	2579	2542	2561	2591
abu+aa+371.942+balTa\?grh+	2539	2514	2499	2488
abu+aa+374.105+naDl+	2564	2536	2490	2445
abu+aa+375.417+mtwaSl+	2416	2415	2422	2448
abu+aa+376.524+mlabs+	2410	2403	2302	2218
abu+ii+380.029+nSyb+	2654	2591	2454	2532
abu+uu+382.410+zhwr+	2302	2274	2267	2309
abu+aa+384.487+naDr+	2622	2566	2501	2473
abu+aa+385.806+maDr+	2619	2570	2516	2490
abu+aa+387.116+fTam+	2539	2552	2431	2370
abu+ii+388.405+wsyTh+	2435	2425	2524	2612
abu+ii+389.968+S\9eyd+	2673	2596	2563	2522
abu+aa+391.010+maDn+	2733	2666	2624	2611
abu+uu+392.248+awtwbys+	2415	2420	2456	2508
abu+uu+392.423+awtwbys+	2327	2308	2283	2240
abu+ii+392.555+awtwbys+	2501	2500	2494	2543
abu+uu+395.218+mSwl+	2694	2578	2515	2450
abu+aa+397.919+ant\D-am+	2748	2758	2716	2653
abu+ii+399.077+wDy\?g+	2539	2542	2582	2557
abu+ii+402.451+mSyr+	2487	2436	2391	2515
abu+ii+403.945+mTyr+	2485	2439	2384	2429
abu+aa+406.026+msa\9edh+	2368	2317	2282	2246
abu+ii+407.481+nDyf+	2582	2546	2477	2606
abu+uu+409.590+wDw\?g+	2475	2501	2506	2506
abu+uu+409.798+wDw\?g+	2681	2706	2714	2709
abu+ii+410.969+rtyb+	2855	2661	2455	2325
abu+aa+412.205+anfSal+	2450	2451	2431	2415
abu+aa+414.363+sTam+	2613	2647	2635	2588
abu+ii+417.237+w\D-yf+	2542	2531	2490	2485
abu+ii+419.887+fTyrh+	2451	2429	2402	2458
abu+aa+421.328+alfDa\?g+	2440	2438	2432	2427
abu+aa+424.045+Tab\9e+	2507	2468	2377	2286
abu+aa+425.626+tab+	2485	2456	2381	2322
abu+aa+432.963+ratb+	2386	2393	2389	2385
abu+aa+435.560+rDa\?g+	2566	2548	2531	2511
abu+uu+437.914+sTwr+	2388	2376	2368	2359
abu+ii+439.574+raTy+	2481	2500	2550	2687
abu+aa+442.633+tab\9e+	2443	2397	2334	2307
abu+uu+444.185+smwt+	2506	2526	2628	2612
abu+aa+449.530+n\D-afh+	2572	2550	2523	2524
abu+ii+452.067+rTyb+	2524	2483	2436	2415
abu+aa+454.582+rTanh+	2597	2641	2636	2574
abu+aa+495.964+nmal+	2543	2507	2471	2448
abu+aa+498.261+alan+	2538	2587	2619	2612
abu+ii+500.148+hDym+	2660	2678	2607	2500
abu+aa+503.245+Samt+	2521	2527	2471	2431
abu+aa+504.627+antSar+	2433	2412	2403	2408
abu+aa+505.492+Tab+	2565	2551	2526	2500
abu+aa+506.708+mwa\D-bh+	2612	2570	2524	2494
abu+aa+508.167+alnaSrh+	2647	2604	2553	2708
abu+uu+509.760+Smwt+	2805	2744	2690	2731
abu+ii+512.183+thmymh+	2764	2647	2484	2352
abu+ii+513.691+mTyh+	2745	2797	2761	2678
abu+aa+516.071+awTan+	2706	2705	2672	2629
abu+aa+517.281+mna\D-r+	2644	2587	2539	2524
abu+uu+518.516+smwT+	2757	2824	2821	2757
abu+ii+519.664+w\D-yfh+	2462	2466	2429	2471
abu+uu+522.201+fTwr+	2468	2466	2455	2466
abu+ii+523.561+s\9eyd+	2500	2446	2413	2662
abu+ii+525.978+hy+	2683	2713	2697	2645
abu+ii+527.211+n\D-yf+	2559	2532	2488	2557
abu+ii+528.248+tlyfwn+	2473	2455	2440	2453
abu+uu+528.462+tlyfwn+	2419	2463	2496	2510
abu+aa+529.509+faSl+	2458	2459	2573	2737
abu+aa+533.488+bsaTh+	2438	2421	2414	2419
abu+uu+534.852+stwr+	2263	2241	2262	2365
abu+uu+536.192+aSwl+	2319	2300	2368	2368
abu+aa+537.458+ktab+	2417	2403	2368	2367
abu+aa+538.766+mwaTn+	2549	2506	2476	2448
abu+uu+539.925+hw+	2421	2435	2434	2451
abu+uu+541.308+fDwl+	2466	2428	2402	2381
abu+ii+542.572+sdyd+	2671	2597	2529	2539
abu+aa+548.671+maDn+	2659	2664	2634	2618
abu+ii+551.177+n\D-yf+	2520	2510	2426	2430
abu+ii+552.258+nSyb+	2518	2478	2434	2477
abu+ii+553.561+rtyb+	2564	2463	2349	2329
abu+aa+557.383+bsaTh+	2462	2430	2388	2376
abu+ii+558.732+wsyTh+	2344	2325	2315	2302
abu+uu+561.408+zhwr+	2358	2358	2399	2523
abu+aa+562.626+naDr+	2702	2663	2626	2595
abu+aa+563.915+fTam+	2575	2592	2491	2440
abu+ii+566.122+s\9eyd+	2666	2586	2558	2627
abu+ii+567.120+S\9eyd+	2591	2529	2446	2517
abu+uu+568.071+awtwbys+	2461	2461	2500	2510
abu+uu+568.218+awtwbys+	2332	2282	2224	2156
abu+ii+568.378+awtwbys+	2532	2545	2532	2535
abu+ii+570.315+hy+	2805	2788	2731	2665
abu+ii+572.199+wDy\?g+	2656	2701	2704	2686
abu+ii+573.083+mTyr+	2595	2555	2483	2508
abu+ii+576.529+mTyh+	2879	2865	2800	2703
abu+aa+577.813+ktab+	2406	2394	2352	2390
abu+ii+580.362+mSyr+	2577	2532	2488	2575
abu+aa+581.420+msa\9edh+	2414	2383	2361	2336
abu+uu+582.862+smwT+	2707	2736	2736	2682
abu+aa+583.997+nDl+	2718	2670	2632	2602
abu+aa+585.009+Tab\9e+	2541	2497	2415	2345
abu+uu+587.170+wDw\?g+	2554	2576	2582	2640
abu+uu+587.381+wDw\?g+	2635	2641	2643	2648
abu+aa+588.443+anfSal+	2468	2455	2441	2420
abu+aa+589.561+tab\9e+	2393	2359	2298	2270
abu+aa+591.624+sTam+	2833	2940	2924	2760
abu+aa+594.586+maDr+	2818	2782	2723	2684
abu+uu+595.683+fDwl+	2698	2634	2536	2465
abu+aa+596.775+balTa\?grh+	2573	2564	2551	2533
abu+aa+599.023+awTan+	2674	2671	2640	2614
abu+uu+599.814+sTwr+	2640	2621	2568	2594
abu+ii+601.148+fTyrh+	2507	2504	2500	2494
abu+aa+604.128+alan+	2723	2691	2666	2642
abu+aa+606.023+mlabs+	2502	2527	2549	2505
abu+aa+607.812+nmal+	2572	2536	2497	2430
abu+aa+609.533+n\D-afh+	2599	2550	2528	2482
abu+aa+610.416+rDa\?g+	2632	2609	2589	2600
abu+aa+611.110+Samt+	2551	2733	2656	2591
abu+aa+613.209+raTy+	2583	2567	2546	2530
abu+ii+613.541+raTy+	2637	2648	2634	2624
abu+uu+614.422+fTwr+	2504	2484	2449	2461
abu+uu+615.871+smwt+	2454	2514	2522	2543
abu+uu+617.074+Smwt+	2759	2726	2709	2688
abu+uu+618.190+Smwt+	2704	2679	2663	2702
abu+ii+619.834+rTyb+	2734	2806	2738	2641
abu+aa+621.596+faSl+	2321	2340	2352	2427
abu+ii+622.519+w\D-yf+	2617	2591	2532	2625
abu+aa+623.512+ant\D-am+	2769	2766	2671	2623
abu+uu+625.655+stwr+	2130	2139	2139	2208
abu+ii+626.812+hw(hy)+	2633	2629	2599	2509
abu+aa+627.830+rTanh+	2703	2725	2733	2711
abu+ii+628.720+nDym+	2737	2753	2770	2641
abu+ii+629.720+sdyd+	2675	2614	2551	2542
abu+aa+631.536+Tab+	2492	2480	2454	2431
abu+aa+633.039+antSar+	2488	2472	2484	2574
abu+aa+633.989+alnaSrh+	2636	2576	2570	2580
abu+uu+634.988+aSwl+	2621	2613	2608	2549
abu+ii+636.248+thmymh+	2702	2676	2642	2588
abu+aa+637.146+tab+	2480	2446	2390	2378
abu+ii+638.818+nDyf+	2689	2627	2561	2564
abu+aa+639.558+mwaTn+	2738	2608	2538	2457
abu+aa+640.753+mna\D-r+	2902	2779	2690	2639
abu+aa+641.672+alfDa\?g+	2464	2484	2515	2544
abu+ii+644.733+Sdyd+	2574	2510	2461	2437
abu+uu+646.447+mSwl+	2415	2414	2398	2368
abu+ii+647.455+tlyfwn+	2511	2472	2405	2398
abu+uu+647.645+tlyfwn+	2291	2232	2276	2294
abu+ii+649.195+w\D-yfh+	2776	2696	2620	2539
abu+aa+678.137+ba\?g+	2396	2410	2419	2444
abu+aa+680.043+ta\?g+	2491	2501	2517	2571
abu+aa+681.177+\tfa\?g+	2481	2498	2501	2517
abu+ii+682.400+jym+	2847	2812	2715	2567
abu+aa+683.473+Ha\?g+	2323	2346	2372	2427
abu+aa+684.740+xa\?g+	2298	2305	2319	2375
abu+aa+685.722+dal+	2463	2459	2446	2428
abu+aa+686.809+\dhal+	2466	2470	2456	2437
abu+ii+690.111+syn+	2843	2830	2750	2662
abu+ii+691.095+\shyn+	2848	2843	2770	2722
abu+aa+692.784+Sad+	2516	2533	2577	2632
abu+aa+693.998+Dad+	2610	2651	2701	2719
abu+aa+694.931+Ta\?g+	2510	2506	2523	2541
abu+aa+696.157+\D-a\?g+	2576	2635	2708	2746
abu+aa+701.156+lam+	2490	2530	2518	2472
abu+ii+701.886+mym+	2847	2804	2664	2505
abu+aa+702.580+ha\?g+	2511	2539	2606	2664
abu+uu+703.514+nwn+	2458	2440	2513	2573
abu+aa+705.032+ha\?g+	2419	2491	2505	2526
alohali+uu+20.756+aSwl+	2667	2647	2623	2614
alohali+aa+26.785+mwaTn+	2997	2914	2864	2857
alohali+aa+30.173+awTan+	3031	2743	2398	2170
alohali+aa+32.855+HaDr+	2695	2628	2624	2682
alohali+aa+52.177+maD+	3078	3029	2940	2899
alohali+aa+64.025+alfDa\?g+	2885	2888	2905	2930
alohali+aa+69.753+baS+	2612	2609	2613	2643
alohali+aa+73.018+antSar+	2591	2567	2534	2642
alohali+aa+75.733+ratb+	2636	2671	2656	2656
alohali+uu+78.583+fTwr+	2736	2665	2624	2619
alohali+aa+81.659+wasTh+	2871	2784	2722	2778
alohali+aa+86.366+Tbabh+	2491	2532	2539	2535
alohali+aa+89.883+anfSal+	2603	2606	2612	2610
alohali+ii+94.027+hy+	2845	2936	3012	3060
alohali+uu+102.072+wDw\?g+	2812	2797	2789	2754
alohali+aa+105.671+tab+	2559	2591	2579	2594
alohali+ii+108.801+tlyfwn+	2339	2329	2332	2350
alohali+uu+108.950+tlyfwn+	2160	2043	1981	1947
alohali+ii+113.054+qDyb+	2666	2679	2638	2597
alohali+ii+116.032+jzyrh+	2502	2463	2421	2372
alohali+aa+121.942+rDa\?g+	2840	2820	2782	2770
alohali+uu+125.647+zhwr+	2356	2443	2500	2471
alohali+aa+129.865+alnaSrh+	2529	2299	2415	2606
alohali+aa+133.710+n\D-afh+	2734	2719	2672	2711
alohali+aa+136.845+ant\D-am+	2896	3029	3132	2949
alohali+ii+139.800+w\D-yfh+	2531	2472	2392	2451
alohali+aa+149.451+mwa\D-bh+	2975	2933	2843	2756
alohali+aa+153.036+tab\9e+	2566	2543	2476	2462
alohali+aa+156.743+mna\D-r+	2850	3000	2851	2775
alohali+aa+158.560+mna\D-r+	3123	3073	3011	2969
alohali+uu+169.641+sTwr+	2667	2621	2576	2551
alohali+ii+173.879+wsyTh+	2500	2496	2480	2482
alohali+ii+176.952+n\D-yf+	2580	2562	2486	2536
alohali+ii+182.320+mTyh+	2605	2608	2614	2578
alohali+uu+188.628+\shrwT+	2497	2545	2566	2573
alohali+aa+191.555+mtwaSl+	2550	2531	2530	2606
alohali+ii+194.524+nSyb+	2554	2551	2546	2582
alohali+uu+199.479+ftwr+	2323	2334	2339	2319
alohali+uu+202.185+fDwl+	2682	2645	2572	2506
alohali+ii+211.451+yTyr+	2617	2567	2500	2540
alohali+aa+226.025+Tab\9e+	2870	2787	2689	2551
alohali+aa+231.625+faSl+	2659	2640	2603	2581
alohali+aa+234.585+alan+	2512	2539	2635	2501
alohali+ii+237.829+fTyrh+	2547	2483	2386	2314
alohali+uu+240.659+hw+	2123	2110	2077	2094
alohali+aa+247.386+Samt+	3012	3011	2810	2575
alohali+aa+249.856+maDy+	1884	2165	2364	2534
alohali+ii+253.102+mtwDy\?g+	2501	2485	2468	2460
alohali+aa+256.232+fTam+	2957	3014	3036	2735
alohali+uu+259.185+skwt+	2242	2237	2281	2316
alohali+aa+272.129+sTam+	2830	2690	2437	2281
alohali+ii+275.285+mSyr+	2455	2434	2352	2476
alohali+aa+278.693+bsaTh+	2508	2516	2521	2533
alohali+aa+281.530+mlabs+	2490	2475	2466	2468
alohali+aa+287.721+ktab+	2377	2286	2250	2313
alohali+aa+290.600+naDj+	3077	3034	2950	2888
alohali+ii+293.627+sdyd+	2666	2610	2576	2564
alohali+ii+297.454+wsyTh+	2469	2452	2419	2422
alohali+uu+300.259+aSwl+	2564	2489	2453	2432
alohali+ii+302.856+w\D-yfh+	2425	2451	2447	2489
alohali+ii+305.449+S\9eyd+	2804	2733	2673	2637
alohali+aa+310.870+mwaTn+	3086	3032	2997	2965
alohali+aa+313.167+HaDr+	2635	2585	2574	2576
alohali+aa+315.730+faSl+	2489	2513	2530	2543
alohali+aa+318.535+naDj+	3132	3043	2982	2944
alohali+aa+326.014+fTam+	3080	3088	3096	2839
alohali+aa+331.907+n\D-afh+	2722	2706	2659	2654
alohali+aa+334.969+alnaSrh+	3163	3104	3041	3016
alohali+aa+340.557+sTam+	2925	2934	2679	2443
alohali+uu+343.483+fDwl+	2706	2696	2617	2529
alohali+aa+352.086+alfDa\?g+	2802	2795	2779	2806
alohali+aa+357.721+ktab+	2516	2478	2450	2464
alohali+ii+360.300+tlyfwn+	2337	2296	2242	2264
alohali+uu+360.462+tlyfwn+	2181	2170	2117	2106
alohali+ii+363.461+mSyr+	2632	2589	2563	2678
alohali+aa+368.898+mlabs+	2374	2377	2384	2327
alohali+aa+371.639+alan+	3070	2937	2823	2704
alohali+aa+373.561+baS+	2713	2738	2763	2838
alohali+aa+375.755+ratb+	2519	2550	2574	2578
alohali+aa+378.541+wasTh+	2768	2764	2718	2738
alohali+aa+381.983+anfSal+	2567	2607	2646	2669
alohali+ii+389.066+yTyr+	2697	2681	2669	2753
alohali+uu+391.437+wDw\?g+	2809	2792	2779	2756
alohali+aa+398.132+tab+	2435	2336	2354	2463
alohali+ii+400.818+qDyb+	2683	2677	2595	2550
alohali+uu+407.320+zhwr+	2510	2558	2585	2620
alohali+aa+410.305+bsaTh+	2611	2598	2612	2613
alohali+aa+415.279+ant\D-am+	2941	3048	3081	2742
alohali+aa+426.660+antSar+	2551	2559	2551	2556
alohali+uu+429.063+skwt+	2407	2426	2461	2472
alohali+aa+431.955+rDa\?g+	2817	2754	2759	2755
alohali+aa+435.262+tab\9e+	2455	2419	2392	2349
alohali+aa+438.154+msa\9edh+	2441	2430	2433	2438
alohali+uu+444.543+sTwr+	2711	2676	2590	2533
alohali+uu+447.687+hw+	2509	2514	2496	2434
alohali+ii+450.642+n\D-yf+	2498	2480	2454	2488
alohali+ii+459.627+jzyrh+	2565	2530	2501	2490
alohali+uu+465.313+ftwr+	2509	2524	2501	2465
alohali+uu+468.024+\shrwT+	2648	2678	2700	2784
alohali+aa+470.219+mtwaSl+	2847	2821	2803	2987
alohali+aa+473.493+Tbabh+	2472	2457	2433	2441
alohali+aa+477.082+mna\D-r+	3142	3072	3005	2959
alohali+ii+481.210+nSyb+	2560	2563	2510	2491
alohali+aa+484.156+Samt+	2788	2884	2581	2378
alohali+uu+491.848+fTwr+	2815	2739	2649	2566
alohali+ii+493.975+hy+	2782	2828	2876	2867
alohali+aa+499.356+mwa\D-bh+	2656	3022	2757	2542
alohali+aa+502.158+Tab\9e+	2769	2706	2648	2622
alohali+ii+507.290+fTyrh+	2629	2593	2543	2497
alohali+aa+509.826+maDy+	3013	2940	2874	2831
alohali+ii+510.033+maDy+	2712	2612	2544	2539
alohali+ii+512.291+Sdyd+	2816	2783	2724	2703
alohali+ii+515.444+mtwDy\?g+	2704	2783	2809	2856
alohali+aa+518.408+maD+	3018	2956	2870	2807
alohali+aa+521.280+awTan+	2988	3046	3102	3035
alohali+uu+523.552+aSwl+	2653	2622	2565	2531
alohali+uu+528.669+zhwr+	2653	2610	2590	2516
alohali+aa+530.961+mwaTn+	2968	2951	2826	2783
alohali+aa+533.552+maD+	3023	2903	2828	2757
alohali+ii+539.578+mtwDy\?g+	2887	2924	2875	2772
alohali+aa+542.104+faSl+	2433	2439	2454	2495
alohali+uu+547.106+sTwr+	2735	2644	2554	2470
alohali+ii+549.663+sdyd+	2705	2698	2738	2728
alohali+aa+552.671+fTam+	3075	3070	3100	2850
alohali+aa+555.205+alnaSrh+	3134	3088	3045	2968
alohali+aa+558.774+anfSal+	2428	2431	2435	2485
alohali+aa+561.353+baS+	2484	2485	2501	2627
alohali+aa+564.114+rDa\?g+	2679	2663	2679	2703
alohali+ii+566.076+hy+	2853	2906	2947	2972
alohali+aa+568.426+sTam+	3013	2968	2896	2615
alohali+aa+570.579+tab+	2421	2410	2439	2500
alohali+ii+579.410+mTyh+	2768	2672	2564	2492
alohali+aa+587.421+alfDa\?g+	2618	2612	2612	2625
alohali+aa+593.659+Tbabh+	2393	2389	2368	2323
alohali+aa+598.222+naDj+	2822	2690	2631	2619
alohali+aa+600.746+HaDr+	2424	2437	2462	2493
alohali+ii+603.031+w\D-yfh+	2437	2426	2378	2397
alohali+aa+605.272+awTan+	3126	3164	3155	3029
alohali+uu+608.084+fTwr+	2603	2553	2508	2482
alohali+aa+610.838+alan+	2466	2589	2693	2552
alohali+aa+616.295+ratb+	2361	2382	2407	2442
alohali+aa+619.370+Tab\9e+	2600	2515	2487	2498
alohali+aa+622.556+wasTh+	2570	2544	2539	2576
alohali+uu+625.531+wDwh+	2718	2706	2698	2697
alohali+ii+631.385+yTyr+	2609	2604	2575	2537
alohali+aa+637.875+Samt+	2714	2851	2788	2561
alohali+uu+640.621+hw+	2513	2476	2431	2385
alohali+aa+643.465+bsaTh+	2577	2565	2574	2599
alohali+ii+648.937+qDyb+	2562	2549	2510	2471
alohali+aa+651.188+n\D-afh+	2552	2549	2553	2572
alohali+aa+653.700+ant\D-am+	2857	2979	3001	2890
alohali+ii+656.467+jzyrh+	2519	2469	2430	2419
alohali+ii+664.977+n\D-yf+	2405	2385	2383	2469
alohali+uu+668.007+fDwl+	2723	2678	2592	2534
alohali+uu+670.779+skwt+	2284	2299	2381	2414
alohali+aa+673.428+mna\D-r+	3113	3089	3023	2964
alohali+aa+678.746+mwa\D-bh+	2954	2921	2887	2794
alohali+aa+681.604+antSar+	2420	2405	2477	2701
alohali+ii+684.530+mSyr+	2426	2438	2310	2254
alohali+aa+687.517+tab\9e+	2426	2418	2406	2397
alohali+ii+694.645+fTyrh+	2548	2543	2521	2499
alohali+aa+704.735+mlabs+	2454	2479	2483	2464
alohali+aa+710.021+mtwaSl+	2565	2516	2548	2723
alohali+aa+712.619+ktab+	2327	2297	2302	2348
alohali+ii+718.517+nSyb+	2639	2616	2574	2581
alohali+aa+720.484+maDy+	2872	2777	2722	2654
alohali+ii+725.520+wsyTh+	2382	2392	2390	2437
alohali+uu+730.790+\shrwT+	2434	2539	2607	2561
alohali+ii+733.045+tlyfwn+	2457	2412	2399	2438
alohali+uu+733.208+tlyfwn+	2819	2838	2744	2609
alohali+uu+740.546+ftwr+	2439	2417	2394	2357
alohali+aa+763.956+ba\?g+	2539	2573	2618	2663
alohali+aa+765.835+ta\?g+	2761	2757	2762	2783
alohali+aa+767.394+\tfa\?g+	2735	2716	2736	2772
alohali+ii+769.049+jym+	2751	2719	2658	2557
alohali+aa+770.616+Ha\?g+	2755	2808	2831	2810
alohali+aa+772.507+xa\?g+	2913	2937	2950	2957
alohali+aa+774.303+dal+	2695	2739	2734	2694
alohali+aa+775.854+\dhal+	2584	2671	2715	2750
alohali+aa+777.562+ra\?g+	2420	2469	2570	2662
alohali+ii+781.370+syn+	2757	2820	2803	2728
alohali+ii+783.448+\shyn+	2602	2584	2485	2471
alohali+aa+785.438+Sad+	2508	2562	2589	2633
alohali+aa+787.448+Dad+	2764	2755	2753	2755
alohali+aa+789.941+Ta\?g+	2768	2723	2713	2760
alohali+aa+792.469+\D-a\?g+	2616	2624	2672	2746
alohali+aa+798.880+fa\?g+	2335	2441	2647	2831
alohali+aa+806.487+lam+	2570	2612	2550	2460
alohali+ii+808.549+mym+	3142	3121	2965	2750
alohali+uu+810.745+nwn+	2089	1903	1886	1975
alohali+aa+812.678+ha\?g+	2585	2593	2606	2603
alotaiq+uu+36.829+aSwl+	2715	2696	2691	2649
alotaiq+aa+40.965+mwaTn+	2834	2802	2833	2858
alotaiq+aa+43.229+awTan+	2408	2307	2277	2448
alotaiq+aa+44.659+HaDr+	2777	2806	2862	2951
alotaiq+aa+46.645+maD+	2802	2842	2796	2784
alotaiq+aa+53.714+alfDa\?g+	2838	2847	2865	2917
alotaiq+aa+55.917+baS+	2719	2721	2735	2843
alotaiq+aa+57.448+antSar+	2906	2896	2904	2920
alotaiq+aa+58.659+ratb+	2865	2865	2939	3016
alotaiq+uu+59.954+fTwr+	2761	2747	2716	2636
alotaiq+aa+61.188+wasTh+	2775	2796	2824	2840
alotaiq+aa+64.681+Tbabh+	2718	2724	2716	2708
alotaiq+aa+65.986+anfSal+	2699	2686	2751	2801
alotaiq+ii+66.972+hy+	2822	2827	2893	2984
alotaiq+aa+68.421+balTa\?grh+	2861	2802	2766	2762
alotaiq+uu+69.914+wDw\?g+	2749	2728	2716	2702
alotaiq+aa+70.898+tab+	2571	2553	2546	2561
alotaiq+ii+72.040+tlyfwn+	2651	2693	2713	2739
alotaiq+uu+72.219+tlyfwn+	2571	2547	2607	2757
alotaiq+ii+74.709+qDyb+	2729	2756	2699	2730
alotaiq+ii+76.070+jzyrh+	2630	2614	2613	2618
alotaiq+aa+78.695+rDa\?g+	2899	2912	2976	3035
alotaiq+uu+79.956+zhwr+	2686	2675	2643	2745
alotaiq+aa+81.049+alnaSrh+	2758	2771	2941	3046
alotaiq+aa+82.642+n\D-afh+	2835	2844	2869	2937
alotaiq+aa+83.829+ant\D-am+	2776	2660	2618	2751
alotaiq+ii+84.921+w\D-yfh+	2708	2711	2712	2725
alotaiq+aa+90.378+mwa\D-bh+	2692	2677	2701	2722
alotaiq+aa+92.015+tab\9e+	2525	2552	2570	2574
alotaiq+aa+93.551+mna\D-r+	2787	2828	2837	2831
alotaiq+uu+100.588+sTwr+	2705	2702	2680	2566
alotaiq+ii+102.915+wsyTh+	2653	2638	2641	2642
alotaiq+ii+104.582+n\D-yf+	2715	2720	2719	2671
alotaiq+ii+105.623+mTyh+	2838	2866	2849	2807
alotaiq+uu+109.124+\shrwT+	2579	2609	2643	2644
alotaiq+aa+110.337+mtwaSl+	2679	2705	2740	2753
alotaiq+ii+111.797+nSyb+	2725	2698	2652	2657
alotaiq+uu+113.175+ftwr+	2678	2674	2670	2655
alotaiq+uu+114.319+fDwl+	2681	2659	2646	2637
alotaiq+ii+122.891+yTyr+	2667	2679	2683	2681
alotaiq+aa+128.598+wsTy+	2758	2796	2870	2915
alotaiq+aa+131.274+Tab\9e+	2654	2668	2729	2827
alotaiq+aa+133.861+faSl+	2771	2791	2837	2805
alotaiq+aa+135.146+alan+	2646	2646	2632	2596
alotaiq+ii+136.262+fTyrh+	2665	2640	2635	2641
alotaiq+uu+137.414+hw+	2485	2484	2461	2443
alotaiq+aa+140.514+Samt+	2712	2697	2620	2586
alotaiq+aa+141.528+maDy+	2816	2803	2785	2786
alotaiq+ii+141.709+maDy+	2723	2822	2943	3025
alotaiq+uu+142.897+mtwDy\?g+	2659	2671	2678	2681
alotaiq+ii+143.108+mtwDy\?g+	2722	2775	2821	2901
alotaiq+aa+144.253+fTam+	2734	2567	2664	2808
alotaiq+uu+145.453+skwt+	2356	2360	2361	2399
alotaiq+aa+146.752+msa\9edh+	2743	2668	2578	2497
alotaiq+aa+150.922+sTam+	2786	2604	2454	2372
alotaiq+ii+186.424+mSyr+	2761	2718	2674	2668
alotaiq+aa+187.791+bsaTh+	3031	3052	3057	3026
alotaiq+aa+189.027+mlabs+	2604	2599	2661	2702
alotaiq+aa+192.376+ktab+	2494	2534	2573	2603
alotaiq+aa+193.420+naDj+	2684	2608	2667	2791
alotaiq+ii+194.806+sdyd+	2799	2798	2826	2867
alotaiq+ii+196.122+wsyTh+	2671	2689	2650	2703
alotaiq+uu+197.323+aSwl+	2780	2751	2745	2755
alotaiq+ii+198.460+w\D-yfh+	2665	2684	2670	2647
alotaiq+aa+202.897+mwaTn+	2748	2792	2777	2772
alotaiq+aa+205.290+faSl+	2781	2842	2913	3163
alotaiq+aa+206.478+naDj+	2460	2531	2549	2622
alotaiq+aa+209.930+fTam+	2767	2665	2493	2473
alotaiq+aa+212.360+n\D-afh+	2936	2968	2926	2876
alotaiq+aa+213.506+alnaSrh+	2645	2667	2800	2999
alotaiq+aa+215.953+sTam+	2715	2631	2501	2489
alotaiq+uu+217.032+fDwl+	2679	2701	2731	2704
alotaiq+aa+221.732+alfDa\?g+	2781	2796	2836	2833
alotaiq+aa+224.060+ktab+	2485	2511	2570	2612
alotaiq+ii+224.912+tlyfwn+	2607	2593	2605	2619
alotaiq+uu+225.061+tlyfwn+	2644	2645	2669	2719
alotaiq+ii+226.284+mSyr+	2693	2673	2692	2697
alotaiq+ii+227.469+sdyd+	2779	2792	2796	2845
alotaiq+aa+228.587+mlabs+	2549	2569	2585	2626
alotaiq+aa+229.740+alan+	2657	2657	2665	2697
alotaiq+aa+230.607+baS+	2713	2718	2766	2812
alotaiq+aa+231.864+ratb+	2792	2798	2883	2940
alotaiq+aa+234.697+anfSal+	2819	2735	2694	2678
alotaiq+ii+238.490+yTyr+	2752	2727	2712	2735
alotaiq+uu+239.643+wDw\?g+	2723	2723	2734	2692
alotaiq+aa+242.288+tab+	2508	2545	2586	2658
alotaiq+ii+243.732+qDyb+	2642	2658	2613	2549
alotaiq+uu+245.919+zhwr+	2710	2720	2696	2706
alotaiq+aa+247.054+bsaTh+	2791	2795	2834	2840
alotaiq+aa+249.332+ant\D-am+	2788	2641	2614	2686
alotaiq+aa+254.113+antSar+	2693	2726	2810	2850
alotaiq+uu+255.245+skwt+	2343	2356	2413	2483
alotaiq+aa+256.248+rDa\?g+	2794	2807	2824	2837
alotaiq+aa+257.206+tab\9e+	2521	2551	2553	2598
alotaiq+uu+261.199+sTwr+	2672	2688	2635	2727
alotaiq+uu+261.956+hw+	2436	2454	2477	2487
alotaiq+ii+263.006+n\D-yf+	2584	2609	2597	2595
alotaiq+ii+265.128+mTyh+	2742	2768	2843	2903
alotaiq+ii+266.234+jzyrh+	2611	2587	2577	2587
alotaiq+uu+268.326+ftwr+	2597	2621	2589	2581
alotaiq+uu+269.358+\shrwT+	2670	2664	2656	2726
alotaiq+aa+270.451+mtwaSl+	2635	2652	2684	2774
alotaiq+aa+271.403+Tbabh+	2629	2624	2628	2636
alotaiq+aa+272.461+mna\D-r+	2440	2353	2365	2560
alotaiq+ii+273.671+nSyb+	2703	2720	2681	2688
alotaiq+aa+274.525+Samt+	2730	2714	2636	2630
alotaiq+uu+276.569+fTwr+	2793	2754	2698	2605
alotaiq+ii+277.441+hy+	2791	2825	2836	2810
alotaiq+aa+279.440+mwa\D-bh+	2692	2690	2702	2795
alotaiq+aa+280.522+Tab\9e+	2678	2656	2624	2616
alotaiq+ii+283.009+fTyrh+	2634	2626	2630	2644
alotaiq+aa+285.315+maDy+	2853	2896	2924	2947
alotaiq+ii+285.505+maDy+	2724	2759	2805	2844
alotaiq+ii+286.689+Sdyd+	2754	2784	2779	2792
alotaiq+uu+287.624+mtwDy\?g+	2716	2718	2718	2720
alotaiq+ii+287.865+mtwDy\?g+	2687	2704	2742	2782
alotaiq+aa+288.833+maD+	2836	2854	2850	2868
alotaiq+ii+289.023+maD+	2758	2755	2768	2805
alotaiq+aa+290.068+awTan+	2843	2822	2783	2744
alotaiq+uu+290.999+aSwl+	2743	2717	2728	2791
alotaiq+uu+293.010+zhwr+	2705	2731	2707	2650
alotaiq+aa+294.162+mwaTn+	2750	2786	2799	2824
alotaiq+aa+295.074+maD+	2712	2744	2768	3010
alotaiq+ii+295.285+maD+	2714	2762	2835	2880
alotaiq+uu+297.387+mtwDy\?g+	2712	2739	2741	2734
alotaiq+ii+297.651+mtwDy\?g+	2732	2750	2784	2806
alotaiq+aa+298.337+faSl+	2731	2769	2831	2862
alotaiq+uu+300.417+sTwr+	2762	2773	2772	2667
alotaiq+ii+301.439+sdyd+	2758	2784	2812	2879
alotaiq+aa+302.479+fTam+	2912	2758	2697	2806
alotaiq+aa+303.507+alnaSrh+	2816	2849	2929	3032
alotaiq+aa+304.909+anfSal+	2734	2774	2822	2898
alotaiq+aa+305.834+baS+	2786	2807	2866	3013
alotaiq+aa+306.970+rDa\?g+	2809	2821	2910	2963
alotaiq+ii+308.161+hy+	2886	2887	2922	2974
alotaiq+aa+309.187+sTam+	2572	2416	2460	2588
alotaiq+aa+310.227+tab+	2623	2627	2656	2733
alotaiq+ii+313.862+mTyh+	2831	2895	3004	3080
alotaiq+aa+317.207+alfDa\?g+	2818	2884	2915	3004
alotaiq+aa+319.361+Tbabh+	2770	2772	2763	2758
alotaiq+aa+322.379+naDj+	2706	2734	2761	2837
alotaiq+ii+324.055+w\D-yfh+	2657	2675	2709	2732
alotaiq+aa+325.216+awTan+	2538	2373	2265	2422
alotaiq+uu+326.229+fTwr+	2807	2793	2778	2736
alotaiq+aa+327.093+alan+	2806	2813	2842	2767
alotaiq+aa+328.893+ratb+	2798	2802	2856	2917
alotaiq+aa+329.982+Tab\9e+	2704	2694	2668	2655
alotaiq+uu+332.060+wDwh+	2827	2837	2838	2812
alotaiq+ii+333.976+yTyr+	2742	2721	2711	2714
alotaiq+aa+335.032+balTa\?grh+	2807	2784	2755	2711
alotaiq+aa+336.155+Samt+	3006	2995	2862	2729
alotaiq+uu+337.058+hw+	2539	2545	2543	2528
alotaiq+aa+337.994+bsaTh+	2797	2819	2847	2868
alotaiq+ii+339.929+qDyb+	2664	2681	2649	2659
alotaiq+aa+340.732+n\D-afh+	2814	2826	2849	2884
alotaiq+aa+341.813+ant\D-am+	2874	2807	2738	2899
alotaiq+ii+342.666+jzyrh+	2636	2624	2620	2627
alotaiq+ii+345.735+n\D-yf+	2852	3100	3047	2972
alotaiq+uu+346.831+fDwl+	2870	2850	2835	2841
alotaiq+uu+347.855+skwt+	2473	2491	2486	2504
alotaiq+aa+348.886+mna\D-r+	2328	2323	2405	2572
alotaiq+aa+351.941+mwa\D-bh+	2595	2703	2764	2816
alotaiq+aa+353.129+antSar+	2781	2759	2787	2837
alotaiq+ii+354.169+mSyr+	2726	2744	2768	2838
alotaiq+aa+355.140+tab\9e+	2759	2720	2701	2722
alotaiq+ii+357.529+fTyrh+	2629	2631	2634	2635
alotaiq+aa+360.634+mlabs+	2659	2665	2684	2717
alotaiq+ii+361.727+Sdyd+	2733	2753	2781	2822
alotaiq+aa+362.880+mtwaSl+	2650	2674	2684	2692
alotaiq+aa+364.090+ktab+	2503	2513	2577	2642
alotaiq+ii+373.213+nSyb+	2722	2727	2678	2663
alotaiq+aa+374.477+maDy+	2682	2705	2715	2810
alotaiq+ii+374.689+maDy+	2750	2800	2850	2871
alotaiq+ii+376.992+wsyTh+	2717	2682	2663	2653
alotaiq+uu+381.300+\shrwT+	2707	2745	2780	2783
alotaiq+ii+382.785+tlyfwn+	2574	2537	2500	2488
alotaiq+uu+382.965+tlyfwn+	2590	2579	2515	2455
alotaiq+uu+386.269+ftwr+	2639	2653	2666	2616
alotaiq+aa+495.201+ba\?g+	2629	2645	2662	2703
alotaiq+ii+497.840+jym+	3144	3094	2923	2745
alotaiq+aa+501.642+\dhal+	2701	2721	2735	2775
alotaiq+aa+502.638+ra\?g+	2953	3079	3087	3083
alotaiq+ii+505.062+syn+	2942	2959	2968	2955
alotaiq+ii+505.999+\shyn+	2716	2727	2791	2760
alotaiq+aa+507.111+Sad+	2973	2972	2980	2998
alotaiq+aa+508.099+Dad+	2906	2891	2903	2931
alotaiq+aa+509.398+Ta\?g+	2990	2949	2934	2942
alotaiq+aa+510.514+\D-a\?g+	2888	2890	2931	2970
alotaiq+aa+513.146+fa\?g+	2696	2701	2733	2809
alotaiq+aa+515.727+lam+	2767	2801	2833	2866
alotaiq+ii+516.686+mym+	2888	2894	2844	2803
alotaiq+uu+517.619+nwn+	2349	2336	2357	2430
mohammed+uu+37.810+aSwl+	2559	2540	2575	2599
mohammed+aa+41.930+mwaTn+	2833	2671	2562	2462
mohammed+aa+44.033+awTan+	3052	2827	2619	2553
mohammed+aa+48.583+maD+	3076	2763	2507	2330
mohammed+aa+61.715+alfDa\?g+	3022	2858	2739	2782
mohammed+aa+66.291+baS+	3173	3204	3120	2983
mohammed+aa+68.743+antSar+	3110	3123	3063	2910
mohammed+aa+71.386+ratb+	2712	2501	2489	2503
mohammed+uu+74.628+fTwr+	2685	2686	2691	2689
mohammed+aa+88.416+wasTh+	3091	3000	2779	2704
mohammed+aa+100.358+Tbabh+	2940	3029	3156	3180
mohammed+aa+103.737+anfSal+	2068	2078	2114	2435
mohammed+ii+106.076+hy+	3134	3149	3199	3015
mohammed+aa+108.584+balTa\?grh+	3022	3110	2821	2679
mohammed+uu+111.351+wDw\?g+	2658	2672	2681	2694
mohammed+aa+114.027+tab+	2380	2569	2545	2692
mohammed+ii+116.742+tlyfwn+	2570	2465	2396	2378
mohammed+uu+116.938+tlyfwn+	2588	2978	2920	2831
mohammed+ii+119.555+qDyb+	2659	2620	2487	2467
mohammed+ii+122.125+jzyrh+	2750	2699	2619	2564
mohammed+aa+127.152+rDa\?g+	3045	3079	3076	3098
mohammed+uu+129.678+zhwr+	2662	2694	2741	2716
mohammed+aa+131.865+alnaSrh+	3006	2602	2581	2765
mohammed+aa+134.193+n\D-afh+	2490	2491	2535	2516
mohammed+aa+137.117+ant\D-am+	2885	3048	2963	2768
mohammed+ii+139.559+w\D-yfh+	2861	2847	2773	2684
mohammed+aa+147.480+mwa\D-bh+	3026	2929	2839	2836
mohammed+aa+153.367+mna\D-r+	2652	2348	2196	2198
mohammed+uu+162.000+sTwr+	2646	2652	2635	2525
mohammed+ii+164.836+wsyTh+	2717	2712	2699	2692
mohammed+ii+167.908+n\D-yf+	2851	2979	2875	2789
mohammed+ii+170.687+mTyh+	2763	2794	2865	3013
mohammed+uu+176.225+\shrwT+	2588	2637	2708	2736
mohammed+aa+178.976+mtwaSl+	2984	2935	2805	2865
mohammed+ii+182.130+nSyb+	2924	2955	2803	2851
mohammed+uu+184.843+ftwr+	2530	2705	2744	2557
mohammed+uu+187.292+fDwl+	2595	2547	2454	2428
mohammed+ii+196.267+yTyr+	2858	2897	2832	2796
mohammed+aa+210.665+Tab\9e+	2995	2866	2768	2801
mohammed+aa+217.711+faSl+	2983	2847	2763	2723
mohammed+aa+220.749+alan+	2337	2406	2121	2165
mohammed+uu+226.666+hw+	2673	2677	2689	2694
mohammed+aa+232.679+Samt+	2687	2689	2492	2406
mohammed+aa+235.739+maDy+	3019	2662	2484	2420
mohammed+ii+236.031+maDy+	2718	2897	2891	2873
mohammed+aa+241.517+fTam+	2452	2650	2707	2607
mohammed+uu+244.178+skwt+	2367	2325	2326	2364
mohammed+aa+246.588+msa\9edh+	2490	2374	2327	2315
mohammed+aa+256.759+sTam+	2683	2708	2611	2430
mohammed+ii+259.353+mSyr+	2751	2638	2566	2553
mohammed+aa+262.251+bsaTh+	2723	2840	2859	2828
mohammed+aa+264.851+mlabs+	2561	2599	2611	2623
mohammed+aa+270.235+ktab+	2501	2776	2707	2761
mohammed+aa+273.075+naDj+	2715	2670	2581	2618
mohammed+ii+276.639+sdyd+	2795	2794	2801	2833
mohammed+ii+279.510+wsyTh+	2802	2709	2638	2617
mohammed+uu+282.344+aSwl+	2680	2697	2673	2655
mohammed+ii+284.863+w\D-yfh+	2792	2758	2690	2638
mohammed+aa+293.008+mwaTn+	2734	2736	2653	2775
mohammed+aa+299.126+faSl+	2892	2903	2814	2817
mohammed+aa+302.099+naDj+	1814	1840	2013	2204
mohammed+aa+311.358+fTam+	1717	2038	2449	2504
mohammed+aa+317.563+n\D-afh+	2976	2921	2843	2807
mohammed+aa+320.204+alnaSrh+	2950	2477	2432	2528
mohammed+aa+328.989+sTam+	3223	3295	3320	3000
mohammed+uu+332.223+fDwl+	2795	2747	2648	2452
mohammed+aa+341.209+alfDa\?g+	2551	2518	2504	2552
mohammed+aa+347.962+ktab+	2454	2406	2377	2388
mohammed+ii+351.067+tlyfwn+	2172	2205	2248	2299
mohammed+uu+351.257+tlyfwn+	2518	2558	2536	2550
mohammed+ii+354.235+mSyr+	2902	2796	2706	2617
mohammed+ii+357.176+sdyd+	3095	2935	2845	2749
mohammed+aa+360.209+mlabs+	2552	2558	2568	2618
mohammed+aa+363.410+alan+	1871	1877	2331	2451
mohammed+aa+365.794+baS+	2793	2787	2704	2807
mohammed+aa+373.531+wasTh+	2517	2468	2552	2674
mohammed+aa+378.356+anfSal+	2546	2552	2551	2523
mohammed+ii+388.710+yTyr+	2529	2491	2491	2536
mohammed+uu+391.943+wDw\?g+	2847	2846	2820	2802
mohammed+aa+395.346+balTa\?grh+	2903	2968	2816	2713
mohammed+aa+398.268+tab+	2448	2456	2454	2458
mohammed+aa+399.952+tab+	2360	2366	2378	2454
mohammed+ii+402.833+qDyb+	2475	2471	2431	2471
mohammed+uu+408.362+zhwr+	2648	2683	2746	2758
mohammed+aa+411.056+bsaTh+	2751	2624	2552	2615
mohammed+aa+416.835+ant\D-am+	2472	2335	2338	2402
mohammed+aa+427.673+antSar+	3064	2934	2842	2697
mohammed+uu+430.933+skwt+	2396	2380	2397	2413
mohammed+aa+433.588+rDa\?g+	2685	2636	2632	2683
mohammed+aa+436.114+tab\9e+	2512	2501	2472	2471
mohammed+uu+443.673+sTwr+	2728	2709	2690	2651
mohammed+uu+446.034+hw+	2537	2543	2500	2503
mohammed+ii+449.896+n\D-yf+	2557	2782	2788	2750
mohammed+ii+455.143+mTyh+	2624	2918	3177	3335
mohammed+ii+457.572+jzyrh+	3018	2791	2667	2593
mohammed+uu+462.124+ftwr+	2761	2786	2706	2569
mohammed+uu+464.533+\shrwT+	2690	2759	2757	2732
mohammed+aa+466.882+mtwaSl+	2630	2574	2721	2958
mohammed+aa+471.865+Tbabh+	2701	2630	2595	2607
mohammed+aa+473.193+Tbabh+	2546	2524	2520	2549
mohammed+aa+481.371+mna\D-r+	2003	2093	2160	2286
mohammed+ii+484.147+nSyb+	2775	2896	2749	2682
mohammed+aa+486.303+Samt+	3002	3016	2794	2627
mohammed+uu+491.690+fTwr+	2728	2720	2631	2536
mohammed+ii+494.526+hy+	2454	2454	2433	2452
mohammed+aa+504.273+mwa\D-bh+	3094	3093	2948	2891
mohammed+aa+506.995+Tab\9e+	3000	2971	2888	2850
mohammed+ii+511.950+fTyrh+	2778	2671	2668	2674
mohammed+aa+513.820+maDy+	3143	2919	2659	2585
mohammed+ii+514.098+maDy+	2808	2825	2828	2750
mohammed+ii+516.279+Sdyd+	2919	2994	2957	2922
mohammed+ii+518.860+mtwDy\?g+	2524	2652	2666	2639
mohammed+aa+520.790+maD+	2859	2528	2385	2451
mohammed+aa+523.950+maD+	2905	2471	2483	2500
mohammed+aa+526.562+awTan+	2661	2171	1927	2027
mohammed+uu+528.997+aSwl+	2735	2732	2662	2622
mohammed+uu+533.648+zhwr+	2626	2656	2675	2687
mohammed+aa+535.683+mwaTn+	2919	2680	2623	2673
mohammed+aa+539.017+maD+	3054	2944	2650	2551
mohammed+aa+540.108+maD+	2197	1988	2110	2423
mohammed+aa+547.879+faSl+	2800	2774	2786	2866
mohammed+uu+552.561+sTwr+	2793	2717	2689	2602
mohammed+ii+554.866+sdyd+	2817	2801	2761	2707
mohammed+aa+557.347+fTam+	2532	2581	2539	2479
mohammed+aa+561.433+alnaSrh+	2115	2062	2233	2664
mohammed+aa+564.132+anfSal+	2577	2672	2583	2553
mohammed+aa+566.261+baS+	2971	2796	2709	2636
mohammed+aa+568.664+rDa\?g+	2662	2686	2592	2601
mohammed+ii+571.022+hy+	2854	2737	2635	2462
mohammed+aa+573.167+sTam+	3054	2944	2870	2682
mohammed+aa+575.572+tab+	2536	2548	2536	2571
mohammed+ii+582.031+mTyh+	2948	3002	3141	3236
mohammed+aa+590.396+alfDa\?g+	2732	2707	2681	2672
mohammed+aa+599.382+Tbabh+	2555	2557	2540	2547
mohammed+aa+600.586+Tbabh+	2600	2592	2577	2591
mohammed+ii+609.807+w\D-yfh+	3080	3062	2892	2773
mohammed+aa+774.074+lam+	1864	2013	2356	2430
mohammed+ii+775.317+mym+	3361	3219	3073	2805
mohammed+uu+776.529+nwn+	2302	2272	2311	2375
naif1+uu+15.644+aSwl+	3020	2559	2347	2197
naif1+aa+19.667+mwaTn+	2647	2659	2681	2668
naif1+aa+21.401+awTan+	2639	2735	2798	2689
naif1+aa+24.473+maD+	2634	2850	2886	2848
naif1+aa+31.452+alfDa\?g+	2684	2687	2668	2661
naif1+aa+34.440+baS+	2502	2597	2638	2840
naif1+aa+36.611+antSar+	2499	2508	2531	2586
naif1+aa+38.078+ratb+	2357	2370	2428	2516
naif1+uu+40.162+fTwr+	2251	2273	2338	2387
naif1+aa+41.591+wasTh+	2432	2488	2572	2598
naif1+aa+43.496+Tbabh+	2393	2409	2390	2351
naif1+aa+45.302+anfSal+	2414	2430	2438	2442
naif1+ii+47.222+hy+	2969	2954	2890	2808
naif1+aa+49.150+balTa\?grh+	2381	2429	2462	2553
naif1+uu+50.869+wDw\?g+	2261	2286	2381	2609
naif1+aa+52.505+tab+	2281	2285	2279	2281
naif1+ii+54.408+tlyfwn+	2271	2197	2132	2087
naif1+uu+54.585+tlyfwn+	2237	2231	2241	2259
naif1+ii+56.314+qDyb+	2479	2452	2427	2476
naif1+ii+58.213+jzyrh+	2345	2362	2362	2343
naif1+aa+62.145+rDa\?g+	2601	2603	2628	2668
naif1+uu+64.048+zhwr+	2261	2239	2252	2258
naif1+aa+65.856+alnaSrh+	2414	2539	2628	2689
naif1+aa+67.873+n\D-afh+	2577	2560	2570	2793
naif1+aa+69.963+ant\D-am+	2659	2672	2554	2446
naif1+ii+71.925+w\D-yfh+	2678	2701	2597	2542
naif1+aa+77.720+mwa\D-bh+	2542	2579	2579	2672
naif1+aa+79.597+tab\9e+	2220	2237	2245	2237
naif1+aa+81.573+mna\D-r+	2374	2632	2756	2734
naif1+uu+88.454+sTwr+	2347	2326	2285	2264
naif1+ii+90.159+wsyTh+	2352	2365	2411	2492
naif1+ii+92.073+n\D-yf+	2629	2582	2449	2445
naif1+ii+93.909+mTyh+	2997	3073	3120	3026
naif1+uu+98.078+\shrwT+	2231	2251	2284	2344
naif1+aa+99.929+mtwaSl+	2471	2502	2540	2546
naif1+ii+101.795+nSyb+	2470	2456	2402	2367
naif1+uu+104.608+ftwr+	2200	2210	2238	2249
naif1+uu+106.417+fDwl+	2280	2261	2262	2261
naif1+ii+111.923+yTyr+	2658	2596	2520	2459
naif1+aa+119.890+Tab\9e+	2614	2598	2520	2440
naif1+aa+123.135+faSl+	2452	2519	2585	2697
naif1+aa+124.835+alan+	2391	2370	2325	2344
naif1+ii+126.451+fTyrh+	2655	2620	2543	2477
naif1+uu+128.062+hw+	2288	2290	2289	2284
naif1+aa+132.928+maDy+	2703	2762	2768	2715
naif1+ii+133.238+maDy+	2593	2650	2703	2726
naif1+ii+135.129+mtwDy\?g+	2549	2555	2565	2575
naif1+aa+136.898+fTam+	2674	2743	2512	2454
naif1+uu+139.948+skwt+	2140	2152	2175	2276
naif1+aa+147.010+sTam+	2552	2685	2595	2415
naif1+ii+148.942+mSyr+	2585	2585	2555	2514
naif1+aa+150.697+bsaTh+	2498	2507	2546	2595
naif1+aa+152.328+mlabs+	2314	2320	2299	2272
naif1+ii+154.344+Sdyd+	2768	2799	2704	2624
naif1+aa+157.468+ktab+	2294	2297	2300	2319
naif1+aa+158.938+naDj+	2578	2564	2550	2617
naif1+ii+160.759+sdyd+	2570	2545	2486	2435
naif1+ii+164.413+wsyTh+	2382	2388	2406	2422
naif1+uu+166.490+aSwl+	2201	2238	2235	2240
naif1+ii+168.372+w\D-yfh+	2565	2507	2413	2399
naif1+aa+173.103+mwaTn+	2657	2597	2568	2590
naif1+aa+175.648+faSl+	2440	2444	2480	2657
naif1+aa+177.205+naDj+	2924	2922	2924	2865
naif1+aa+181.962+fTam+	2565	2608	2505	2438
naif1+aa+185.348+n\D-afh+	2665	2642	2678	2744
naif1+aa+187.111+alnaSrh+	2709	2726	2734	2698
naif1+aa+190.769+sTam+	2629	2546	2543	2554
naif1+uu+192.240+fDwl+	2438	2418	2381	2343
naif1+aa+197.016+alfDa\?g+	2570	2546	2534	2569
naif1+aa+200.450+ktab+	2222	2259	2280	2385
naif1+ii+202.258+tlyfwn+	2242	2205	2159	2138
naif1+uu+202.439+tlyfwn+	2260	2269	2266	2316
naif1+ii+204.165+mSyr+	2512	2456	2418	2535
naif1+ii+205.872+sdyd+	2746	2707	2600	2551
naif1+aa+207.661+mlabs+	2253	2299	2294	2311
naif1+aa+209.371+alan+	2464	2502	2527	2488
naif1+aa+210.856+baS+	2380	2501	2586	2824
naif1+aa+212.608+ratb+	2560	2566	2557	2567
naif1+aa+214.239+wasTh+	2345	2408	2523	2718
naif1+aa+216.334+anfSal+	2333	2320	2355	2393
naif1+ii+221.796+yTyr+	2505	2469	2483	2478
naif1+uu+223.555+wDw\?g+	2132	2146	2180	2264
naif1+aa+225.450+balTa\?grh+	2283	2228	2246	2270
naif1+aa+227.372+tab+	2319	2247	2182	2211
naif1+ii+229.359+qDyb+	2546	2532	2446	2467
naif1+uu+232.715+zhwr+	2284	2263	2258	2294
naif1+aa+234.366+bsaTh+	2573	2602	2648	2702
naif1+aa+237.602+ant\D-am+	2674	2708	2584	2496
naif1+aa+244.170+antSar+	2625	2647	2650	2719
naif1+uu+245.929+skwt+	2235	2259	2277	2354
naif1+aa+247.733+rDa\?g+	2629	2650	2674	2696
naif1+aa+249.260+tab\9e+	2192	2170	2262	2378
naif1+uu+257.575+sTwr+	2510	2484	2460	2453
naif1+uu+259.139+hw+	2224	2251	2266	2306
naif1+ii+260.691+n\D-yf+	2799	2750	2625	2592
naif1+ii+264.083+mTyh+	2760	2892	2973	2999
naif1+ii+265.839+jzyrh+	2484	2461	2393	2344
naif1+uu+269.794+ftwr+	2185	2212	2226	2252
naif1+uu+271.422+\shrwT+	2326	2341	2354	2383
naif1+aa+273.251+mtwaSl+	2500	2621	2718	2781
naif1+aa+275.056+Tbabh+	2407	2406	2391	2368
naif1+aa+276.872+mna\D-r+	2488	2714	2784	2785
naif1+ii+278.632+nSyb+	2588	2593	2564	2563
naif1+aa+280.014+Samt+	2494	2452	2405	2393
naif1+uu+283.803+fTwr+	2397	2383	2381	2438
naif1+ii+285.283+hy+	2865	2895	2817	2686
naif1+aa+289.112+mwa\D-bh+	2692	2678	2696	2744
naif1+ii+294.105+fTyrh+	2465	2501	2465	2421
naif1+aa+295.592+maDy+	2695	2748	2757	2723
naif1+ii+295.903+maDy+	2531	2571	2571	2478
naif1+ii+297.314+Sdyd+	2419	2485	2531	2623
naif1+ii+299.231+mtwDy\?g+	2401	2391	2365	2362
naif1+aa+300.641+maD+	2926	2936	2876	2808
naif1+aa+302.417+awTan+	2627	2659	2764	2656
naif1+uu+307.713+aSwl+	2510	2503	2488	2479
naif1+uu+310.583+zhwr+	2221	2183	2171	2185
naif1+aa+311.738+mwaTn+	2634	2686	2723	2763
naif1+aa+312.935+maD+	2668	2729	2804	2821
naif1+ii+316.739+mtwDy\?g+	2601	2654	2711	2763
naif1+aa+317.944+faSl+	2593	2677	2749	2820
naif1+uu+320.948+sTwr+	2806	2834	2794	2701
naif1+ii+322.677+sdyd+	2557	2518	2469	2462
naif1+aa+325.223+fTam+	2772	2721	2532	2485
naif1+aa+326.921+alnaSrh+	2622	2660	2702	2756
naif1+aa+328.818+anfSal+	2513	2511	2520	2528
naif1+aa+330.075+baS+	2602	2624	2654	2843
naif1+aa+331.598+rDa\?g+	2720	2635	2598	2616
naif1+ii+333.051+hy+	2612	2586	2444	2456
naif1+aa+334.534+sTam+	2672	2671	2656	2643
naif1+aa+335.740+tab+	2339	2335	2328	2322
naif1+ii+340.235+mTyh+	2805	2850	2818	2714
naif1+aa+345.128+alfDa\?g+	2655	2631	2623	2651
naif1+aa+348.256+Tbabh+	2390	2401	2375	2361
naif1+aa+351.991+naDj+	2455	2630	2690	2741
naif1+aa+353.448+HaDr+	2467	2520	2569	2577
naif1+ii+354.921+w\D-yfh+	2933	2989	2766	2693
naif1+aa+356.566+awTan+	2398	2401	2412	2431
naif1+uu+358.722+fTwr+	2531	2495	2475	2460
naif1+aa+360.285+alan+	2352	2376	2381	2451
naif1+aa+363.417+ratb+	2361	2330	2341	2464
naif1+aa+364.879+Tab\9e+	2579	2537	2450	2426
naif1+aa+366.350+wasTh+	2417	2423	2394	2553
naif1+uu+367.869+wDwh+	2333	2313	2295	2298
naif1+ii+370.936+yTyr+	2411	2393	2378	2382
naif1+aa+373.226+balTa\?grh+	2568	2531	2503	2520
naif1+aa+374.593+Samt+	2427	2418	2344	2300
naif1+uu+376.146+hw+	2266	2265	2259	2272
naif1+aa+377.563+bsaTh+	2583	2605	2655	2752
naif1+ii+380.062+qDyb+	2683	2685	2601	2604
naif1+aa+381.297+n\D-afh+	2659	2635	2617	2610
naif1+aa+382.686+ant\D-am+	2689	2658	2575	2519
naif1+ii+383.977+jzyrh+	2417	2417	2386	2357
naif1+ii+387.984+n\D-yf+	2800	2759	2600	2475
naif1+uu+389.375+fDwl+	2335	2326	2318	2327
naif1+uu+390.971+skwt+	2214	2229	2234	2230
naif1+aa+392.341+mna\D-r+	2800	2923	2919	2826
naif1+aa+396.938+mwa\D-bh+	2988	3045	3026	2978
naif1+aa+398.777+antSar+	2410	2404	2381	2371
naif1+ii+400.086+mSyr+	2410	2414	2402	2390
naif1+aa+401.400+tab\9e+	2310	2337	2317	2302
naif1+ii+404.727+fTyrh+	2381	2402	2409	2403
naif1+aa+409.119+mlabs+	2391	2385	2347	2339
naif1+ii+410.670+Sdyd+	2351	2380	2368	2401
naif1+aa+413.390+mtwaSl+	2530	2486	2505	2779
naif1+aa+414.987+ktab+	2281	2302	2310	2331
naif1+ii+418.569+nSyb+	2296	2293	2284	2360
naif1+aa+419.950+maDy+	3171	3117	2969	2914
naif1+ii+420.222+maDy+	2429	2552	2782	3001
naif1+ii+422.805+wsyTh+	2290	2303	2326	2345
naif1+uu+425.756+\shrwT+	2431	2460	2478	2483
naif1+ii+427.077+tlyfwn+	2321	2284	2248	2253
naif1+uu+427.236+tlyfwn+	2302	2312	2295	2282
naif1+uu+432.225+ftwr+	2256	2287	2311	2344
naif1+aa+450.155+ba\?g+	2311	2326	2333	2343
naif1+aa+451.327+ta\?g+	2228	2264	2285	2345
naif1+ii+453.933+jym+	3034	3075	2842	2605
naif1+aa+457.731+dal+	2313	2329	2357	2386
naif1+aa+459.047+\dhal+	2413	2387	2394	2365
naif1+ii+463.333+syn+	3087	3110	3036	2833
naif1+ii+464.742+\shyn+	3120	2940	2678	2513
naif1+aa+465.999+Sad+	2595	2557	2529	2534
naif1+aa+467.611+Dad+	2718	2685	2661	2645
naif1+aa+469.032+Ta\?g+	2663	2614	2588	2658
naif1+aa+470.995+\D-a\?g+	2637	2601	2601	2643
naif1+aa+475.050+fa\?g+	2367	2368	2377	2441
naif1+aa+479.109+lam+	2293	2261	2204	2221
naif1+ii+480.375+mym+	3078	3013	2686	2498
naif1+uu+481.562+nwn+	2350	2433	2399	2364
naif1+aa+482.727+ha\?g+	2288	2329	2333	2423
naif2+uu+12.270+aSwl+	2240	2231	2254	2311
naif2+aa+15.138+mwaTn+	2523	2590	2629	2646
naif2+aa+16.601+awTan+	2681	2678	2676	2688
naif2+aa+19.301+maD+	2793	2825	2808	2792
naif2+aa+24.977+alfDa\?g+	2670	2665	2656	2638
naif2+aa+27.378+baS+	2550	2607	2655	2759
naif2+aa+29.135+antSar+	2641	2634	2634	2657
naif2+aa+30.428+ratb+	2653	2630	2640	2667
naif2+uu+32.365+fTwr+	3001	2711	2484	2482
naif2+aa+33.777+wasTh+	2461	2526	2588	2726
naif2+aa+35.520+Tbabh+	2514	2494	2439	2426
naif2+aa+37.304+anfSal+	2541	2509	2506	2512
naif2+ii+38.840+hy+	2547	2536	2517	2507
naif2+aa+40.402+balTa\?grh+	2620	2595	2565	2541
naif2+uu+41.755+wDw\?g+	2761	2538	2484	2413
naif2+aa+43.111+tab+	2357	2360	2369	2348
naif2+ii+44.717+tlyfwn+	2348	2295	2261	2298
naif2+uu+44.909+tlyfwn+	2279	2296	2292	2309
naif2+ii+46.338+qDyb+	2573	2555	2524	2621
naif2+ii+48.032+jzyrh+	2526	2565	2509	2440
naif2+aa+51.001+rDa\?g+	2702	2660	2621	2616
naif2+uu+52.481+zhwr+	2331	2311	2287	2330
naif2+aa+53.890+alnaSrh+	2721	2793	2817	2923
naif2+aa+55.428+n\D-afh+	2645	2610	2567	2566
naif2+aa+57.047+ant\D-am+	2620	2652	2567	2513
naif2+ii+58.394+w\D-yfh+	2542	2586	2574	2587
naif2+aa+64.335+mwa\D-bh+	2626	2642	2657	2671
naif2+aa+65.751+tab\9e+	2258	2268	2242	2218
naif2+aa+68.185+mna\D-r+	2879	2838	2787	2749
naif2+uu+73.783+sTwr+	2450	2441	2430	2408
naif2+ii+75.563+wsyTh+	2368	2397	2441	2483
naif2+ii+77.328+n\D-yf+	2637	2608	2553	2557
naif2+ii+78.893+mTyh+	2963	2958	2882	2773
naif2+uu+82.461+\shrwT+	2242	2258	2291	2403
naif2+aa+84.025+mtwaSl+	2538	2569	2577	2808
naif2+ii+85.806+nSyb+	2528	2519	2428	2554
naif2+uu+88.538+ftwr+	2276	2283	2298	2357
naif2+uu+90.087+fDwl+	2593	2487	2429	2371
naif2+ii+95.367+yTyr+	2528	2515	2480	2451
naif2+aa+102.713+Tab\9e+	2675	2648	2573	2616
naif2+aa+105.212+faSl+	2510	2562	2630	2719
naif2+aa+107.423+alan+	2277	2324	2388	2453
naif2+ii+108.864+fTyrh+	2637	2545	2465	2400
naif2+uu+110.188+hw+	2285	2286	2285	2288
naif2+aa+112.758+Samt+	2681	2637	2536	2436
naif2+aa+114.219+maDy+	3037	3035	2983	2903
naif2+ii+114.541+maDy+	2597	2603	2679	2794
naif2+ii+116.272+mtwDy\?g+	2766	2726	2703	2681
naif2+aa+117.894+fTam+	2815	2801	2616	2499
naif2+uu+119.357+skwt+	2219	2226	2241	2279
naif2+aa+125.548+sTam+	2707	2698	2754	2784
naif2+ii+127.001+mSyr+	2479	2459	2462	2460
naif2+aa+128.591+bsaTh+	2597	2585	2632	2650
naif2+aa+130.092+mlabs+	2242	2246	2257	2242
naif2+ii+132.082+Sdyd+	2500	2478	2451	2522
naif2+aa+133.670+ktab+	2132	2146	2173	2163
naif2+aa+135.456+naDj+	2907	2906	2907	2882
naif2+ii+137.291+sdyd+	2448	2449	2439	2536
naif2+ii+138.897+wsyTh+	2339	2314	2309	2319
naif2+uu+140.550+aSwl+	2238	2228	2219	2242
naif2+ii+142.067+w\D-yfh+	2700	2736	2682	2688
naif2+aa+146.487+mwaTn+	2614	2713	2734	2708
naif2+aa+148.939+faSl+	2556	2573	2595	2722
naif2+aa+150.190+naDj+	2500	2656	2728	2753
naif2+aa+154.256+fTam+	2640	2540	2423	2393
naif2+aa+157.024+n\D-afh+	2898	2703	2543	2549
naif2+aa+158.473+alnaSrh+	2771	2810	2817	2915
naif2+aa+161.660+sTam+	2727	2716	2713	2600
naif2+uu+163.196+fDwl+	2268	2257	2269	2294
naif2+aa+168.173+alfDa\?g+	2662	2674	2668	2661
naif2+aa+170.924+ktab+	2351	2384	2365	2354
naif2+ii+172.347+tlyfwn+	2323	2297	2278	2284
naif2+uu+172.533+tlyfwn+	2240	2235	2240	2237
naif2+ii+173.858+mSyr+	2358	2370	2385	2412
naif2+ii+175.325+sdyd+	2590	2608	2580	2570
naif2+aa+176.571+mlabs+	2409	2395	2369	2387
naif2+aa+178.047+alan+	2512	2520	2499	2518
naif2+aa+179.273+baS+	2574	2610	2647	2768
naif2+aa+180.529+ratb+	2554	2505	2538	2600
naif2+aa+181.747+wasTh+	2462	2515	2586	2723
naif2+aa+183.315+anfSal+	2573	2546	2534	2516
naif2+ii+187.290+yTyr+	2567	2606	2591	2567
naif2+uu+188.707+wDw\?g+	2333	2334	2345	2357
naif2+aa+190.328+balTa\?grh+	2540	2503	2471	2495
naif2+aa+191.677+tab+	2299	2334	2331	2297
naif2+ii+193.476+qDyb+	2386	2399	2388	2337
naif2+uu+196.008+zhwr+	2296	2267	2262	2376
naif2+aa+197.269+bsaTh+	2542	2565	2606	2637
naif2+aa+200.210+ant\D-am+	2589	2561	2542	2478
naif2+aa+205.763+antSar+	2632	2615	2597	2604
naif2+uu+207.185+skwt+	2284	2287	2300	2253
naif2+aa+208.542+rDa\?g+	2578	2579	2579	2592
naif2+aa+209.695+tab\9e+	2223	2232	2214	2230
naif2+uu+215.669+sTwr+	2519	2468	2430	2339
naif2+uu+216.872+hw+	2286	2291	2301	2302
naif2+ii+217.926+n\D-yf+	2526	2528	2470	2440
naif2+ii+220.352+mTyh+	2755	2690	2600	2545
naif2+ii+221.741+jzyrh+	2322	2298	2261	2246
naif2+uu+224.792+ftwr+	2235	2253	2278	2321
naif2+uu+226.201+\shrwT+	2232	2268	2326	2393
naif2+aa+227.549+mtwaSl+	2515	2582	2619	2781
naif2+aa+229.095+Tbabh+	2336	2337	2334	2389
naif2+aa+230.547+mna\D-r+	2685	2675	2718	2727
naif2+ii+232.028+nSyb+	2460	2526	2506	2560
naif2+aa+233.452+Samt+	2700	2622	2488	2381
naif2+uu+237.454+fTwr+	2860	2724	2576	2383
naif2+ii+238.560+hy+	2731	2702	2616	2591
naif2+aa+241.305+mwa\D-bh+	2643	2690	2729	2746
naif2+aa+242.666+Tab\9e+	2593	2537	2451	2407
naif2+ii+245.496+fTyrh+	2504	2501	2474	2455
naif2+aa+246.859+maDy+	2634	2739	2723	2711
naif2+ii+247.166+maDy+	2747	2704	2627	2580
naif2+ii+248.301+Sdyd+	2512	2541	2510	2491
naif2+ii+249.945+mtwDy\?g+	2624	2594	2547	2526
naif2+aa+251.235+maD+	2704	2764	2716	2674
naif2+aa+252.966+awTan+	2636	2627	2586	2521
naif2+uu+254.497+aSwl+	2326	2285	2280	2294
naif2+uu+257.541+zhwr+	2257	2262	2280	2301
naif2+aa+258.941+mwaTn+	2704	2652	2610	2567
naif2+aa+260.335+maD+	2798	2832	2805	2793
naif2+ii+263.751+mtwDy\?g+	2652	2647	2636	2629
naif2+aa+264.922+faSl+	2570	2618	2651	2858
naif2+uu+267.896+sTwr+	2502	2473	2448	2398
naif2+ii+269.278+sdyd+	2624	2620	2585	2583
naif2+aa+270.836+fTam+	2626	2571	2465	2448
naif2+aa+272.857+alnaSrh+	2918	2910	2848	2930
naif2+aa+274.555+anfSal+	2529	2498	2474	2449
naif2+aa+275.562+baS+	2472	2477	2486	2550
naif2+aa+277.039+rDa\?g+	2557	2523	2520	2496
naif2+ii+278.558+hy+	2458	2466	2459	2464
naif2+aa+280.015+sTam+	2789	2688	2630	2581
naif2+aa+281.283+tab+	2246	2293	2284	2287
naif2+ii+285.488+mTyh+	2805	2805	2716	2624
naif2+aa+289.629+alfDa\?g+	2678	2615	2544	2509
naif2+aa+292.592+Tbabh+	2513	2454	2396	2354
naif2+aa+295.247+naDj+	2640	2770	2813	2744
naif2+ii+297.804+w\D-yfh+	2809	2730	2588	2587
naif2+aa+299.402+awTan+	2801	2737	2666	2631
naif2+uu+301.212+fTwr+	2661	2615	2541	2544
naif2+aa+302.454+alan+	2332	2370	2360	2414
naif2+aa+304.911+ratb+	2689	2701	2634	2645
naif2+aa+306.302+Tab\9e+	2962	2876	2719	2616
naif2+aa+307.695+wasTh+	2520	2596	2752	2885
naif2+uu+309.252+wDwh+	2243	2216	2244	2293
naif2+ii+311.803+yTyr+	2406	2419	2392	2503
naif2+aa+313.009+balTa\?grh+	2533	2490	2427	2430
naif2+aa+314.356+Samt+	2853	2753	2599	2484
naif2+uu+315.435+hw+	2306	2309	2298	2290
naif2+aa+316.618+bsaTh+	2669	2686	2687	2699
naif2+ii+319.039+qDyb+	2452	2408	2399	2346
naif2+aa+320.181+n\D-afh+	2788	2657	2576	2587
naif2+aa+321.850+ant\D-am+	2660	2563	2482	2440
naif2+ii+323.136+jzyrh+	2384	2400	2384	2347
naif2+ii+327.026+n\D-yf+	2696	2721	2609	2539
naif2+uu+328.381+fDwl+	2843	2589	2383	2281
naif2+uu+330.035+skwt+	2222	2249	2259	2243
naif2+aa+331.194+mna\D-r+	2655	2691	2710	2668
naif2+aa+334.180+mwa\D-bh+	2570	2630	2671	2713
naif2+aa+336.028+antSar+	2506	2496	2492	2557
naif2+ii+337.460+mSyr+	2480	2476	2426	2436
naif2+aa+338.604+tab\9e+	2344	2333	2305	2245
naif2+ii+341.168+fTyrh+	2553	2509	2441	2386
naif2+aa+345.242+mlabs+	2447	2448	2438	2405
naif2+ii+346.718+Sdyd+	2528	2530	2514	2489
naif2+aa+348.087+mtwaSl+	2516	2593	2656	2714
naif2+aa+350.205+ktab+	2296	2328	2369	2376
naif2+ii+353.397+nSyb+	2622	2673	2634	2670
naif2+aa+354.651+maDy+	2737	2758	2758	2741
naif2+ii+354.937+maDy+	2849	2908	2928	2852
naif2+ii+357.202+wsyTh+	2495	2531	2546	2542
naif2+uu+359.812+\shrwT+	2401	2449	2486	2524
naif2+ii+361.088+tlyfwn+	2227	2203	2137	2173
naif2+uu+361.261+tlyfwn+	2213	2184	2168	2199
naif2+uu+364.368+ftwr+	2197	2202	2246	2315
naif2+aa+375.662+ba\?g+	2468	2445	2415	2393
naif2+aa+376.786+ta\?g+	2532	2560	2588	2551
naif2+ii+379.111+jym+	2305	2281	2254	2239
naif2+aa+382.551+dal+	2416	2457	2497	2507
naif2+aa+383.758+\dhal+	2438	2418	2468	2566
naif2+ii+387.454+syn+	2907	2695	2543	2407
naif2+ii+388.794+\shyn+	3156	3154	2898	2693
naif2+aa+389.959+Sad+	2572	2558	2542	2501
naif2+aa+391.331+Dad+	2638	2602	2575	2542
naif2+aa+392.616+Ta\?g+	2657	2617	2584	2618
naif2+aa+393.974+\D-a\?g+	2674	2637	2648	2672
naif2+aa+397.679+fa\?g+	2419	2419	2434	2480
naif2+aa+401.739+lam+	2449	2443	2394	2382
naif2+ii+402.951+mym+	3001	2837	2629	2503
naif2+uu+404.227+nwn+	2398	2375	2323	2308
naif2+aa+405.461+ha\?g+	2343	2372	2378	2409
saud+uu+3.284+aSwl+	2628	2614	2598	2544
saud+aa+6.801+mwaTn+	2455	2564	2587	2619
saud+aa+8.686+awTan+	2462	2320	2202	2150
saud+aa+12.070+maD+	2164	2210	2274	2422
saud+aa+20.528+alfDa\?g+	2811	2841	2865	2877
saud+aa+24.672+baS+	2699	2738	2778	2796
saud+aa+27.065+antSar+	2775	2741	2719	2730
saud+aa+28.751+ratb+	2398	2450	2499	2510
saud+uu+30.553+fTwr+	2732	2707	2630	2453
saud+aa+36.297+Tbabh+	2625	2632	2615	2642
saud+aa+38.443+anfSal+	2730	2704	2721	2768
saud+ii+39.799+hy+	3108	3102	3094	3098
saud+aa+42.479+balTa\?grh+	2724	2701	2670	2650
saud+uu+44.085+wDw\?g+	2638	2609	2605	2581
saud+aa+45.921+tab+	2683	2699	2671	2705
saud+ii+48.657+tlyfwn+	2544	2493	2466	2464
saud+uu+48.823+tlyfwn+	2467	2490	2473	2455
saud+ii+50.697+qDyb+	2709	2672	2612	2565
saud+ii+52.715+jzyrh+	2606	2581	2565	2573
saud+aa+55.479+rDa\?g+	2738	2744	2741	2731
saud+uu+56.967+zhwr+	2552	2566	2514	2434
saud+aa+58.503+alnaSrh+	2243	2347	2407	2692
saud+aa+60.314+n\D-afh+	2779	2782	2775	2821
saud+aa+62.324+ant\D-am+	2288	2247	2441	2614
saud+ii+63.975+w\D-yfh+	2611	2610	2592	2668
saud+aa+69.891+mwa\D-bh+	2386	2488	2547	2556
saud+aa+71.958+tab\9e+	2354	2418	2454	2510
saud+aa+74.207+mna\D-r+	2197	2270	2364	2480
saud+uu+80.749+sTwr+	2679	2640	2554	2485
saud+ii+82.952+wsyTh+	2961	2920	2663	2562
saud+ii+84.870+n\D-yf+	2771	2763	2719	2691
saud+ii+86.961+mTyh+	3182	3236	3192	3072
saud+uu+91.203+\shrwT+	2697	2714	2730	2748
saud+aa+93.354+mtwaSl+	2679	2706	2743	2783
saud+ii+95.797+nSyb+	2848	2812	2744	2672
saud+uu+98.230+ftwr+	2558	2567	2569	2459
saud+uu+100.226+fDwl+	2682	2635	2617	2598
saud+ii+106.301+yTyr+	2808	2766	2724	2688
saud+aa+116.709+Tab\9e+	2780	2731	2681	2662
saud+aa+120.853+faSl+	2765	2786	2793	2814
saud+aa+123.536+alan+	2347	2366	2444	2504
saud+ii+125.081+fTyrh+	2719	2700	2669	2632
saud+uu+126.672+hw+	2514	2543	2546	2534
saud+aa+130.088+Samt+	2655	2529	2442	2467
saud+aa+132.003+maDy+	2173	2319	2423	2556
saud+ii+132.235+maDy+	2693	2676	2679	2626
saud+ii+134.303+mtwDy\?g+	2559	2578	2605	2629
saud+aa+135.951+fTam+	2118	2186	2419	2635
saud+uu+137.781+skwt+	2382	2389	2395	2408
saud+ii+149.379+mSyr+	2744	2729	2717	2698
saud+aa+151.465+bsaTh+	2712	2737	2766	2765
saud+aa+153.329+mlabs+	2660	2643	2615	2580
saud+aa+156.907+ktab+	2635	2627	2593	2571
saud+aa+158.601+naDj+	2288	2327	2427	2524
saud+ii+172.656+wsyTh+	2766	2763	2747	2724
saud+uu+174.664+aSwl+	2748	2680	2643	2637
saud+ii+176.382+w\D-yfh+	2698	2705	2708	2682
saud+aa+181.965+mwaTn+	2644	2635	2595	2594
saud+aa+185.441+faSl+	2719	2714	2695	2742
saud+aa+187.137+naDj+	2277	2309	2359	2452
saud+aa+193.268+fTam+	2284	2262	2303	2566
saud+aa+197.419+n\D-afh+	2665	2670	2662	2663
saud+aa+200.411+alnaSrh+	2246	2300	2363	2475
saud+ii+202.465+syf+	2762	2733	2687	2650
saud+aa+204.539+sTam+	2373	2383	2412	2503
saud+uu+206.379+fDwl+	2702	2684	2662	2673
saud+aa+212.313+alfDa\?g+	2781	2806	2820	2822
saud+aa+216.348+ktab+	2609	2600	2575	2570
saud+ii+218.377+tlyfwn+	2737	2707	2670	2564
saud+uu+218.550+tlyfwn+	2444	2468	2489	2526
saud+ii+221.139+mSyr+	2788	2796	2783	2747
saud+ii+223.322+sdyd+	2987	2999	2983	2935
saud+aa+225.104+mlabs+	2663	2536	2449	2404
saud+aa+226.974+alan+	2208	2210	2264	2384
saud+aa+228.709+baS+	2605	2647	2670	2680
saud+aa+230.397+ratb+	2647	2658	2649	2635
saud+aa+234.742+anfSal+	2736	2701	2647	2609
saud+ii+240.569+yTyr+	2894	2892	2863	2820
saud+uu+242.806+wDw\?g+	2666	2672	2664	2648
saud+aa+245.141+balTa\?grh+	2590	2559	2519	2508
saud+aa+247.147+tab+	2790	2801	2801	2787
saud+ii+249.020+qDyb+	2677	2695	2695	2670
saud+uu+252.615+zhwr+	2610	2632	2632	2632
saud+aa+254.398+bsaTh+	2725	2786	2824	2820
saud+aa+258.484+ant\D-am+	2309	2267	2232	2238
saud+aa+265.799+antSar+	2552	2524	2510	2488
saud+uu+267.541+skwt+	2574	2589	2592	2563
saud+aa+269.382+rDa\?g+	2501	2484	2471	2466
saud+aa+271.132+tab\9e+	2614	2617	2607	2604
saud+aa+272.919+msa\9edh+	2542	2431	2346	2298
saud+uu+276.609+sTwr+	2686	2684	2658	2610
saud+uu+278.302+hw+	2449	2489	2543	2576
saud+ii+280.060+n\D-yf+	2699	2703	2679	2614
saud+ii+283.712+mTyh+	3034	3097	3066	2966
saud+ii+285.502+jzyrh+	2819	2783	2728	2693
saud+uu+289.530+ftwr+	2564	2583	2574	2542
saud+uu+291.485+\shrwT+	2451	2495	2506	2527
saud+aa+293.443+mtwaSl+	2625	2672	2726	2791
saud+aa+295.402+Tbabh+	2582	2599	2579	2551
saud+aa+297.246+mna\D-r+	2166	2248	2363	2446
saud+ii+299.069+nSyb+	2755	2765	2735	2673
saud+aa+300.852+Samt+	2462	2354	2339	2400
saud+uu+304.428+fTwr+	2727	2702	2676	2674
saud+ii+306.026+hy+	3164	3110	3123	3137
saud+aa+310.764+mwa\D-bh+	2352	2374	2428	2457
saud+aa+312.430+Tab\9e+	2755	2727	2673	2616
saud+ii+316.072+fTyrh+	2840	2842	2809	2770
saud+aa+317.701+maDy+	2212	2274	2368	2472
saud+ii+317.988+maDy+	2652	2672	2693	2708
saud+ii+319.472+Sdyd+	2986	2930	2853	2806
saud+ii+321.591+mtwDy\?g+	2717	2697	2685	2697
saud+aa+322.897+maD+	2236	2279	2349	2421
saud+uu+324.679+awTan+	2797	2745	2703	2690
saud+aa+324.898+awTan+	2123	2100	2108	2141
saud+uu+329.996+aSwl+	2686	2624	2708	2780
saud+uu+330.255+aSwl+	2601	2624	2633	2648
saud+uu+333.494+zhwr+	2701	2667	2656	2616
saud+aa+335.353+mwaTn+	2254	2258	2316	2360
saud+aa+337.306+maD+	2241	2260	2330	2395
saud+ii+341.331+mtwDy\?g+	2648	2639	2625	2606
saud+aa+342.897+faSl+	2553	2582	2628	2775
saud+uu+346.313+sTwr+	2597	2587	2549	2498
saud+ii+347.995+sdyd+	2761	2747	2735	2737
saud+aa+349.711+fTam+	2356	2401	2416	2392
saud+aa+351.425+alnaSrh+	2212	2284	2348	2357
saud+aa+353.406+anfSal+	2732	2714	2691	2665
saud+aa+355.021+baS+	2611	2601	2601	2617
saud+aa+356.693+rDa\?g+	2614	2628	2639	2655
saud+ii+358.126+hy+	2935	2950	2943	2924
saud+aa+359.592+sTam+	2416	2327	2261	2268
saud+aa+361.285+tab+	2554	2585	2580	2568
saud+ii+366.122+mTyh+	3146	3199	3122	2966
saud+aa+371.179+alfDa\?g+	2700	2710	2719	2732
saud+aa+374.483+Tbabh+	2400	2429	2423	2420
saud+ii+376.201+syf+	2765	2769	2759	2740
saud+aa+377.844+naDj+	2343	2386	2422	2497
saud+ii+380.884+w\D-yfh+	2650	2637	2612	2570
saud+aa+382.639+awTan+	2348	2333	2301	2293
saud+uu+384.167+fTwr+	2716	2693	2657	2556
saud+aa+385.554+alan+	2342	2380	2375	2323
saud+aa+388.596+ratb+	2698	2667	2696	2711
saud+aa+390.048+Tab\9e+	2666	2632	2570	2505
saud+aa+391.559+wasTh+	2659	2644	2636	2655
saud+uu+393.158+wDwh+	2743	2704	2658	2615
saud+ii+396.153+yTyr+	2750	2761	2753	2732
saud+aa+397.900+balTa\?grh+	2653	2607	2528	2484
saud+aa+399.426+Samt+	2529	2367	2302	2317
saud+uu+401.024+hw+	2569	2575	2582	2568
saud+aa+402.227+bsaTh+	2704	2733	2764	2780
saud+ii+404.732+qDyb+	2707	2736	2742	2707
saud+aa+406.115+n\D-afh+	2668	2661	2637	2647
saud+aa+407.899+ant\D-am+	2296	2314	2337	2345
saud+ii+409.413+jzyrh+	2783	2747	2690	2630
saud+ii+413.741+n\D-yf+	2705	2695	2665	2650
saud+uu+415.108+fDwl+	2615	2625	2641	2688
saud+uu+415.275+fDwl+	2725	2711	2683	2643
saud+uu+416.805+skwt+	2484	2514	2540	2595
saud+aa+418.149+mna\D-r+	2187	2240	2316	2366
saud+aa+421.073+mwa\D-bh+	2297	2365	2409	2464
saud+aa+422.843+antSar+	2629	2607	2577	2529
saud+ii+424.274+mSyr+	2697	2689	2672	2638
saud+aa+425.675+tab\9e+	2578	2561	2524	2498
saud+ii+428.552+fTyrh+	2719	2707	2675	2651
saud+aa+430.067+msa\9edh+	2544	2504	2399	2319
saud+aa+433.066+mlabs+	2485	2496	2495	2457
saud+ii+434.708+Sdyd+	2764	2787	2790	2773
saud+aa+436.095+mtwaSl+	2660	2659	2657	2704
saud+aa+437.534+ktab+	2417	2488	2532	2554
saud+ii+440.457+nSyb+	2684	2705	2662	2630
saud+aa+441.770+maDy+	2288	2272	2297	2343
saud+ii+442.059+maDy+	2683	2677	2671	2668
saud+ii+443.504+wsTy+	2713	2758	2739	2672
saud+ii+444.759+wsyTh+	2757	2746	2731	2718
saud+uu+447.922+\shrwT+	2607	2634	2639	2726
saud+ii+450.810+tlyfwn+	2867	2825	2749	2768
saud+uu+450.977+tlyfwn+	2484	2526	2549	2530
saud+uu+454.038+ftwr+	2585	2618	2616	2605
saud+aa+468.312+ba\?g+	2639	2658	2651	2647
saud+aa+469.649+ta\?g+	2670	2653	2641	2630
saud+aa+471.006+\tfa\?g+	2643	2638	2631	2633
saud+ii+472.529+jym+	3085	3084	2937	2783
saud+aa+476.263+dal+	2537	2537	2558	2573
saud+ii+481.637+syn+	3130	3119	2967	2859
saud+aa+484.139+Sad+	2656	2612	2572	2553
saud+aa+485.422+Dad+	2754	2703	2658	2652
saud+aa+486.832+Ta\?g+	2677	2676	2673	2680
saud+aa+488.233+\D-a\?g+	2769	2764	2746	2780
saud+aa+492.514+fa\?g+	2545	2582	2577	2590
saud+aa+496.659+lam+	2571	2491	2432	2415
saud+ii+498.064+mym+	3373	3351	3226	2985
saud+uu+499.570+nwn+	2620	2618	2573	2560
saud+aa+501.003+ha\?g+	2588	2597	2563	2572
