abu+aa+44.103+awTan+	1235	1307	1395	1463
abu+aa+48.498+alan+	1429	1446	1477	1531
abu+aa+53.453+alnaSrh+	1339	1320	1309	1298
abu+aa+57.170+n\D-afh+	1129	1166	1172	1389
abu+uu+59.064+zhwr+	916	1003	1145	1382
abu+aa+62.760+anfSal+	1248	1291	1329	1335
abu+aa+64.464+ant\D-am+	1248	1235	1210	1273
abu+uu+65.957+fDwl+	885	961	1107	1289
abu+aa+67.624+msa\9edh+	1445	1430	1413	1403
abu+uu+70.714+awtwbys+	1359	1384	1389	1391
abu+uu+70.890+awtwbys+	1346	1336	1338	1320
abu+ii+71.016+awtwbys+	2061	1990	1887	1880
abu+ii+78.673+rtyb+	2135	2050	1878	1726
abu+aa+87.188+Samt+	1047	1057	1066	1090
abu+aa+88.554+Tab\9e+	1160	1130	1088	1065
abu+aa+90.782+balTa\?grh+	1159	1182	1214	1256
abu+aa+92.214+tab+	1430	1409	1368	1333
abu+aa+94.542+ratb+	1282	1311	1318	1313
abu+ii+101.131+thmymh+	2056	2035	1934	1794
abu+ii+107.395+thmymh+	2201	2194	2124	1979
abu+aa+120.068+raTy+	1134	1128	1110	1094
abu+ii+120.314+raTy+	2034	2095	2150	2217
abu+ii+123.934+hy+	2266	2268	2257	2236
abu+aa+125.408+rDa\?g+	1035	1051	1070	1106
abu+ii+126.780+rTyb+	1987	1978	1893	1779
abu+uu+132.796+stwr+	1110	1142	1194	1362
abu+ii+134.559+sdyd+	2135	2153	2142	2112
abu+aa+135.839+maDn+	1135	1111	1083	1044
abu+aa+136.915+maD+	1078	1082	1068	1031
abu+ii+140.332+nDyf+	1983	1990	1938	1870
abu+ii+144.533+nDyf+	1972	1919	1826	1833
abu+uu+156.684+hw+	846	854	877	892
abu+ii+158.181+w\D-yfh+	1887	2006	2118	2066
abu+ii+159.873+mTyh+	2168	2223	2229	2165
abu+aa+161.904+bsaTh+	1238	1234	1212	1184
abu+aa+170.141+mtwaSl+	1130	1150	1110	1359
abu+uu+171.595+sTwr+	945	1008	1117	1290
abu+uu+175.313+mSwl+	874	943	1083	1200
abu+uu+195.517+smwT+	900	941	1147	1255
abu+ii+205.247+tlyfwn+	1644	1657	1755	1748
abu+uu+206.268+fTwr+	1020	1087	1174	1406
abu+aa+207.491+naDr+	1233	1241	1211	1194
abu+uu+228.519+fTwr+	984	1018	1149	1409
abu+ii+238.516+n\D-yf+	1949	1952	1916	1907
abu+aa+243.333+mwa\D-bh+	1157	1137	1117	1087
abu+aa+245.548+Tab+	1160	1168	1116	1016
abu+aa+248.615+Tabh+	1066	1066	1062	1062
abu+uu+256.195+Smwt+	863	918	988	1071
abu+aa+263.887+mna\D-r+	1164	1130	1106	1081
abu+uu+267.229+wDw\?g+	886	854	797	917
abu+ii+268.392+wsyTh+	1869	1818	1736	1700
abu+aa+269.728+faSl+	1101	1139	1175	1316
abu+ii+271.917+w\D-y\?g+	1971	2077	2163	2195
abu+ii+280.107+wDyh+	2008	2064	2033	2012
abu+uu+286.446+aSwl+	886	998	1152	1253
abu+aa+288.000+fTam+	1237	1231	1202	1242
abu+aa+289.654+alfDa\?g+	1139	1183	1207	1181
abu+aa+290.796+ktab+	1429	1377	1301	1224
abu+aa+291.883+maDr+	1250	1253	1234	1150
abu+aa+297.715+naDl+	1247	1209	1155	1143
abu+aa+298.914+naDl+	1165	1127	1102	1067
abu+aa+299.441+naDl+	1239	1218	1183	1137
abu+aa+301.100+naDl+	1117	1035	1026	995
abu+aa+302.727+at\9eab+	1294	1257	1227	1199
abu+ii+304.419+mSyr+	2111	2024	1881	1872
abu+ii+308.024+mSyr+	1858	1863	1807	1737
abu+ii+314.639+mSyr+	1615	1595	1579	1554
abu+aa+319.923+rTanh+	1273	1333	1397	1488
abu+ii+321.044+mTyr+	1893	1847	1751	1769
abu+ii+330.965+w\D-yf+	2064	2065	2017	1960
abu+aa+332.793+mlabs+	1388	1371	1334	1270
abu+aa+334.101+tab\9e+	1467	1415	1365	1291
abu+aa+335.404+mwaTn+	1143	1168	1139	1107
abu+ii+336.828+h\D-ym+	2221	2232	2044	1875
abu+uu+340.265+mh\D-wm+	1075	1112	1121	1176
abu+ii+345.927+s\9eyd+	2154	2125	2006	1855
abu+ii+347.153+nSyb+	2000	1956	1793	1718
abu+aa+348.420+antSar+	1232	1257	1243	1421
abu+ii+349.738+fTyrh+	1925	1857	1728	1603
abu+aa+353.406+wsTy+	1113	1125	1142	1201
abu+aa+357.331+njtryh+	1350	1390	1437	1476
abu+aa+371.942+balTa\?grh+	1236	1292	1358	1448
abu+aa+374.105+naDl+	1267	1222	1162	1125
abu+aa+375.417+mtwaSl+	1089	1122	1145	1115
abu+aa+376.524+mlabs+	1354	1333	1261	1195
abu+ii+380.029+nSyb+	2127	2050	1898	1925
abu+uu+382.410+zhwr+	945	977	1127	1284
abu+aa+384.487+naDr+	1256	1207	1174	1108
abu+aa+385.806+maDr+	1163	1139	1143	1155
abu+aa+387.116+fTam+	1205	1208	1201	1251
abu+ii+388.405+wsyTh+	1840	1749	1719	1762
abu+ii+389.968+S\9eyd+	2271	2232	2171	2138
abu+aa+391.010+maDn+	1182	1167	1124	1090
abu+uu+392.248+awtwbys+	1330	1360	1359	1365
abu+uu+392.423+awtwbys+	1410	1424	1415	1363
abu+ii+392.555+awtwbys+	2098	2028	1929	1915
abu+uu+395.218+mSwl+	992	1126	1281	1398
abu+aa+397.919+ant\D-am+	1213	1224	1234	1288
abu+ii+399.077+wDy\?g+	2082	2150	2140	2135
abu+ii+402.451+mSyr+	1928	1844	1718	1844
abu+ii+403.945+mTyr+	1887	1835	1733	1713
abu+aa+406.026+msa\9edh+	1465	1443	1420	1394
abu+ii+407.481+nDyf+	2066	2031	1943	1971
abu+uu+409.590+wDw\?g+	917	923	922	903
abu+uu+409.798+wDw\?g+	950	922	909	920
abu+ii+410.969+rtyb+	2179	1972	1816	1671
abu+aa+412.205+anfSal+	1218	1259	1277	1303
abu+aa+414.363+sTam+	1158	1154	1194	1253
abu+ii+417.237+w\D-yf+	2036	2044	1987	1940
abu+ii+419.887+fTyrh+	1993	1946	1839	1728
abu+aa+421.328+alfDa\?g+	1158	1181	1212	1222
abu+aa+424.045+Tab\9e+	1187	1184	1160	1163
abu+aa+425.626+tab+	1395	1363	1305	1260
abu+aa+432.963+ratb+	1277	1342	1364	1353
abu+aa+435.560+rDa\?g+	1143	1172	1187	1174
abu+uu+437.914+sTwr+	915	917	1009	1162
abu+ii+439.574+raTy+	1918	1969	2065	2145
abu+aa+442.633+tab\9e+	1410	1357	1296	1233
abu+uu+444.185+smwt+	1023	1087	1169	1225
abu+aa+449.530+n\D-afh+	1146	1165	1178	1196
abu+ii+452.067+rTyb+	1937	1851	1708	1566
abu+aa+454.582+rTanh+	1217	1273	1340	1465
abu+aa+495.964+nmal+	1404	1459	1489	1493
abu+aa+498.261+alan+	1524	1560	1580	1630
abu+ii+500.148+hDym+	2244	2285	2118	1925
abu+aa+503.245+Samt+	1175	1167	1140	1174
abu+aa+504.627+antSar+	1264	1277	1290	1275
abu+aa+505.492+Tab+	1159	1168	1162	1130
abu+aa+506.708+mwa\D-bh+	1086	1106	1083	1057
abu+aa+508.167+alnaSrh+	1240	1232	1177	1436
abu+uu+509.760+Smwt+	964	946	934	1089
abu+ii+512.183+thmymh+	2379	2353	2185	2022
abu+ii+513.691+mTyh+	2281	2373	2270	2124
abu+aa+516.071+awTan+	1214	1287	1405	1575
abu+aa+517.281+mna\D-r+	1174	1138	1114	1107
abu+uu+518.516+smwT+	862	888	904	893
abu+ii+519.664+w\D-yfh+	1781	1869	1905	1902
abu+uu+522.201+fTwr+	1038	1087	1124	1321
abu+ii+523.561+s\9eyd+	2029	1973	1936	1964
abu+ii+525.978+hy+	2204	2239	2226	2157
abu+ii+527.211+n\D-yf+	2101	2040	1936	1892
abu+ii+528.248+tlyfwn+	1896	1913	1860	1783
abu+uu+528.462+tlyfwn+	914	991	1127	1345
abu+aa+529.509+faSl+	1143	1169	1300	1577
abu+aa+533.488+bsaTh+	1140	1142	1115	1101
abu+uu+534.852+stwr+	1035	1067	1150	1434
abu+uu+536.192+aSwl+	985	1072	1212	1364
abu+aa+537.458+ktab+	1338	1306	1255	1198
abu+aa+538.766+mwaTn+	1071	1135	1148	1140
abu+uu+539.925+hw+	771	773	783	802
abu+uu+541.308+fDwl+	865	956	1082	1200
abu+ii+542.572+sdyd+	2133	2135	2147	2183
abu+aa+548.671+maDn+	1127	1075	1021	1003
abu+ii+551.177+n\D-yf+	2032	2025	1956	1895
abu+ii+552.258+nSyb+	2255	2098	1834	1754
abu+ii+553.561+rtyb+	2061	1944	1788	1686
abu+aa+557.383+bsaTh+	1196	1190	1160	1116
abu+ii+558.732+wsyTh+	1830	1777	1692	1628
abu+uu+561.408+zhwr+	1134	1164	1212	1454
abu+aa+562.626+naDr+	1208	1198	1194	1176
abu+aa+563.915+fTam+	1188	1168	1138	1155
abu+ii+566.122+s\9eyd+	2143	2091	2070	2054
abu+ii+567.120+S\9eyd+	2136	2064	1989	2021
abu+uu+568.071+awtwbys+	1415	1396	1384	1420
abu+uu+568.218+awtwbys+	1390	1371	1335	1309
abu+ii+568.378+awtwbys+	2104	2078	2005	1973
abu+ii+570.315+hy+	2214	2179	2120	2039
abu+ii+572.199+wDy\?g+	2230	2322	2311	2277
abu+ii+573.083+mTyr+	2091	2044	1897	1831
abu+ii+576.529+mTyh+	2330	2272	2226	2114
abu+aa+577.813+ktab+	1337	1310	1273	1226
abu+ii+580.362+mSyr+	2063	2012	1864	1887
abu+aa+581.420+msa\9edh+	1445	1418	1387	1349
abu+uu+582.862+smwT+	859	859	838	832
abu+aa+583.997+nDl+	1221	1173	1113	1099
abu+aa+585.009+Tab\9e+	1192	1171	1146	1119
abu+uu+587.170+wDw\?g+	1004	995	992	1271
abu+uu+587.381+wDw\?g+	887	845	833	864
abu+aa+588.443+anfSal+	1240	1307	1355	1380
abu+aa+589.561+tab\9e+	1376	1332	1293	1272
abu+aa+591.624+sTam+	1262	1250	1269	1335
abu+aa+594.586+maDr+	1155	1132	1113	1107
abu+uu+595.683+fDwl+	941	1049	1183	1280
abu+aa+596.775+balTa\?grh+	1193	1252	1328	1417
abu+aa+599.023+awTan+	1227	1321	1403	1519
abu+uu+599.814+sTwr+	995	1038	1121	1380
abu+ii+601.148+fTyrh+	1854	1899	1889	1830
abu+aa+604.128+alan+	1424	1460	1503	1600
abu+aa+606.023+mlabs+	1359	1337	1309	1299
abu+aa+607.812+nmal+	1375	1389	1358	1319
abu+aa+609.533+n\D-afh+	1173	1193	1183	1184
abu+aa+610.416+rDa\?g+	1122	1141	1164	1195
abu+aa+611.110+Samt+	1172	1196	1206	1257
abu+aa+613.209+raTy+	1166	1185	1161	1136
abu+ii+613.541+raTy+	2236	2220	2199	2218
abu+uu+614.422+fTwr+	972	1050	1132	1339
abu+uu+615.871+smwt+	1040	1056	1070	1160
abu+uu+617.074+Smwt+	841	897	930	885
abu+uu+618.190+Smwt+	842	869	840	1046
abu+ii+619.834+rTyb+	2075	2056	1937	1782
abu+aa+621.596+faSl+	1179	1186	1124	1163
abu+ii+622.519+w\D-yf+	2126	2024	1887	1889
abu+aa+623.512+ant\D-am+	1206	1215	1242	1361
abu+uu+625.655+stwr+	1063	1088	1136	1321
abu+ii+626.812+hw(hy)+	1906	1897	1878	1825
abu+aa+627.830+rTanh+	1276	1327	1389	1493
abu+ii+628.720+nDym+	2446	2434	2226	2077
abu+ii+629.720+sdyd+	2261	2198	2116	2092
abu+aa+631.536+Tab+	1223	1201	1158	1091
abu+aa+633.039+antSar+	1230	1242	1231	1338
abu+aa+633.989+alnaSrh+	1294	1248	1209	1242
abu+uu+634.988+aSwl+	976	1054	1191	1296
abu+ii+636.248+thmymh+	2327	2287	2216	2062
abu+aa+637.146+tab+	1408	1375	1326	1257
abu+ii+638.818+nDyf+	2055	2013	1919	1816
abu+aa+639.558+mwaTn+	1145	1165	1169	1145
abu+aa+640.753+mna\D-r+	1250	1228	1196	1176
abu+aa+641.672+alfDa\?g+	1168	1188	1196	1173
abu+ii+644.733+Sdyd+	2012	1986	1914	1868
abu+uu+646.447+mSwl+	1011	1096	1208	1295
abu+ii+647.455+tlyfwn+	1777	1753	1675	1641
abu+uu+647.645+tlyfwn+	1006	1086	1217	1399
abu+ii+649.195+w\D-yfh+	2038	2020	1957	1928
abu+aa+678.137+ba\?g+	1321	1317	1306	1290
abu+aa+680.043+ta\?g+	1369	1348	1343	1340
abu+aa+681.177+\tfa\?g+	1370	1368	1361	1352
abu+ii+682.400+jym+	2294	2323	2216	1937
abu+aa+683.473+Ha\?g+	1315	1312	1306	1320
abu+aa+684.740+xa\?g+	1164	1173	1174	1171
abu+aa+685.722+dal+	1329	1339	1353	1340
abu+aa+686.809+\dhal+	1344	1389	1419	1423
abu+ii+690.111+syn+	2357	2348	2298	2250
abu+ii+691.095+\shyn+	2400	2372	2289	2223
abu+aa+692.784+Sad+	1083	1117	1173	1223
abu+aa+693.998+Dad+	1097	1128	1150	1162
abu+aa+694.931+Ta\?g+	1050	1060	1060	1068
abu+aa+696.157+\D-a\?g+	1015	1042	1094	1130
abu+aa+701.156+lam+	1341	1324	1287	1271
abu+ii+701.886+mym+	2311	2304	2227	1960
abu+aa+702.580+ha\?g+	1334	1317	1311	1297
abu+uu+703.514+nwn+	835	867	1111	1382
abu+aa+705.032+ha\?g+	1291	1292	1279	1275
alohali+uu+20.756+aSwl+	899	990	1127	1218
alohali+aa+26.785+mwaTn+	1070	1070	1043	1038
alohali+aa+30.173+awTan+	1161	1192	1331	1481
alohali+aa+32.855+HaDr+	1259	1254	1237	1211
alohali+aa+52.177+maD+	1198	1221	1236	1235
alohali+aa+64.025+alfDa\?g+	1148	1143	1149	1145
alohali+aa+69.753+baS+	1137	1149	1167	1286
alohali+aa+73.018+antSar+	1298	1295	1272	1340
alohali+aa+75.733+ratb+	1221	1296	1403	1447
alohali+uu+78.583+fTwr+	1037	1024	1021	1111
alohali+aa+81.659+wasTh+	1137	1168	1224	1416
alohali+aa+86.366+Tbabh+	1393	1390	1361	1317
alohali+aa+89.883+anfSal+	1157	1175	1215	1242
alohali+ii+94.027+hy+	2087	2156	2206	2252
alohali+uu+102.072+wDw\?g+	904	868	863	870
alohali+aa+105.671+tab+	1545	1534	1504	1484
alohali+ii+108.801+tlyfwn+	1532	1497	1471	1457
alohali+uu+108.950+tlyfwn+	1059	1074	1141	1268
alohali+ii+113.054+qDyb+	1936	1981	1985	1989
alohali+ii+116.032+jzyrh+	1945	1929	1865	1754
alohali+aa+121.942+rDa\?g+	1166	1170	1186	1194
alohali+uu+125.647+zhwr+	1013	1055	1118	1194
alohali+aa+129.865+alnaSrh+	1376	1343	1325	1397
alohali+aa+133.710+n\D-afh+	1201	1190	1209	1375
alohali+aa+136.845+ant\D-am+	1221	1181	1249	1335
alohali+ii+139.800+w\D-yfh+	1947	1976	1968	1923
alohali+aa+149.451+mwa\D-bh+	1133	1123	1112	1101
alohali+aa+153.036+tab\9e+	1570	1539	1505	1486
alohali+aa+156.743+mna\D-r+	1200	1194	1188	1166
alohali+aa+158.560+mna\D-r+	1386	1339	1311	1273
alohali+uu+169.641+sTwr+	1028	1002	1002	1050
alohali+ii+173.879+wsyTh+	1888	1847	1754	1713
alohali+ii+176.952+n\D-yf+	1962	1985	1971	1941
alohali+ii+182.320+mTyh+	2001	1981	1938	1874
alohali+uu+188.628+\shrwT+	992	1006	1011	1016
alohali+aa+191.555+mtwaSl+	1113	1147	1202	1375
alohali+ii+194.524+nSyb+	1924	1922	1896	1928
alohali+uu+199.479+ftwr+	1116	1121	1147	1287
alohali+uu+202.185+fDwl+	959	1000	1085	1151
alohali+ii+211.451+yTyr+	1973	1982	1935	1896
alohali+aa+226.025+Tab\9e+	1218	1212	1186	1163
alohali+aa+231.625+faSl+	1196	1195	1194	1205
alohali+aa+234.585+alan+	1548	1553	1571	1541
alohali+ii+237.829+fTyrh+	1842	1821	1718	1570
alohali+uu+240.659+hw+	1012	1012	1029	1045
alohali+aa+247.386+Samt+	1161	1170	1173	1245
alohali+aa+249.856+maDy+	1114	1119	1112	1087
alohali+ii+253.102+mtwDy\?g+	1906	2039	2016	1992
alohali+aa+256.232+fTam+	1170	1172	1200	1224
alohali+uu+259.185+skwt+	1011	1084	1207	1262
alohali+aa+272.129+sTam+	1203	1182	1137	1163
alohali+ii+275.285+mSyr+	1952	1932	1854	1850
alohali+aa+278.693+bsaTh+	1216	1204	1186	1164
alohali+aa+281.530+mlabs+	1503	1500	1467	1452
alohali+aa+287.721+ktab+	1587	1529	1459	1469
alohali+aa+290.600+naDj+	1277	1245	1214	1204
alohali+ii+293.627+sdyd+	2086	2068	2058	2062
alohali+ii+297.454+wsyTh+	1933	1907	1818	1785
alohali+uu+300.259+aSwl+	992	1034	1166	1232
alohali+ii+302.856+w\D-yfh+	1887	1959	1942	1915
alohali+ii+305.449+S\9eyd+	2191	2154	2087	2099
alohali+aa+310.870+mwaTn+	1112	1089	1091	1099
alohali+aa+313.167+HaDr+	1322	1288	1260	1240
alohali+aa+315.730+faSl+	1185	1179	1174	1196
alohali+aa+318.535+naDj+	1204	1194	1171	1161
alohali+aa+326.014+fTam+	1156	1159	1222	1252
alohali+aa+331.907+n\D-afh+	1194	1171	1164	1167
alohali+aa+334.969+alnaSrh+	1344	1319	1333	1356
alohali+aa+340.557+sTam+	1203	1207	1234	1250
alohali+uu+343.483+fDwl+	1110	1098	1141	1159
alohali+aa+352.086+alfDa\?g+	1138	1133	1123	1122
alohali+aa+357.721+ktab+	1597	1548	1495	1473
alohali+ii+360.300+tlyfwn+	1844	1839	1815	1767
alohali+uu+360.462+tlyfwn+	1070	1169	1302	1399
alohali+ii+363.461+mSyr+	1976	1956	1901	1886
alohali+aa+368.898+mlabs+	1503	1485	1464	1449
alohali+aa+371.639+alan+	1528	1575	1621	1659
alohali+aa+373.561+baS+	1139	1164	1217	1320
alohali+aa+375.755+ratb+	1192	1276	1379	1428
alohali+aa+378.541+wasTh+	1142	1176	1215	1355
alohali+aa+381.983+anfSal+	1179	1201	1230	1199
alohali+ii+389.066+yTyr+	2119	2122	2079	2101
alohali+uu+391.437+wDw\?g+	1003	932	835	805
alohali+aa+398.132+tab+	1509	1456	1415	1423
alohali+ii+400.818+qDyb+	2070	2099	2046	2035
alohali+uu+407.320+zhwr+	917	969	1035	1111
alohali+aa+410.305+bsaTh+	1199	1195	1199	1187
alohali+aa+415.279+ant\D-am+	1157	1135	1274	1301
alohali+aa+426.660+antSar+	1222	1227	1218	1204
alohali+uu+429.063+skwt+	1083	1158	1258	1296
alohali+aa+431.955+rDa\?g+	1119	1149	1167	1171
alohali+aa+435.262+tab\9e+	1567	1537	1492	1461
alohali+aa+438.154+msa\9edh+	1540	1560	1591	1612
alohali+uu+444.543+sTwr+	996	958	942	961
alohali+uu+447.687+hw+	892	855	818	795
alohali+ii+450.642+n\D-yf+	2020	2059	2044	2014
alohali+ii+459.627+jzyrh+	2031	1958	1832	1666
alohali+uu+465.313+ftwr+	1028	1027	1037	1077
alohali+uu+468.024+\shrwT+	862	854	860	979
alohali+aa+470.219+mtwaSl+	1023	1064	1080	1266
alohali+aa+473.493+Tbabh+	1354	1334	1304	1261
alohali+aa+477.082+mna\D-r+	1212	1216	1223	1200
alohali+ii+481.210+nSyb+	1941	1970	1924	1907
alohali+aa+484.156+Samt+	1120	1122	1141	1199
alohali+uu+491.848+fTwr+	946	948	978	1040
alohali+ii+493.975+hy+	2099	2150	2201	2228
alohali+aa+499.356+mwa\D-bh+	1148	1207	1242	1213
alohali+aa+502.158+Tab\9e+	1192	1176	1153	1118
alohali+ii+507.290+fTyrh+	1925	1964	1914	1801
alohali+aa+509.826+maDy+	1182	1168	1163	1141
alohali+ii+510.033+maDy+	2080	2218	2089	2005
alohali+ii+512.291+Sdyd+	2185	2184	2130	2128
alohali+ii+515.444+mtwDy\?g+	1377	1560	1730	1872
alohali+aa+518.408+maD+	1152	1161	1160	1155
alohali+aa+521.280+awTan+	1142	1161	1278	1341
alohali+uu+523.552+aSwl+	793	874	1021	1175
alohali+uu+528.669+zhwr+	885	915	939	973
alohali+aa+530.961+mwaTn+	1094	1111	1125	1131
alohali+aa+533.552+maD+	1155	1117	1100	1080
alohali+ii+539.578+mtwDy\?g+	1756	1882	1973	2018
alohali+aa+542.104+faSl+	1149	1149	1147	1171
alohali+uu+547.106+sTwr+	965	977	975	1077
alohali+ii+549.663+sdyd+	2177	2170	2163	2190
alohali+aa+552.671+fTam+	1152	1153	1222	1269
alohali+aa+555.205+alnaSrh+	1250	1260	1286	1423
alohali+aa+558.774+anfSal+	1136	1131	1138	1101
alohali+aa+561.353+baS+	1117	1108	1106	1199
alohali+aa+564.114+rDa\?g+	1092	1086	1067	1064
alohali+ii+566.076+hy+	2097	2118	2138	2162
alohali+aa+568.426+sTam+	1204	1212	1245	1239
alohali+aa+570.579+tab+	1524	1475	1460	1448
alohali+ii+579.410+mTyh+	2093	2022	1889	1871
alohali+aa+587.421+alfDa\?g+	1158	1162	1156	1149
alohali+aa+593.659+Tbabh+	1338	1323	1289	1236
alohali+aa+598.222+naDj+	1231	1181	1140	1104
alohali+aa+600.746+HaDr+	1273	1241	1211	1180
alohali+ii+603.031+w\D-yfh+	1930	1992	1977	1941
alohali+aa+605.272+awTan+	1158	1192	1254	1320
alohali+uu+608.084+fTwr+	986	969	952	953
alohali+aa+610.838+alan+	1534	1535	1559	1580
alohali+aa+616.295+ratb+	1201	1253	1319	1333
alohali+aa+619.370+Tab\9e+	1180	1188	1160	1129
alohali+aa+622.556+wasTh+	1142	1151	1155	1189
alohali+uu+625.531+wDwh+	948	867	834	830
alohali+ii+631.385+yTyr+	1896	1966	1976	1961
alohali+aa+637.875+Samt+	1122	1132	1177	1181
alohali+uu+640.621+hw+	996	923	850	798
alohali+aa+643.465+bsaTh+	1184	1169	1156	1136
alohali+ii+648.937+qDyb+	1987	2026	1989	1998
alohali+aa+651.188+n\D-afh+	1139	1138	1122	1122
alohali+aa+653.700+ant\D-am+	1196	1190	1174	1158
alohali+ii+656.467+jzyrh+	2003	1986	1935	1862
alohali+ii+664.977+n\D-yf+	1965	1957	1916	1904
alohali+uu+668.007+fDwl+	992	1033	1090	1132
alohali+uu+670.779+skwt+	1072	1154	1249	1261
alohali+aa+673.428+mna\D-r+	1303	1258	1227	1204
alohali+aa+678.746+mwa\D-bh+	1169	1124	1101	1056
alohali+aa+681.604+antSar+	1193	1182	1174	1262
alohali+ii+684.530+mSyr+	1865	1873	1848	1786
alohali+aa+687.517+tab\9e+	1428	1430	1409	1371
alohali+ii+694.645+fTyrh+	1753	1838	1865	1840
alohali+aa+704.735+mlabs+	1530	1505	1468	1443
alohali+aa+710.021+mtwaSl+	1069	1090	1121	1156
alohali+aa+712.619+ktab+	1662	1602	1544	1535
alohali+ii+718.517+nSyb+	1979	1990	1931	1940
alohali+aa+720.484+maDy+	1166	1164	1137	1261
alohali+ii+725.520+wsyTh+	1884	1884	1827	1806
alohali+uu+730.790+\shrwT+	839	867	906	954
alohali+ii+733.045+tlyfwn+	1991	1991	1982	1948
alohali+uu+733.208+tlyfwn+	1128	1237	1343	1487
alohali+uu+740.546+ftwr+	1093	1061	1065	1187
alohali+aa+763.956+ba\?g+	1504	1498	1500	1490
alohali+aa+765.835+ta\?g+	1595	1578	1565	1559
alohali+aa+767.394+\tfa\?g+	1502	1486	1482	1482
alohali+ii+769.049+jym+	2224	2221	2216	2137
alohali+aa+770.616+Ha\?g+	1506	1508	1510	1519
alohali+aa+772.507+xa\?g+	1261	1254	1253	1250
alohali+aa+774.303+dal+	1622	1640	1649	1645
alohali+aa+775.854+\dhal+	1621	1593	1572	1582
alohali+aa+777.562+ra\?g+	1104	1107	1120	1129
alohali+ii+781.370+syn+	2234	2272	2242	2152
alohali+ii+783.448+\shyn+	2263	2289	2177	2078
alohali+aa+785.438+Sad+	1097	1182	1292	1356
alohali+aa+787.448+Dad+	1107	1134	1189	1198
alohali+aa+789.941+Ta\?g+	1124	1139	1172	1263
alohali+aa+792.469+\D-a\?g+	1158	1159	1194	1221
alohali+aa+798.880+fa\?g+	1494	1513	1516	1541
alohali+aa+806.487+lam+	1548	1516	1494	1518
alohali+ii+808.549+mym+	2370	2379	2296	2116
alohali+uu+810.745+nwn+	1748	1603	1567	1627
alohali+aa+812.678+ha\?g+	1477	1461	1445	1428
alotaiq+uu+36.829+aSwl+	885	909	997	1098
alotaiq+aa+40.965+mwaTn+	1199	1217	1181	1148
alotaiq+aa+43.229+awTan+	1185	1222	1286	1431
alotaiq+aa+44.659+HaDr+	1254	1216	1182	1269
alotaiq+aa+46.645+maD+	1208	1198	1160	1133
alotaiq+aa+53.714+alfDa\?g+	1168	1198	1217	1237
alotaiq+aa+55.917+baS+	1250	1257	1262	1387
alotaiq+aa+57.448+antSar+	1265	1288	1292	1347
alotaiq+aa+58.659+ratb+	1285	1354	1440	1475
alotaiq+uu+59.954+fTwr+	971	992	1016	1107
alotaiq+aa+61.188+wasTh+	1078	1134	1162	1165
alotaiq+aa+64.681+Tbabh+	1231	1198	1158	1120
alotaiq+aa+65.986+anfSal+	1266	1250	1234	1214
alotaiq+ii+66.972+hy+	2266	2292	2316	2345
alotaiq+aa+68.421+balTa\?grh+	1207	1233	1285	1376
alotaiq+uu+69.914+wDw\?g+	948	925	909	920
alotaiq+aa+70.898+tab+	1339	1338	1311	1259
alotaiq+ii+72.040+tlyfwn+	2081	2085	2042	2015
alotaiq+uu+72.219+tlyfwn+	1060	1141	1320	1473
alotaiq+ii+74.709+qDyb+	2158	2194	2164	2155
alotaiq+ii+76.070+jzyrh+	1977	1924	1837	1747
alotaiq+aa+78.695+rDa\?g+	1131	1154	1172	1181
alotaiq+uu+79.956+zhwr+	870	859	851	1063
alotaiq+aa+81.049+alnaSrh+	1253	1253	1270	1357
alotaiq+aa+82.642+n\D-afh+	1148	1148	1124	1215
alotaiq+aa+83.829+ant\D-am+	1143	1120	1186	1515
alotaiq+ii+84.921+w\D-yfh+	2244	2267	2239	2234
alotaiq+aa+90.378+mwa\D-bh+	1087	1075	1048	1025
alotaiq+aa+92.015+tab\9e+	1402	1398	1380	1366
alotaiq+aa+93.551+mna\D-r+	1259	1195	1127	1094
alotaiq+uu+100.588+sTwr+	872	855	873	911
alotaiq+ii+102.915+wsyTh+	2129	2060	1943	1903
alotaiq+ii+104.582+n\D-yf+	2228	2225	2193	2151
alotaiq+ii+105.623+mTyh+	2273	2301	2280	2218
alotaiq+uu+109.124+\shrwT+	952	931	910	967
alotaiq+aa+110.337+mtwaSl+	1118	1150	1169	1162
alotaiq+ii+111.797+nSyb+	2151	2150	2096	2065
alotaiq+uu+113.175+ftwr+	1027	985	957	1007
alotaiq+uu+114.319+fDwl+	927	926	1001	1099
alotaiq+ii+122.891+yTyr+	2102	2084	2009	1979
alotaiq+aa+128.598+wsTy+	1172	1176	1179	1183
alotaiq+aa+131.274+Tab\9e+	1214	1221	1221	1233
alotaiq+aa+133.861+faSl+	1214	1219	1229	1219
alotaiq+aa+135.146+alan+	1423	1454	1494	1495
alotaiq+ii+136.262+fTyrh+	1995	2021	1987	1925
alotaiq+uu+137.414+hw+	1027	981	940	901
alotaiq+aa+140.514+Samt+	1278	1271	1250	1406
alotaiq+aa+141.528+maDy+	1187	1137	1082	1052
alotaiq+ii+141.709+maDy+	1951	2117	2196	2198
alotaiq+uu+142.897+mtwDy\?g+	1059	1081	1089	1078
alotaiq+ii+143.108+mtwDy\?g+	2117	2215	2270	2288
alotaiq+aa+144.253+fTam+	1212	1184	1396	1687
alotaiq+uu+145.453+skwt+	1051	1096	1180	1250
alotaiq+aa+146.752+msa\9edh+	1654	1631	1585	1545
alotaiq+aa+150.922+sTam+	1186	1171	1152	1142
alotaiq+ii+186.424+mSyr+	2139	2084	2034	1978
alotaiq+aa+187.791+bsaTh+	1191	1183	1185	1249
alotaiq+aa+189.027+mlabs+	1389	1380	1389	1426
alotaiq+aa+192.376+ktab+	1380	1346	1316	1303
alotaiq+aa+193.420+naDj+	1296	1210	1145	1185
alotaiq+ii+194.806+sdyd+	2280	2280	2259	2252
alotaiq+ii+196.122+wsyTh+	2101	1926	1773	1744
alotaiq+uu+197.323+aSwl+	978	957	902	852
alotaiq+ii+198.460+w\D-yfh+	2160	2221	2162	2087
alotaiq+aa+202.897+mwaTn+	1035	1062	1065	1060
alotaiq+aa+205.290+faSl+	1167	1168	1248	1568
alotaiq+aa+206.478+naDj+	1195	1117	1044	1005
alotaiq+aa+209.930+fTam+	1181	1178	1157	1216
alotaiq+aa+212.360+n\D-afh+	1186	1200	1171	1117
alotaiq+aa+213.506+alnaSrh+	1246	1217	1225	1327
alotaiq+aa+215.953+sTam+	1206	1213	1213	1209
alotaiq+uu+217.032+fDwl+	881	939	1011	1081
alotaiq+aa+221.732+alfDa\?g+	1145	1173	1197	1219
alotaiq+aa+224.060+ktab+	1380	1349	1308	1316
alotaiq+ii+224.912+tlyfwn+	2092	2073	2043	2021
alotaiq+uu+225.061+tlyfwn+	1037	1112	1175	1192
alotaiq+ii+226.284+mSyr+	2112	2051	1979	1955
alotaiq+ii+227.469+sdyd+	2183	2180	2148	2124
alotaiq+aa+228.587+mlabs+	1377	1370	1340	1344
alotaiq+aa+229.740+alan+	1412	1420	1516	1678
alotaiq+aa+230.607+baS+	1176	1190	1201	1244
alotaiq+aa+231.864+ratb+	1253	1306	1360	1401
alotaiq+aa+234.697+anfSal+	1230	1239	1236	1238
alotaiq+ii+238.490+yTyr+	2190	2157	2089	2051
alotaiq+uu+239.643+wDw\?g+	910	883	859	850
alotaiq+aa+242.288+tab+	1324	1303	1301	1335
alotaiq+ii+243.732+qDyb+	2178	2212	2146	2096
alotaiq+uu+245.919+zhwr+	919	938	956	1229
alotaiq+aa+247.054+bsaTh+	1170	1190	1194	1186
alotaiq+aa+249.332+ant\D-am+	1148	1132	1223	1417
alotaiq+aa+254.113+antSar+	1191	1190	1309	1500
alotaiq+uu+255.245+skwt+	1045	1112	1185	1249
alotaiq+aa+256.248+rDa\?g+	1125	1148	1156	1153
alotaiq+aa+257.206+tab\9e+	1429	1429	1418	1457
alotaiq+uu+261.199+sTwr+	899	919	945	1242
alotaiq+uu+261.956+hw+	1019	990	945	901
alotaiq+ii+263.006+n\D-yf+	2196	2239	2196	2129
alotaiq+ii+265.128+mTyh+	2109	2205	2268	2297
alotaiq+ii+266.234+jzyrh+	1977	1951	1877	1778
alotaiq+uu+268.326+ftwr+	993	980	1031	1176
alotaiq+uu+269.358+\shrwT+	903	854	801	1019
alotaiq+aa+270.451+mtwaSl+	1043	1077	1093	1179
alotaiq+aa+271.403+Tbabh+	1195	1178	1146	1094
alotaiq+aa+272.461+mna\D-r+	1161	1111	1057	1206
alotaiq+ii+273.671+nSyb+	2048	2102	2086	2080
alotaiq+aa+274.525+Samt+	1216	1217	1215	1296
alotaiq+uu+276.569+fTwr+	961	976	1017	1032
alotaiq+ii+277.441+hy+	2233	2260	2296	2340
alotaiq+aa+279.440+mwa\D-bh+	1032	1025	997	1100
alotaiq+aa+280.522+Tab\9e+	1252	1256	1252	1229
alotaiq+ii+283.009+fTyrh+	1999	1985	1932	1855
alotaiq+aa+285.315+maDy+	1192	1175	1150	1116
alotaiq+ii+285.505+maDy+	1898	2033	2132	2202
alotaiq+ii+286.689+Sdyd+	2208	2232	2187	2165
alotaiq+uu+287.624+mtwDy\?g+	1019	1030	1033	1015
alotaiq+ii+287.865+mtwDy\?g+	1926	2110	2218	2286
alotaiq+aa+288.833+maD+	1191	1173	1139	1115
alotaiq+ii+289.023+maD+	1691	1897	2053	2151
alotaiq+aa+290.068+awTan+	1180	1214	1274	1345
alotaiq+uu+290.999+aSwl+	954	993	1022	1140
alotaiq+uu+293.010+zhwr+	950	961	973	1037
alotaiq+aa+294.162+mwaTn+	1130	1157	1150	1133
alotaiq+aa+295.074+maD+	1169	1141	1108	1475
alotaiq+ii+295.285+maD+	1963	2092	2186	2237
alotaiq+uu+297.387+mtwDy\?g+	1005	1007	1003	986
alotaiq+ii+297.651+mtwDy\?g+	2047	2148	2221	2255
alotaiq+aa+298.337+faSl+	1192	1203	1213	1201
alotaiq+uu+300.417+sTwr+	879	893	944	982
alotaiq+ii+301.439+sdyd+	2209	2237	2231	2230
alotaiq+aa+302.479+fTam+	1183	1182	1272	1508
alotaiq+aa+303.507+alnaSrh+	1311	1280	1264	1383
alotaiq+aa+304.909+anfSal+	1238	1259	1263	1264
alotaiq+aa+305.834+baS+	1208	1212	1226	1410
alotaiq+aa+306.970+rDa\?g+	1150	1176	1194	1204
alotaiq+ii+308.161+hy+	2353	2364	2375	2391
alotaiq+aa+309.187+sTam+	1180	1181	1290	1436
alotaiq+aa+310.227+tab+	1425	1394	1375	1426
alotaiq+ii+313.862+mTyh+	2148	2199	2233	2252
alotaiq+aa+317.207+alfDa\?g+	1129	1154	1168	1184
alotaiq+aa+319.361+Tbabh+	1191	1182	1141	1095
alotaiq+aa+322.379+naDj+	1257	1184	1111	1063
alotaiq+ii+324.055+w\D-yfh+	2141	2200	2242	2263
alotaiq+aa+325.216+awTan+	1110	1147	1194	1353
alotaiq+uu+326.229+fTwr+	923	936	953	1005
alotaiq+aa+327.093+alan+	1446	1431	1430	1438
alotaiq+aa+328.893+ratb+	1233	1280	1350	1409
alotaiq+aa+329.982+Tab\9e+	1266	1272	1268	1258
alotaiq+uu+332.060+wDwh+	899	881	873	875
alotaiq+ii+333.976+yTyr+	2175	2189	2151	2081
alotaiq+aa+335.032+balTa\?grh+	1204	1227	1263	1315
alotaiq+aa+336.155+Samt+	1213	1230	1232	1234
alotaiq+uu+337.058+hw+	999	952	907	859
alotaiq+aa+337.994+bsaTh+	1189	1189	1195	1194
alotaiq+ii+339.929+qDyb+	2151	2203	2158	2105
alotaiq+aa+340.732+n\D-afh+	1172	1187	1195	1196
alotaiq+aa+341.813+ant\D-am+	1187	1150	1222	1490
alotaiq+ii+342.666+jzyrh+	1999	1940	1847	1741
alotaiq+ii+345.735+n\D-yf+	2215	2277	2256	2186
alotaiq+uu+346.831+fDwl+	867	864	934	1020
alotaiq+uu+347.855+skwt+	986	1021	1091	1168
alotaiq+aa+348.886+mna\D-r+	1145	1047	998	1055
alotaiq+aa+351.941+mwa\D-bh+	1048	1058	1038	998
alotaiq+aa+353.129+antSar+	1200	1200	1203	1344
alotaiq+ii+354.169+mSyr+	2110	2118	2057	2003
alotaiq+aa+355.140+tab\9e+	1488	1447	1431	1414
alotaiq+ii+357.529+fTyrh+	2079	2087	2070	2016
alotaiq+aa+360.634+mlabs+	1382	1389	1388	1365
alotaiq+ii+361.727+Sdyd+	2199	2213	2207	2200
alotaiq+aa+362.880+mtwaSl+	976	978	1002	1041
alotaiq+aa+364.090+ktab+	1376	1343	1317	1291
alotaiq+ii+373.213+nSyb+	2180	2202	2167	2108
alotaiq+aa+374.477+maDy+	1183	1165	1138	1216
alotaiq+ii+374.689+maDy+	2069	2163	2222	2226
alotaiq+ii+376.992+wsyTh+	2236	2178	2044	1874
alotaiq+uu+381.300+\shrwT+	951	916	901	1015
alotaiq+ii+382.785+tlyfwn+	1994	2005	1923	1833
alotaiq+uu+382.965+tlyfwn+	1015	1067	1123	1114
alotaiq+uu+386.269+ftwr+	992	999	1020	1047
alotaiq+aa+495.201+ba\?g+	1447	1438	1428	1420
alotaiq+ii+497.840+jym+	2445	2489	2363	2016
alotaiq+aa+501.642+\dhal+	1394	1407	1420	1438
alotaiq+aa+502.638+ra\?g+	1156	1178	1193	1211
alotaiq+ii+505.062+syn+	2415	2418	2379	2316
alotaiq+ii+505.999+\shyn+	2428	2438	2372	2213
alotaiq+aa+507.111+Sad+	1276	1361	1472	1581
alotaiq+aa+508.099+Dad+	1221	1290	1397	1458
alotaiq+aa+509.398+Ta\?g+	1125	1151	1173	1186
alotaiq+aa+510.514+\D-a\?g+	1171	1181	1196	1209
alotaiq+aa+513.146+fa\?g+	1391	1384	1376	1377
alotaiq+aa+515.727+lam+	1435	1423	1405	1433
alotaiq+ii+516.686+mym+	2308	2319	2276	2211
alotaiq+uu+517.619+nwn+	1116	1150	1234	1293
mohammed+uu+37.810+aSwl+	874	921	1103	1287
mohammed+aa+41.930+mwaTn+	1092	1130	1165	1134
mohammed+aa+44.033+awTan+	1325	1356	1422	1489
mohammed+aa+48.583+maD+	1223	1202	1161	1099
mohammed+aa+61.715+alfDa\?g+	1063	1065	1071	1087
mohammed+aa+66.291+baS+	1184	1197	1204	1226
mohammed+aa+68.743+antSar+	1104	1132	1158	1228
mohammed+aa+71.386+ratb+	1385	1453	1490	1464
mohammed+uu+74.628+fTwr+	929	901	888	868
mohammed+aa+88.416+wasTh+	1280	1381	1418	1430
mohammed+aa+100.358+Tbabh+	1397	1370	1340	1320
mohammed+aa+103.737+anfSal+	1256	1272	1239	1241
mohammed+ii+106.076+hy+	2134	2176	2206	2168
mohammed+aa+108.584+balTa\?grh+	1212	1261	1290	1350
mohammed+uu+111.351+wDw\?g+	830	797	787	801
mohammed+aa+114.027+tab+	1429	1392	1322	1324
mohammed+ii+116.742+tlyfwn+	2053	2024	1960	1907
mohammed+uu+116.938+tlyfwn+	1384	1609	1624	1580
mohammed+ii+119.555+qDyb+	2310	2291	2183	2140
mohammed+ii+122.125+jzyrh+	2103	2120	2103	2020
mohammed+aa+127.152+rDa\?g+	1015	1023	1039	1052
mohammed+uu+129.678+zhwr+	740	784	823	900
mohammed+aa+131.865+alnaSrh+	1329	1258	1222	1201
mohammed+aa+134.193+n\D-afh+	1214	1180	1159	1147
mohammed+aa+137.117+ant\D-am+	1202	1205	1255	1238
mohammed+ii+139.559+w\D-yfh+	2251	2264	2214	2106
mohammed+aa+147.480+mwa\D-bh+	1360	1269	1200	1155
mohammed+aa+153.367+mna\D-r+	1326	1237	1181	1156
mohammed+uu+162.000+sTwr+	856	846	896	1129
mohammed+ii+164.836+wsyTh+	2185	2128	2013	1970
mohammed+ii+167.908+n\D-yf+	2387	2456	2380	2225
mohammed+ii+170.687+mTyh+	2375	2418	2326	2372
mohammed+uu+176.225+\shrwT+	882	869	895	907
mohammed+aa+178.976+mtwaSl+	1115	1133	1134	1198
mohammed+ii+182.130+nSyb+	2335	2352	2267	2216
mohammed+uu+184.843+ftwr+	875	890	949	1050
mohammed+uu+187.292+fDwl+	847	897	1061	1318
mohammed+ii+196.267+yTyr+	2400	2345	2318	2160
mohammed+aa+210.665+Tab\9e+	1161	1128	1124	1139
mohammed+aa+217.711+faSl+	1362	1285	1215	1192
mohammed+aa+220.749+alan+	1530	1596	1622	1658
mohammed+uu+226.666+hw+	616	617	635	653
mohammed+aa+232.679+Samt+	1158	1175	1171	1174
mohammed+aa+235.739+maDy+	1189	1143	1085	1047
mohammed+ii+236.031+maDy+	2332	2434	2407	2400
mohammed+aa+241.517+fTam+	1161	1114	1165	1193
mohammed+uu+244.178+skwt+	907	982	1135	1235
mohammed+aa+246.588+msa\9edh+	1535	1521	1523	1538
mohammed+aa+256.759+sTam+	1198	1177	1118	1108
mohammed+ii+259.353+mSyr+	2237	2264	2247	2180
mohammed+aa+262.251+bsaTh+	1420	1358	1292	1262
mohammed+aa+264.851+mlabs+	1585	1539	1495	1476
mohammed+aa+270.235+ktab+	1469	1440	1383	1360
mohammed+aa+273.075+naDj+	1362	1261	1176	1132
mohammed+ii+276.639+sdyd+	2276	2302	2340	2216
mohammed+ii+279.510+wsyTh+	2146	2147	2102	1998
mohammed+uu+282.344+aSwl+	786	859	973	1126
mohammed+ii+284.863+w\D-yfh+	2182	2214	2168	2080
mohammed+aa+293.008+mwaTn+	1316	1285	1218	1164
mohammed+aa+299.126+faSl+	1224	1241	1252	1223
mohammed+aa+302.099+naDj+	1389	1333	1236	1147
mohammed+aa+311.358+fTam+	1126	1091	1142	1160
mohammed+aa+317.563+n\D-afh+	1202	1220	1201	1180
mohammed+aa+320.204+alnaSrh+	1350	1326	1284	1380
mohammed+aa+328.989+sTam+	1367	1340	1303	1230
mohammed+uu+332.223+fDwl+	855	918	1083	1138
mohammed+aa+341.209+alfDa\?g+	1157	1134	1123	1125
mohammed+aa+347.962+ktab+	1498	1429	1382	1323
mohammed+ii+351.067+tlyfwn+	2116	2066	2007	1947
mohammed+uu+351.257+tlyfwn+	1409	1285	1159	1221
mohammed+ii+354.235+mSyr+	2400	2314	2113	1965
mohammed+ii+357.176+sdyd+	2445	2464	2432	2423
mohammed+aa+360.209+mlabs+	1542	1482	1427	1401
mohammed+aa+363.410+alan+	1531	1525	1571	1604
mohammed+aa+365.794+baS+	1175	1166	1173	1257
mohammed+aa+373.531+wasTh+	1264	1310	1396	1413
mohammed+aa+378.356+anfSal+	1136	1136	1153	1136
mohammed+ii+388.710+yTyr+	2259	2149	2105	2050
mohammed+uu+391.943+wDw\?g+	855	815	792	791
mohammed+aa+395.346+balTa\?grh+	1218	1268	1263	1286
mohammed+aa+398.268+tab+	1451	1413	1366	1330
mohammed+aa+399.952+tab+	1388	1348	1302	1279
mohammed+ii+402.833+qDyb+	2004	1781	1711	1601
mohammed+uu+408.362+zhwr+	800	799	832	855
mohammed+aa+411.056+bsaTh+	1336	1277	1224	1200
mohammed+aa+416.835+ant\D-am+	1298	1149	1098	1130
mohammed+aa+427.673+antSar+	1118	1098	1083	1067
mohammed+uu+430.933+skwt+	939	1022	1146	1161
mohammed+aa+433.588+rDa\?g+	1118	1083	1078	1077
mohammed+aa+436.114+tab\9e+	1484	1436	1411	1410
mohammed+uu+443.673+sTwr+	866	840	868	1040
mohammed+uu+446.034+hw+	764	717	694	713
mohammed+ii+449.896+n\D-yf+	2085	2304	2324	2232
mohammed+ii+455.143+mTyh+	2146	2112	2222	2361
mohammed+ii+457.572+jzyrh+	2348	2339	2291	2182
mohammed+uu+462.124+ftwr+	873	876	915	1064
mohammed+uu+464.533+\shrwT+	886	912	961	1036
mohammed+aa+466.882+mtwaSl+	1138	1191	1210	1222
mohammed+aa+471.865+Tbabh+	1363	1348	1307	1287
mohammed+aa+473.193+Tbabh+	1388	1359	1309	1293
mohammed+aa+481.371+mna\D-r+	1178	1117	1071	1055
mohammed+ii+484.147+nSyb+	2316	2320	2135	1967
mohammed+aa+486.303+Samt+	1158	1217	1206	1220
mohammed+uu+491.690+fTwr+	932	918	980	1163
mohammed+ii+494.526+hy+	2164	2157	2061	1932
mohammed+aa+504.273+mwa\D-bh+	1176	1255	1243	1212
mohammed+aa+506.995+Tab\9e+	1224	1229	1213	1210
mohammed+ii+511.950+fTyrh+	2275	2345	2338	2258
mohammed+aa+513.820+maDy+	1321	1224	1114	1066
mohammed+ii+514.098+maDy+	2259	2376	2476	2389
mohammed+ii+516.279+Sdyd+	2461	2504	2521	2384
mohammed+ii+518.860+mtwDy\?g+	1629	1643	1644	1648
mohammed+aa+520.790+maD+	1329	1240	1149	1118
mohammed+aa+523.950+maD+	1194	1108	1198	1246
mohammed+aa+526.562+awTan+	1400	1395	1396	1492
mohammed+uu+528.997+aSwl+	818	824	945	1096
mohammed+uu+533.648+zhwr+	813	799	802	794
mohammed+aa+535.683+mwaTn+	1407	1301	1192	1144
mohammed+aa+539.017+maD+	1268	1355	1295	1235
mohammed+aa+540.108+maD+	1077	999	993	1053
mohammed+aa+547.879+faSl+	1381	1311	1259	1234
mohammed+uu+552.561+sTwr+	909	893	909	1000
mohammed+ii+554.866+sdyd+	2460	2450	2398	2345
mohammed+aa+557.347+fTam+	1242	1122	1088	1085
mohammed+aa+561.433+alnaSrh+	1192	1135	1180	1377
mohammed+aa+564.132+anfSal+	1224	1254	1297	1333
mohammed+aa+566.261+baS+	1172	1182	1197	1197
mohammed+aa+568.664+rDa\?g+	1076	1054	1055	1053
mohammed+ii+571.022+hy+	2166	2198	2184	2089
mohammed+aa+573.167+sTam+	1271	1191	1117	1067
mohammed+aa+575.572+tab+	1410	1376	1332	1301
mohammed+ii+582.031+mTyh+	2453	2508	2584	2585
mohammed+aa+590.396+alfDa\?g+	1214	1200	1179	1167
mohammed+aa+599.382+Tbabh+	1358	1357	1324	1308
mohammed+aa+600.586+Tbabh+	1314	1313	1289	1266
mohammed+ii+609.807+w\D-yfh+	2530	2529	2372	2225
mohammed+aa+774.074+lam+	1487	1399	1378	1357
mohammed+ii+775.317+mym+	2379	2256	2131	1848
mohammed+uu+776.529+nwn+	916	988	1216	1464
naif1+uu+15.644+aSwl+	1608	1042	825	813
naif1+aa+19.667+mwaTn+	1016	1018	1015	1016
naif1+aa+21.401+awTan+	1142	1214	1277	1346
naif1+aa+24.473+maD+	1132	1087	1018	964
naif1+aa+31.452+alfDa\?g+	968	984	1004	1029
naif1+aa+34.440+baS+	1117	1085	1154	1435
naif1+aa+36.611+antSar+	1063	1063	1046	1028
naif1+aa+38.078+ratb+	1281	1317	1378	1395
naif1+uu+40.162+fTwr+	604	623	690	777
naif1+aa+41.591+wasTh+	1096	1108	1085	1196
naif1+aa+43.496+Tbabh+	1261	1244	1224	1195
naif1+aa+45.302+anfSal+	1140	1181	1208	1213
naif1+ii+47.222+hy+	2063	2070	2056	2007
naif1+aa+49.150+balTa\?grh+	1025	1078	1189	1343
naif1+uu+50.869+wDw\?g+	613	580	663	963
naif1+aa+52.505+tab+	1285	1275	1270	1260
naif1+ii+54.408+tlyfwn+	1984	1996	1994	1970
naif1+uu+54.585+tlyfwn+	912	1031	1176	1311
naif1+ii+56.314+qDyb+	1968	2009	1996	1936
naif1+ii+58.213+jzyrh+	1915	1951	1948	1904
naif1+aa+62.145+rDa\?g+	1080	1082	1094	1097
naif1+uu+64.048+zhwr+	1015	815	875	1113
naif1+aa+65.856+alnaSrh+	1267	1214	1187	1307
naif1+aa+67.873+n\D-afh+	1051	1068	1069	1329
naif1+aa+69.963+ant\D-am+	1070	1115	1144	1227
naif1+ii+71.925+w\D-yfh+	2002	2020	2018	1992
naif1+aa+77.720+mwa\D-bh+	1048	1017	966	1052
naif1+aa+79.597+tab\9e+	1323	1325	1322	1302
naif1+aa+81.573+mna\D-r+	1276	1207	1072	985
naif1+uu+88.454+sTwr+	751	792	926	1150
naif1+ii+90.159+wsyTh+	1883	1821	1703	1694
naif1+ii+92.073+n\D-yf+	1869	1923	1898	1881
naif1+ii+93.909+mTyh+	2061	2134	2176	2166
naif1+uu+98.078+\shrwT+	790	829	876	1043
naif1+aa+99.929+mtwaSl+	1081	1090	1094	1073
naif1+ii+101.795+nSyb+	1997	2025	2002	1946
naif1+uu+104.608+ftwr+	684	740	798	939
naif1+uu+106.417+fDwl+	680	717	853	1022
naif1+ii+111.923+yTyr+	1980	2002	1991	1950
naif1+aa+119.890+Tab\9e+	1050	1096	1124	1104
naif1+aa+123.135+faSl+	1130	1110	1082	1261
naif1+aa+124.835+alan+	1431	1433	1464	1495
naif1+ii+126.451+fTyrh+	2020	2030	1989	1869
naif1+uu+128.062+hw+	637	572	592	676
naif1+aa+132.928+maDy+	1178	1125	1019	999
naif1+ii+133.238+maDy+	1912	2007	2065	2085
naif1+ii+135.129+mtwDy\?g+	1563	1638	1697	1758
naif1+aa+136.898+fTam+	1080	1127	1160	1186
naif1+uu+139.948+skwt+	755	801	873	1025
naif1+aa+147.010+sTam+	1048	1103	1157	1222
naif1+ii+148.942+mSyr+	2112	2135	2103	2013
naif1+aa+150.697+bsaTh+	1102	1105	1070	1029
naif1+aa+152.328+mlabs+	1394	1393	1360	1339
naif1+ii+154.344+Sdyd+	2084	2123	2107	2054
naif1+aa+157.468+ktab+	1433	1399	1373	1355
naif1+aa+158.938+naDj+	1287	1240	1145	1076
naif1+ii+160.759+sdyd+	2112	2132	2098	1965
naif1+ii+164.413+wsyTh+	1970	1942	1838	1731
naif1+uu+166.490+aSwl+	850	892	857	839
naif1+ii+168.372+w\D-yfh+	2052	2039	1989	1930
naif1+aa+173.103+mwaTn+	1105	1091	1055	1010
naif1+aa+175.648+faSl+	1079	1064	1169	1391
naif1+aa+177.205+naDj+	1223	1190	1147	1157
naif1+aa+181.962+fTam+	1078	1112	1144	1219
naif1+aa+185.348+n\D-afh+	1079	1082	1149	1370
naif1+aa+187.111+alnaSrh+	1227	1176	1138	1222
naif1+aa+190.769+sTam+	1102	1119	1125	1132
naif1+uu+192.240+fDwl+	725	764	823	936
naif1+aa+197.016+alfDa\?g+	978	1004	1056	1083
naif1+aa+200.450+ktab+	1349	1323	1307	1311
naif1+ii+202.258+tlyfwn+	1625	1556	1466	1445
naif1+uu+202.439+tlyfwn+	830	861	953	1063
naif1+ii+204.165+mSyr+	1991	1985	1922	1954
naif1+ii+205.872+sdyd+	2105	2097	2056	1994
naif1+aa+207.661+mlabs+	1383	1393	1372	1356
naif1+aa+209.371+alan+	1405	1416	1449	1443
naif1+aa+210.856+baS+	1159	1168	1180	1447
naif1+aa+212.608+ratb+	1212	1269	1328	1306
naif1+aa+214.239+wasTh+	1129	1127	1126	1283
naif1+aa+216.334+anfSal+	1144	1145	1187	1228
naif1+ii+221.796+yTyr+	2020	2044	2035	1992
naif1+uu+223.555+wDw\?g+	749	682	667	701
naif1+aa+225.450+balTa\?grh+	1159	1189	1262	1370
naif1+aa+227.372+tab+	1360	1358	1332	1305
naif1+ii+229.359+qDyb+	2002	2033	2004	2013
naif1+uu+232.715+zhwr+	667	704	773	896
naif1+aa+234.366+bsaTh+	1142	1123	1072	1024
naif1+aa+237.602+ant\D-am+	1149	1156	1195	1271
naif1+aa+244.170+antSar+	1105	1104	1094	1224
naif1+uu+245.929+skwt+	644	700	818	991
naif1+aa+247.733+rDa\?g+	1115	1117	1117	1121
naif1+aa+249.260+tab\9e+	1332	1334	1310	1311
naif1+uu+257.575+sTwr+	832	844	879	1098
naif1+uu+259.139+hw+	766	739	709	754
naif1+ii+260.691+n\D-yf+	1924	1967	1969	1945
naif1+ii+264.083+mTyh+	1929	2026	2089	2126
naif1+ii+265.839+jzyrh+	1915	1923	1847	1704
naif1+uu+269.794+ftwr+	777	759	761	772
naif1+uu+271.422+\shrwT+	657	624	614	685
naif1+aa+273.251+mtwaSl+	1067	1077	1055	1188
naif1+aa+275.056+Tbabh+	1214	1216	1200	1170
naif1+aa+276.872+mna\D-r+	1216	1178	1106	1063
naif1+ii+278.632+nSyb+	2046	2053	2025	1962
naif1+aa+280.014+Samt+	1141	1144	1167	1255
naif1+uu+283.803+fTwr+	719	779	816	906
naif1+ii+285.283+hy+	2030	2031	2002	1936
naif1+aa+289.112+mwa\D-bh+	1132	1126	1074	1036
naif1+ii+294.105+fTyrh+	1932	1964	1942	1839
naif1+aa+295.592+maDy+	1181	1137	1051	1047
naif1+ii+295.903+maDy+	1932	1984	2024	2023
naif1+ii+297.314+Sdyd+	1989	2015	2019	2015
naif1+ii+299.231+mtwDy\?g+	1782	1846	1899	1928
naif1+aa+300.641+maD+	1154	1127	1070	1019
naif1+aa+302.417+awTan+	1171	1185	1243	1323
naif1+uu+307.713+aSwl+	659	631	645	724
naif1+uu+310.583+zhwr+	827	809	793	799
naif1+aa+311.738+mwaTn+	1063	1058	1049	1010
naif1+aa+312.935+maD+	1171	1154	1086	1045
naif1+ii+316.739+mtwDy\?g+	1734	1829	1883	1966
naif1+aa+317.944+faSl+	1093	1090	1074	1197
naif1+uu+320.948+sTwr+	839	800	818	956
naif1+ii+322.677+sdyd+	2124	2141	2118	2096
naif1+aa+325.223+fTam+	1041	1076	1106	1157
naif1+aa+326.921+alnaSrh+	1181	1161	1133	1212
naif1+aa+328.818+anfSal+	1106	1140	1184	1188
naif1+aa+330.075+baS+	1119	1085	1078	1358
naif1+aa+331.598+rDa\?g+	1006	1034	1060	1074
naif1+ii+333.051+hy+	1974	1988	1960	1948
naif1+aa+334.534+sTam+	1085	1107	1129	1106
naif1+aa+335.740+tab+	1333	1329	1306	1270
naif1+ii+340.235+mTyh+	2032	2106	2111	2051
naif1+aa+345.128+alfDa\?g+	1042	1041	1057	1044
naif1+aa+348.256+Tbabh+	1202	1221	1203	1211
naif1+aa+351.991+naDj+	1164	1146	1092	1035
naif1+aa+353.448+HaDr+	1152	1093	1019	945
naif1+ii+354.921+w\D-yfh+	1978	2005	1995	1941
naif1+aa+356.566+awTan+	1049	1110	1211	1290
naif1+uu+358.722+fTwr+	717	679	679	701
naif1+aa+360.285+alan+	1373	1412	1449	1489
naif1+aa+363.417+ratb+	1174	1208	1289	1373
naif1+aa+364.879+Tab\9e+	1085	1101	1118	1141
naif1+aa+366.350+wasTh+	1124	1124	1134	1290
naif1+uu+367.869+wDwh+	745	724	710	715
naif1+ii+370.936+yTyr+	1998	2011	1972	1906
naif1+aa+373.226+balTa\?grh+	1139	1183	1276	1404
naif1+aa+374.593+Samt+	1130	1149	1159	1220
naif1+uu+376.146+hw+	707	705	732	790
naif1+aa+377.563+bsaTh+	1076	1059	1004	1117
naif1+ii+380.062+qDyb+	1863	1950	1988	2003
naif1+aa+381.297+n\D-afh+	1005	1017	1039	1041
naif1+aa+382.686+ant\D-am+	1045	1086	1155	1209
naif1+ii+383.977+jzyrh+	1904	1916	1894	1826
naif1+ii+387.984+n\D-yf+	1907	1956	1974	1934
naif1+uu+389.375+fDwl+	763	785	891	1020
naif1+uu+390.971+skwt+	839	824	797	800
naif1+aa+392.341+mna\D-r+	1202	1139	1043	1006
naif1+aa+396.938+mwa\D-bh+	1090	1033	976	944
naif1+aa+398.777+antSar+	1076	1058	1031	1066
naif1+ii+400.086+mSyr+	2026	2048	2048	2006
naif1+aa+401.400+tab\9e+	1304	1294	1282	1286
naif1+ii+404.727+fTyrh+	1793	1816	1795	1719
naif1+aa+409.119+mlabs+	1343	1344	1328	1326
naif1+ii+410.670+Sdyd+	2005	2022	1933	1842
naif1+aa+413.390+mtwaSl+	975	989	1020	1329
naif1+aa+414.987+ktab+	1312	1319	1312	1303
naif1+ii+418.569+nSyb+	1897	1915	1896	1896
naif1+aa+419.950+maDy+	1200	1134	1047	992
naif1+ii+420.222+maDy+	1946	2056	2155	2216
naif1+ii+422.805+wsyTh+	1881	1889	1844	1725
naif1+uu+425.756+\shrwT+	896	858	809	754
naif1+ii+427.077+tlyfwn+	1721	1666	1590	1550
naif1+uu+427.236+tlyfwn+	869	882	920	995
naif1+uu+432.225+ftwr+	760	757	765	778
naif1+aa+450.155+ba\?g+	1334	1338	1334	1332
naif1+aa+451.327+ta\?g+	1371	1361	1356	1362
naif1+ii+453.933+jym+	2079	2105	2041	1817
naif1+aa+457.731+dal+	1394	1384	1401	1423
naif1+aa+459.047+\dhal+	1393	1373	1362	1366
naif1+ii+463.333+syn+	2231	2256	2230	2152
naif1+ii+464.742+\shyn+	2264	2138	2028	1831
naif1+aa+465.999+Sad+	1045	1109	1220	1273
naif1+aa+467.611+Dad+	975	985	1021	1080
naif1+aa+469.032+Ta\?g+	1014	1050	1093	1205
naif1+aa+470.995+\D-a\?g+	1033	1061	1089	1111
naif1+aa+475.050+fa\?g+	1330	1335	1334	1326
naif1+aa+479.109+lam+	1392	1363	1325	1353
naif1+ii+480.375+mym+	2280	2117	1716	1510
naif1+uu+481.562+nwn+	848	851	928	1014
naif1+aa+482.727+ha\?g+	1317	1320	1315	1335
naif2+uu+12.270+aSwl+	872	896	991	1047
naif2+aa+15.138+mwaTn+	1120	1119	1089	1049
naif2+aa+16.601+awTan+	1098	1146	1206	1296
naif2+aa+19.301+maD+	1191	1156	1096	1052
naif2+aa+24.977+alfDa\?g+	1028	1051	1069	1049
naif2+aa+27.378+baS+	1164	1124	1110	1235
naif2+aa+29.135+antSar+	1115	1114	1101	1167
naif2+aa+30.428+ratb+	1167	1211	1307	1352
naif2+uu+32.365+fTwr+	1654	1099	789	979
naif2+aa+33.777+wasTh+	1141	1138	1113	1256
naif2+aa+35.520+Tbabh+	1211	1232	1231	1225
naif2+aa+37.304+anfSal+	1144	1182	1220	1260
naif2+ii+38.840+hy+	2111	2103	2038	1931
naif2+aa+40.402+balTa\?grh+	1095	1113	1145	1208
naif2+uu+41.755+wDw\?g+	1343	891	859	861
naif2+aa+43.111+tab+	1363	1356	1328	1223
naif2+ii+44.717+tlyfwn+	1831	1767	1683	1622
naif2+uu+44.909+tlyfwn+	756	857	996	1121
naif2+ii+46.338+qDyb+	1997	2032	2030	2032
naif2+ii+48.032+jzyrh+	1950	1993	1948	1832
naif2+aa+51.001+rDa\?g+	1059	1054	1056	1054
naif2+uu+52.481+zhwr+	859	827	828	945
naif2+aa+53.890+alnaSrh+	1252	1205	1166	1301
naif2+aa+55.428+n\D-afh+	1072	1074	1084	1090
naif2+aa+57.047+ant\D-am+	1074	1114	1158	1231
naif2+ii+58.394+w\D-yfh+	1843	1928	1959	1913
naif2+aa+64.335+mwa\D-bh+	1102	1065	995	936
naif2+aa+65.751+tab\9e+	1373	1373	1347	1291
naif2+aa+68.185+mna\D-r+	1243	1197	1113	1058
naif2+uu+73.783+sTwr+	636	689	781	877
naif2+ii+75.563+wsyTh+	1771	1748	1676	1658
naif2+ii+77.328+n\D-yf+	1888	1956	1977	1934
naif2+ii+78.893+mTyh+	2134	2201	2141	1971
naif2+uu+82.461+\shrwT+	783	755	805	961
naif2+aa+84.025+mtwaSl+	1091	1068	1046	1331
naif2+ii+85.806+nSyb+	2022	2045	1984	1987
naif2+uu+88.538+ftwr+	781	798	818	835
naif2+uu+90.087+fDwl+	1272	1162	1110	970
naif2+ii+95.367+yTyr+	1894	1952	1957	1896
naif2+aa+102.713+Tab\9e+	1053	1084	1096	1137
naif2+aa+105.212+faSl+	1156	1125	1080	1152
naif2+aa+107.423+alan+	1444	1468	1483	1496
naif2+ii+108.864+fTyrh+	1895	1920	1875	1775
naif2+uu+110.188+hw+	644	677	764	848
naif2+aa+112.758+Samt+	1035	1058	1114	1228
naif2+aa+114.219+maDy+	1207	1146	1083	1031
naif2+ii+114.541+maDy+	1933	2034	2111	2197
naif2+ii+116.272+mtwDy\?g+	1373	1422	1466	1504
naif2+aa+117.894+fTam+	1060	1111	1139	1176
naif2+uu+119.357+skwt+	812	847	955	1106
naif2+aa+125.548+sTam+	1070	1090	1125	1149
naif2+ii+127.001+mSyr+	1980	2005	2006	1969
naif2+aa+128.591+bsaTh+	1137	1121	1086	1026
naif2+aa+130.092+mlabs+	1395	1384	1375	1335
naif2+ii+132.082+Sdyd+	2034	2043	2030	2054
naif2+aa+133.670+ktab+	1398	1394	1379	1345
naif2+aa+135.456+naDj+	1166	1110	1075	1048
naif2+ii+137.291+sdyd+	2042	2042	2036	2031
naif2+ii+138.897+wsyTh+	1800	1830	1802	1719
naif2+uu+140.550+aSwl+	853	855	951	1050
naif2+ii+142.067+w\D-yfh+	1921	1957	1983	1971
naif2+aa+146.487+mwaTn+	1075	1088	1081	1060
naif2+aa+148.939+faSl+	1119	1108	1081	1105
naif2+aa+150.190+naDj+	1210	1185	1127	1091
naif2+aa+154.256+fTam+	1090	1133	1183	1264
naif2+aa+157.024+n\D-afh+	1116	1134	1128	1215
naif2+aa+158.473+alnaSrh+	1232	1211	1178	1263
naif2+aa+161.660+sTam+	1066	1087	1110	1138
naif2+uu+163.196+fDwl+	603	687	776	935
naif2+aa+168.173+alfDa\?g+	1119	1140	1162	1143
naif2+aa+170.924+ktab+	1422	1402	1363	1313
naif2+ii+172.347+tlyfwn+	1799	1716	1635	1599
naif2+uu+172.533+tlyfwn+	746	770	841	942
naif2+ii+173.858+mSyr+	1968	2036	2011	1927
naif2+ii+175.325+sdyd+	2051	2058	2023	1967
naif2+aa+176.571+mlabs+	1387	1404	1402	1400
naif2+aa+178.047+alan+	1406	1426	1454	1481
naif2+aa+179.273+baS+	1121	1104	1093	1095
naif2+aa+180.529+ratb+	1166	1205	1264	1273
naif2+aa+181.747+wasTh+	1083	1092	1079	1138
naif2+aa+183.315+anfSal+	1079	1128	1174	1185
naif2+ii+187.290+yTyr+	2023	2062	2072	2025
naif2+uu+188.707+wDw\?g+	761	676	680	731
naif2+aa+190.328+balTa\?grh+	1103	1130	1209	1324
naif2+aa+191.677+tab+	1373	1367	1366	1324
naif2+ii+193.476+qDyb+	1867	1934	1962	1916
naif2+uu+196.008+zhwr+	1059	825	794	829
naif2+aa+197.269+bsaTh+	1095	1079	1048	981
naif2+aa+200.210+ant\D-am+	1073	1086	1112	1143
naif2+aa+205.763+antSar+	1102	1100	1098	1161
naif2+uu+207.185+skwt+	715	717	818	1049
naif2+aa+208.542+rDa\?g+	1039	1059	1087	1096
naif2+aa+209.695+tab\9e+	1296	1300	1294	1286
naif2+uu+215.669+sTwr+	796	831	886	1053
naif2+uu+216.872+hw+	752	821	906	984
naif2+ii+217.926+n\D-yf+	1919	1970	1978	1934
naif2+ii+220.352+mTyh+	2023	2068	2056	1950
naif2+ii+221.741+jzyrh+	1909	1862	1765	1617
naif2+uu+224.792+ftwr+	800	840	892	966
naif2+uu+226.201+\shrwT+	712	784	843	917
naif2+aa+227.549+mtwaSl+	1056	1037	1021	1237
naif2+aa+229.095+Tbabh+	1220	1219	1214	1215
naif2+aa+230.547+mna\D-r+	1196	1156	1072	1031
naif2+ii+232.028+nSyb+	2036	2072	2033	2027
naif2+aa+233.452+Samt+	1010	1059	1130	1267
naif2+uu+237.454+fTwr+	1218	1170	1031	1024
naif2+ii+238.560+hy+	2086	2066	1980	1862
naif2+aa+241.305+mwa\D-bh+	1087	1060	1006	963
naif2+aa+242.666+Tab\9e+	1055	1092	1082	1057
naif2+ii+245.496+fTyrh+	1822	1837	1791	1689
naif2+aa+246.859+maDy+	1161	1105	1044	1066
naif2+ii+247.166+maDy+	2011	2083	2139	2197
naif2+ii+248.301+Sdyd+	2060	2080	2035	2011
naif2+ii+249.945+mtwDy\?g+	1515	1603	1662	1671
naif2+aa+251.235+maD+	1129	1085	1037	1001
naif2+aa+252.966+awTan+	1101	1129	1191	1251
naif2+uu+254.497+aSwl+	640	720	870	995
naif2+uu+257.541+zhwr+	797	782	814	846
naif2+aa+258.941+mwaTn+	1045	1028	1003	970
naif2+aa+260.335+maD+	1184	1138	1094	1037
naif2+ii+263.751+mtwDy\?g+	1367	1437	1517	1581
naif2+aa+264.922+faSl+	1115	1081	1061	1317
naif2+uu+267.896+sTwr+	784	806	853	991
naif2+ii+269.278+sdyd+	2075	2079	2049	2046
naif2+aa+270.836+fTam+	1058	1106	1154	1194
naif2+aa+272.857+alnaSrh+	1183	1125	1048	1176
naif2+aa+274.555+anfSal+	1112	1171	1224	1261
naif2+aa+275.562+baS+	1195	1158	1136	1126
naif2+aa+277.039+rDa\?g+	1141	1161	1160	1110
naif2+ii+278.558+hy+	2160	2120	2022	1910
naif2+aa+280.015+sTam+	1132	1140	1154	1176
naif2+aa+281.283+tab+	1405	1396	1361	1325
naif2+ii+285.488+mTyh+	2139	2189	2127	1989
naif2+aa+289.629+alfDa\?g+	1053	1083	1096	1083
naif2+aa+292.592+Tbabh+	1315	1309	1270	1222
naif2+aa+295.247+naDj+	1281	1210	1107	1045
naif2+ii+297.804+w\D-yfh+	1967	1984	1963	1928
naif2+aa+299.402+awTan+	1099	1135	1204	1284
naif2+uu+301.212+fTwr+	827	860	912	1088
naif2+aa+302.454+alan+	1411	1433	1448	1480
naif2+aa+304.911+ratb+	1159	1217	1285	1334
naif2+aa+306.302+Tab\9e+	1074	1073	1089	1069
naif2+aa+307.695+wasTh+	1101	1114	1219	1276
naif2+uu+309.252+wDwh+	668	644	729	828
naif2+ii+311.803+yTyr+	1946	1956	1910	1868
naif2+aa+313.009+balTa\?grh+	1057	1087	1159	1282
naif2+aa+314.356+Samt+	1068	1102	1139	1211
naif2+uu+315.435+hw+	614	614	691	783
naif2+aa+316.618+bsaTh+	1126	1111	1075	1053
naif2+ii+319.039+qDyb+	1940	2012	2047	1978
naif2+aa+320.181+n\D-afh+	1107	1124	1125	1166
naif2+aa+321.850+ant\D-am+	1104	1123	1153	1182
naif2+ii+323.136+jzyrh+	1921	1921	1863	1743
naif2+ii+327.026+n\D-yf+	1859	1920	1984	1973
naif2+uu+328.381+fDwl+	1135	1011	904	847
naif2+uu+330.035+skwt+	665	679	718	741
naif2+aa+331.194+mna\D-r+	1217	1151	1089	1059
naif2+aa+334.180+mwa\D-bh+	1071	1045	1000	967
naif2+aa+336.028+antSar+	1117	1125	1133	1236
naif2+ii+337.460+mSyr+	1921	1939	1898	1853
naif2+aa+338.604+tab\9e+	1420	1417	1398	1359
naif2+ii+341.168+fTyrh+	1726	1759	1727	1645
naif2+aa+345.242+mlabs+	1393	1392	1378	1328
naif2+ii+346.718+Sdyd+	1977	2052	2071	2061
naif2+aa+348.087+mtwaSl+	1093	1087	1060	1019
naif2+aa+350.205+ktab+	1390	1373	1360	1316
naif2+ii+353.397+nSyb+	1901	1968	1992	2023
naif2+aa+354.651+maDy+	1158	1125	1070	1015
naif2+ii+354.937+maDy+	1860	1952	2042	1984
naif2+ii+357.202+wsyTh+	1953	1986	1932	1800
naif2+uu+359.812+\shrwT+	758	791	840	993
naif2+ii+361.088+tlyfwn+	1798	1720	1625	1589
naif2+uu+361.261+tlyfwn+	899	934	1020	1115
naif2+uu+364.368+ftwr+	890	859	863	955
naif2+aa+375.662+ba\?g+	1385	1390	1367	1348
naif2+aa+376.786+ta\?g+	1493	1477	1466	1444
naif2+ii+379.111+jym+	2108	2139	1980	1806
naif2+aa+382.551+dal+	1390	1383	1408	1429
naif2+aa+383.758+\dhal+	1450	1427	1428	1438
naif2+ii+387.454+syn+	1875	1547	1512	1390
naif2+ii+388.794+\shyn+	2300	2202	1925	1761
naif2+aa+389.959+Sad+	1038	1104	1191	1236
naif2+aa+391.331+Dad+	1026	1073	1146	1189
naif2+aa+392.616+Ta\?g+	1027	1022	1037	1113
naif2+aa+393.974+\D-a\?g+	1048	1043	1069	1076
naif2+aa+397.679+fa\?g+	1371	1377	1374	1365
naif2+aa+401.739+lam+	1446	1426	1393	1376
naif2+ii+402.951+mym+	2266	2124	1863	1690
naif2+uu+404.227+nwn+	1189	1188	1198	1253
naif2+aa+405.461+ha\?g+	1344	1350	1346	1332
saud+uu+3.284+aSwl+	880	864	903	998
saud+aa+6.801+mwaTn+	1087	1114	1125	1129
saud+aa+8.686+awTan+	1144	1199	1272	1358
saud+aa+12.070+maD+	1156	1135	1096	1239
saud+aa+20.528+alfDa\?g+	1104	1102	1094	1093
saud+aa+24.672+baS+	1151	1158	1180	1280
saud+aa+27.065+antSar+	1130	1142	1142	1144
saud+aa+28.751+ratb+	1158	1249	1365	1383
saud+uu+30.553+fTwr+	910	936	979	1151
saud+aa+36.297+Tbabh+	1273	1267	1258	1247
saud+aa+38.443+anfSal+	1224	1354	1466	1522
saud+ii+39.799+hy+	2414	2420	2417	2421
saud+aa+42.479+balTa\?grh+	1108	1140	1199	1281
saud+uu+44.085+wDw\?g+	788	783	770	784
saud+aa+45.921+tab+	1480	1432	1378	1360
saud+ii+48.657+tlyfwn+	1965	1909	1808	1736
saud+uu+48.823+tlyfwn+	1062	1085	1077	1097
saud+ii+50.697+qDyb+	2127	2091	1989	1969
saud+ii+52.715+jzyrh+	2044	1868	1684	1535
saud+aa+55.479+rDa\?g+	1146	1151	1156	1150
saud+uu+56.967+zhwr+	917	967	1046	1209
saud+aa+58.503+alnaSrh+	1240	1237	1216	1398
saud+aa+60.314+n\D-afh+	1126	1123	1109	1177
saud+aa+62.324+ant\D-am+	1128	1100	1291	1524
saud+ii+63.975+w\D-yfh+	2010	2042	1997	1945
saud+aa+69.891+mwa\D-bh+	1101	1109	1106	1105
saud+aa+71.958+tab\9e+	1390	1356	1313	1295
saud+aa+74.207+mna\D-r+	1330	1264	1209	1175
saud+uu+80.749+sTwr+	916	959	1048	1292
saud+ii+82.952+wsyTh+	1846	1688	1539	1465
saud+ii+84.870+n\D-yf+	2122	2073	1968	1873
saud+ii+86.961+mTyh+	2467	2480	2455	2340
saud+uu+91.203+\shrwT+	954	991	1025	1061
saud+aa+93.354+mtwaSl+	1132	1149	1160	1174
saud+ii+95.797+nSyb+	2242	2182	2043	1918
saud+uu+98.230+ftwr+	1060	1058	1178	1366
saud+uu+100.226+fDwl+	1017	1134	1265	1356
saud+ii+106.301+yTyr+	2145	2058	1950	1871
saud+aa+116.709+Tab\9e+	1146	1179	1203	1217
saud+aa+120.853+faSl+	1135	1157	1185	1238
saud+aa+123.536+alan+	1473	1526	1585	1617
saud+ii+125.081+fTyrh+	2112	2078	1958	1806
saud+uu+126.672+hw+	692	683	678	709
saud+aa+130.088+Samt+	1140	1166	1173	1199
saud+aa+132.003+maDy+	1182	1165	1134	1114
saud+ii+132.235+maDy+	1981	2054	2106	2120
saud+ii+134.303+mtwDy\?g+	1898	1954	1991	2016
saud+aa+135.951+fTam+	1168	1143	1293	1439
saud+uu+137.781+skwt+	1023	1192	1346	1437
saud+ii+149.379+mSyr+	2124	2123	2081	2011
saud+aa+151.465+bsaTh+	1251	1224	1199	1204
saud+aa+153.329+mlabs+	1471	1426	1388	1355
saud+aa+156.907+ktab+	1487	1416	1354	1319
saud+aa+158.601+naDj+	1325	1249	1190	1154
saud+ii+172.656+wsyTh+	2249	2272	2246	2178
saud+uu+174.664+aSwl+	926	1071	1271	1422
saud+ii+176.382+w\D-yfh+	2214	2223	2188	2065
saud+aa+181.965+mwaTn+	1197	1202	1187	1176
saud+aa+185.441+faSl+	1139	1146	1166	1183
saud+aa+187.137+naDj+	1219	1194	1159	1135
saud+aa+193.268+fTam+	1199	1179	1163	1460
saud+aa+197.419+n\D-afh+	1171	1174	1158	1162
saud+aa+200.411+alnaSrh+	1308	1282	1279	1277
saud+ii+202.465+syf+	2169	2140	2064	1989
saud+aa+204.539+sTam+	1205	1198	1181	1207
saud+uu+206.379+fDwl+	861	924	1028	1182
saud+aa+212.313+alfDa\?g+	1128	1144	1151	1152
saud+aa+216.348+ktab+	1485	1426	1369	1342
saud+ii+218.377+tlyfwn+	2017	1944	1851	1795
saud+uu+218.550+tlyfwn+	1020	1058	1165	1289
saud+ii+221.139+mSyr+	2194	2226	2207	2129
saud+ii+223.322+sdyd+	2403	2429	2428	2412
saud+aa+225.104+mlabs+	1411	1369	1326	1271
saud+aa+226.974+alan+	1217	1290	1408	1499
saud+aa+228.709+baS+	1134	1130	1135	1142
saud+aa+230.397+ratb+	1119	1122	1159	1235
saud+aa+234.742+anfSal+	1139	1152	1196	1272
saud+ii+240.569+yTyr+	2349	2322	2241	2140
saud+uu+242.806+wDw\?g+	801	780	750	726
saud+aa+245.141+balTa\?grh+	1116	1132	1159	1241
saud+aa+247.147+tab+	1518	1491	1465	1442
saud+ii+249.020+qDyb+	2214	2234	2194	2093
saud+uu+252.615+zhwr+	796	787	786	805
saud+aa+254.398+bsaTh+	1259	1222	1199	1193
saud+aa+258.484+ant\D-am+	1145	1140	1138	1136
saud+aa+265.799+antSar+	1177	1187	1188	1189
saud+uu+267.541+skwt+	867	997	1185	1286
saud+aa+269.382+rDa\?g+	1112	1119	1115	1110
saud+aa+271.132+tab\9e+	1216	1226	1240	1224
saud+aa+272.919+msa\9edh+	1422	1398	1409	1439
saud+uu+276.609+sTwr+	879	881	912	965
saud+uu+278.302+hw+	731	726	706	689
saud+ii+280.060+n\D-yf+	2003	2049	2035	1946
saud+ii+283.712+mTyh+	2532	2537	2491	2363
saud+ii+285.502+jzyrh+	2276	2289	2239	2109
saud+uu+289.530+ftwr+	1041	1036	1060	1123
saud+uu+291.485+\shrwT+	946	897	868	886
saud+aa+293.443+mtwaSl+	1136	1148	1146	1255
saud+aa+295.402+Tbabh+	1342	1337	1321	1290
saud+aa+297.246+mna\D-r+	1290	1236	1194	1159
saud+ii+299.069+nSyb+	2101	2135	2115	2019
saud+aa+300.852+Samt+	1168	1176	1217	1263
saud+uu+304.428+fTwr+	603	693	813	1022
saud+ii+306.026+hy+	2563	2568	2559	2548
saud+aa+310.764+mwa\D-bh+	1104	1123	1122	1091
saud+aa+312.430+Tab\9e+	1144	1162	1198	1224
saud+ii+316.072+fTyrh+	2338	2397	2380	2275
saud+aa+317.701+maDy+	1156	1141	1131	1219
saud+ii+317.988+maDy+	2062	2111	2153	2163
saud+ii+319.472+Sdyd+	2419	2389	2288	2232
saud+ii+321.591+mtwDy\?g+	2073	2187	2278	2354
saud+aa+322.897+maD+	1173	1166	1123	1097
saud+uu+324.679+awTan+	739	832	927	1036
saud+aa+324.898+awTan+	1146	1171	1230	1323
saud+uu+329.996+aSwl+	852	955	1181	1629
saud+uu+330.255+aSwl+	898	870	889	994
saud+uu+333.494+zhwr+	648	709	794	875
saud+aa+335.353+mwaTn+	1176	1178	1174	1136
saud+aa+337.306+maD+	1181	1181	1164	1139
saud+ii+341.331+mtwDy\?g+	1836	1872	1910	1942
saud+aa+342.897+faSl+	1117	1128	1145	1305
saud+uu+346.313+sTwr+	933	941	970	1011
saud+ii+347.995+sdyd+	2195	2163	2102	2085
saud+aa+349.711+fTam+	1291	1270	1249	1217
saud+aa+351.425+alnaSrh+	1318	1288	1278	1255
saud+aa+353.406+anfSal+	1190	1200	1206	1222
saud+aa+355.021+baS+	1192	1191	1197	1204
saud+aa+356.693+rDa\?g+	1156	1153	1148	1144
saud+ii+358.126+hy+	2292	2345	2374	2400
saud+aa+359.592+sTam+	1218	1214	1198	1181
saud+aa+361.285+tab+	1243	1212	1191	1178
saud+ii+366.122+mTyh+	2398	2432	2399	2266
saud+aa+371.179+alfDa\?g+	1145	1149	1149	1148
saud+aa+374.483+Tbabh+	1303	1303	1279	1261
saud+ii+376.201+syf+	2157	2192	2199	2182
saud+aa+377.844+naDj+	1201	1187	1176	1156
saud+ii+380.884+w\D-yfh+	1954	1987	1938	1892
saud+aa+382.639+awTan+	1086	1108	1121	1143
saud+uu+384.167+fTwr+	1039	1041	1039	1077
saud+aa+385.554+alan+	1155	1133	1144	1209
saud+aa+388.596+ratb+	1199	1311	1445	1530
saud+aa+390.048+Tab\9e+	1108	1139	1184	1228
saud+aa+391.559+wasTh+	1111	1144	1169	1201
saud+uu+393.158+wDwh+	776	775	776	782
saud+ii+396.153+yTyr+	2049	2097	2101	2060
saud+aa+397.900+balTa\?grh+	1164	1177	1234	1345
saud+aa+399.426+Samt+	1218	1230	1260	1284
saud+uu+401.024+hw+	696	675	668	672
saud+aa+402.227+bsaTh+	1253	1243	1222	1215
saud+ii+404.732+qDyb+	2229	2242	2218	2138
saud+aa+406.115+n\D-afh+	1162	1153	1124	1090
saud+aa+407.899+ant\D-am+	1192	1191	1185	1227
saud+ii+409.413+jzyrh+	2227	2239	2217	2123
saud+ii+413.741+n\D-yf+	2188	2167	2068	1986
saud+uu+415.108+fDwl+	1027	1004	1037	1187
saud+uu+415.275+fDwl+	880	874	897	946
saud+uu+416.805+skwt+	906	930	988	1106
saud+aa+418.149+mna\D-r+	1264	1201	1168	1118
saud+aa+421.073+mwa\D-bh+	1102	1114	1115	1078
saud+aa+422.843+antSar+	1200	1201	1203	1204
saud+ii+424.274+mSyr+	1976	2012	1999	1945
saud+aa+425.675+tab\9e+	1161	1155	1164	1174
saud+ii+428.552+fTyrh+	2023	2062	2034	1927
saud+aa+430.067+msa\9edh+	1334	1323	1331	1355
saud+aa+433.066+mlabs+	1353	1309	1270	1194
saud+ii+434.708+Sdyd+	2193	2248	2229	2178
saud+aa+436.095+mtwaSl+	1060	1077	1102	1113
saud+aa+437.534+ktab+	1300	1247	1217	1195
saud+ii+440.457+nSyb+	2150	2219	2209	2154
saud+aa+441.770+maDy+	1183	1179	1150	1074
saud+ii+442.059+maDy+	1940	1994	2021	2031
saud+ii+443.504+wsTy+	2026	2176	2280	2157
saud+ii+444.759+wsyTh+	2368	2487	2511	2401
saud+uu+447.922+\shrwT+	853	903	959	1085
saud+ii+450.810+tlyfwn+	2155	2120	2034	1984
saud+uu+450.977+tlyfwn+	909	988	1030	1031
saud+uu+454.038+ftwr+	1087	1060	1019	1014
saud+aa+468.312+ba\?g+	1475	1457	1438	1423
saud+aa+469.649+ta\?g+	1546	1510	1479	1462
saud+aa+471.006+\tfa\?g+	1615	1569	1528	1502
saud+ii+472.529+jym+	2484	2444	2320	2103
saud+aa+476.263+dal+	1836	1809	1795	1745
saud+ii+481.637+syn+	2617	2572	2372	2216
saud+aa+484.139+Sad+	957	973	1009	1138
saud+aa+485.422+Dad+	872	913	996	1118
saud+aa+486.832+Ta\?g+	914	925	951	1014
saud+aa+488.233+\D-a\?g+	969	991	1008	1096
saud+aa+492.514+fa\?g+	1433	1405	1376	1358
saud+aa+496.659+lam+	1849	1807	1690	1619
saud+ii+498.064+mym+	2672	2699	2655	2442
saud+uu+499.570+nwn+	1922	1757	1471	1612
saud+aa+501.003+ha\?g+	1683	1656	1623	1610
