abu+aa+44.103+awTan+	2619	2572	2547
abu+aa+48.498+alan+	2516	2598	2641
abu+aa+53.453+alnaSrh+	2453	2803	2769
abu+aa+57.170+n\D-afh+	2385	2394	2400
abu+uu+59.064+zhwr+	2462	2367	2384
abu+aa+62.760+anfSal+	2320	2338	2338
abu+aa+64.464+ant\D-am+	2431	2506	2624
abu+uu+65.957+fDwl+	2524	2548	2563
abu+aa+67.624+msa\9edh+	2477	2596	2408
abu+uu+70.714+awtwbys+	2457	2465	2475
abu+uu+70.890+awtwbys+	2434	2407	2385
abu+ii+71.016+awtwbys+	2254	2283	2429
abu+ii+78.673+rtyb+	2633	2673	2687
abu+aa+87.188+Samt+	2508	2538	2568
abu+aa+88.554+Tab\9e+	2606	2649	2642
abu+aa+90.782+balTa\?grh+	2574	2578	2590
abu+aa+92.214+tab+	2515	2500	2480
abu+aa+94.542+ratb+	2577	2495	2462
abu+ii+101.131+thmymh+	2438	2469	2511
abu+ii+107.395+thmymh+	2557	2579	2584
abu+aa+120.068+raTy+	2403	2409	2440
abu+ii+120.314+raTy+	2466	2489	2520
abu+ii+123.934+hy+	2646	2683	2716
abu+aa+125.408+rDa\?g+	2645	2721	2728
abu+ii+126.780+rTyb+	2539	2548	2579
abu+uu+132.796+stwr+	2380	2334	2305
abu+ii+134.559+sdyd+	2485	2533	2579
abu+aa+135.839+maDn+	2683	2781	2732
abu+aa+136.915+maD+	2642	2641	2619
abu+ii+140.332+nDyf+	2606	2603	2598
abu+ii+144.533+nDyf+	2612	2621	2606
abu+uu+156.684+hw+	2491	2502	2498
abu+ii+158.181+w\D-yfh+	2574	2521	2524
abu+ii+159.873+mTyh+	2567	2598	2647
abu+aa+161.904+bsaTh+	2402	2409	2419
abu+aa+170.141+mtwaSl+	2500	2508	2475
abu+uu+171.595+sTwr+	2536	2515	2526
abu+uu+175.313+mSwl+	2697	2660	2619
abu+uu+195.517+smwT+	2907	2714	2851
abu+ii+205.247+tlyfwn+	2434	2459	2494
abu+uu+206.268+fTwr+	2527	2547	2534
abu+aa+207.491+naDr+	2672	2662	2606
abu+uu+228.519+fTwr+	2536	2525	2486
abu+ii+238.516+n\D-yf+	2569	2576	2599
abu+aa+243.333+mwa\D-bh+	2523	2501	2509
abu+aa+245.548+Tab+	2434	2448	2431
abu+aa+248.615+Tabh+	2540	2535	2536
abu+uu+256.195+Smwt+	2632	2651	2714
abu+aa+263.887+mna\D-r+	2649	2489	2422
abu+uu+267.229+wDw\?g+	2533	2557	2577
abu+ii+268.392+wsyTh+	2429	2434	2419
abu+aa+269.728+faSl+	2358	2391	2441
abu+ii+271.917+w\D-y\?g+	2600	2582	2581
abu+ii+280.107+wDyh+	2422	2428	2436
abu+uu+286.446+aSwl+	2594	2603	2594
abu+aa+288.000+fTam+	2524	2572	2597
abu+aa+289.654+alfDa\?g+	2543	2573	2577
abu+aa+290.796+ktab+	2494	2450	2456
abu+aa+291.883+maDr+	2694	2720	2616
abu+aa+297.715+naDl+	2822	2806	2753
abu+aa+298.914+naDl+	2287	2303	2478
abu+aa+299.441+naDl+	2353	2376	2416
abu+aa+301.100+naDl+	2577	2632	2651
abu+aa+302.727+at\9eab+	2256	2234	2239
abu+ii+304.419+mSyr+	2499	2578	2663
abu+ii+308.024+mSyr+	2489	2497	2519
abu+ii+314.639+mSyr+	2354	2378	2357
abu+aa+319.923+rTanh+	2482	2500	2482
abu+ii+321.044+mTyr+	2474	2476	2495
abu+ii+330.965+w\D-yf+	2467	2504	2574
abu+aa+332.793+mlabs+	2390	2375	2383
abu+aa+334.101+tab\9e+	2611	2555	2508
abu+aa+335.404+mwaTn+	2469	2445	2461
abu+ii+336.828+h\D-ym+	2494	2526	2599
abu+uu+340.265+mh\D-wm+	2689	2732	2802
abu+ii+345.927+s\9eyd+	2463	2559	2631
abu+ii+347.153+nSyb+	2632	2640	2662
abu+aa+348.420+antSar+	2471	2453	2425
abu+ii+349.738+fTyrh+	2551	2563	2564
abu+aa+353.406+wsTy+	2590	2584	2587
abu+aa+357.331+njtryh+	2728	2722	2651
abu+aa+371.942+balTa\?grh+	2543	2561	2554
abu+aa+374.105+naDl+	2395	2552	2582
abu+aa+375.417+mtwaSl+	2358	2339	2372
abu+aa+376.524+mlabs+	2433	2451	2423
abu+ii+380.029+nSyb+	2457	2575	2639
abu+uu+382.410+zhwr+	2433	2316	2310
abu+aa+384.487+naDr+	2651	2643	2648
abu+aa+385.806+maDr+	2310	2464	2550
abu+aa+387.116+fTam+	2429	2470	2485
abu+ii+388.405+wsyTh+	2448	2452	2444
abu+ii+389.968+S\9eyd+	2588	2716	2717
abu+aa+391.010+maDn+	2706	2833	2789
abu+uu+392.248+awtwbys+	2418	2415	2405
abu+uu+392.423+awtwbys+	2382	2359	2340
abu+ii+392.555+awtwbys+	2420	2457	2487
abu+uu+395.218+mSwl+	2679	2618	2701
abu+aa+397.919+ant\D-am+	2518	2606	2688
abu+ii+399.077+wDy\?g+	2558	2543	2539
abu+ii+402.451+mSyr+	2381	2446	2487
abu+ii+403.945+mTyr+	2424	2459	2492
abu+aa+406.026+msa\9edh+	2413	2399	2391
abu+ii+407.481+nDyf+	2482	2524	2571
abu+uu+409.590+wDw\?g+	2381	2428	2426
abu+uu+409.798+wDw\?g+	2626	2635	2655
abu+ii+410.969+rtyb+	2681	2749	2847
abu+aa+412.205+anfSal+	2431	2425	2437
abu+aa+414.363+sTam+	2517	2518	2540
abu+ii+417.237+w\D-yf+	2496	2505	2516
abu+ii+419.887+fTyrh+	2413	2412	2442
abu+aa+421.328+alfDa\?g+	2445	2459	2444
abu+aa+424.045+Tab\9e+	2553	2524	2531
abu+aa+425.626+tab+	2507	2497	2491
abu+aa+432.963+ratb+	2336	2353	2374
abu+aa+435.560+rDa\?g+	2574	2595	2585
abu+uu+437.914+sTwr+	2502	2446	2410
abu+ii+439.574+raTy+	2424	2443	2462
abu+aa+442.633+tab\9e+	2542	2524	2466
abu+uu+444.185+smwt+	2585	2552	2487
abu+aa+449.530+n\D-afh+	2576	2608	2596
abu+ii+452.067+rTyb+	2542	2553	2551
abu+aa+454.582+rTanh+	2542	2540	2555
abu+aa+495.964+nmal+	2390	2476	2554
abu+aa+498.261+alan+	2479	2486	2501
abu+ii+500.148+hDym+	2489	2541	2613
abu+aa+503.245+Samt+	2489	2499	2508
abu+aa+504.627+antSar+	2497	2480	2451
abu+aa+505.492+Tab+	2555	2568	2576
abu+aa+506.708+mwa\D-bh+	2828	2740	2673
abu+aa+508.167+alnaSrh+	2683	2705	2687
abu+uu+509.760+Smwt+	2887	2863	2837
abu+ii+512.183+thmymh+	2541	2588	2703
abu+ii+513.691+mTyh+	2506	2553	2637
abu+aa+516.071+awTan+	2528	2567	2639
abu+aa+517.281+mna\D-r+	2779	2784	2716
abu+uu+518.516+smwT+	2692	2782	2704
abu+ii+519.664+w\D-yfh+	2470	2448	2453
abu+uu+522.201+fTwr+	2493	2486	2481
abu+ii+523.561+s\9eyd+	2533	2594	2542
abu+ii+525.978+hy+	2610	2625	2652
abu+ii+527.211+n\D-yf+	2482	2487	2535
abu+ii+528.248+tlyfwn+	2413	2429	2463
abu+uu+528.462+tlyfwn+	2247	2358	2409
abu+aa+529.509+faSl+	2491	2402	2422
abu+aa+533.488+bsaTh+	2415	2430	2438
abu+uu+534.852+stwr+	2364	2371	2324
abu+uu+536.192+aSwl+	2440	2388	2352
abu+aa+537.458+ktab+	2432	2431	2424
abu+aa+538.766+mwaTn+	2590	2584	2583
abu+uu+539.925+hw+	2528	2449	2409
abu+uu+541.308+fDwl+	2486	2500	2495
abu+ii+542.572+sdyd+	2496	2601	2674
abu+aa+548.671+maDn+	2367	2690	2667
abu+ii+551.177+n\D-yf+	2503	2473	2495
abu+ii+552.258+nSyb+	2495	2498	2528
abu+ii+553.561+rtyb+	2549	2616	2615
abu+aa+557.383+bsaTh+	2459	2462	2487
abu+ii+558.732+wsyTh+	2355	2367	2361
abu+uu+561.408+zhwr+	2400	2322	2366
abu+aa+562.626+naDr+	2808	2784	2741
abu+aa+563.915+fTam+	2487	2498	2532
abu+ii+566.122+s\9eyd+	2702	2708	2673
abu+ii+567.120+S\9eyd+	2515	2599	2612
abu+uu+568.071+awtwbys+	2403	2434	2447
abu+uu+568.218+awtwbys+	2364	2340	2353
abu+ii+568.378+awtwbys+	2293	2409	2491
abu+ii+570.315+hy+	2698	2730	2772
abu+ii+572.199+wDy\?g+	2500	2528	2602
abu+ii+573.083+mTyr+	2509	2529	2581
abu+ii+576.529+mTyh+	2542	2729	2853
abu+aa+577.813+ktab+	2418	2406	2408
abu+ii+580.362+mSyr+	2476	2530	2571
abu+aa+581.420+msa\9edh+	2440	2429	2429
abu+uu+582.862+smwT+	2740	2704	2692
abu+aa+583.997+nDl+	2749	2802	2771
abu+aa+585.009+Tab\9e+	2541	2574	2565
abu+uu+587.170+wDw\?g+	2453	2481	2526
abu+uu+587.381+wDw\?g+	2605	2624	2628
abu+aa+588.443+anfSal+	2445	2458	2475
abu+aa+589.561+tab\9e+	2490	2503	2445
abu+aa+591.624+sTam+	2242	2776	2739
abu+aa+594.586+maDr+	2569	2482	2763
abu+uu+595.683+fDwl+	2596	2594	2604
abu+aa+596.775+balTa\?grh+	2542	2566	2579
abu+aa+599.023+awTan+	2567	2613	2648
abu+uu+599.814+sTwr+	2517	2542	2625
abu+ii+601.148+fTyrh+	2482	2501	2514
abu+aa+604.128+alan+	2668	2805	2818
abu+aa+606.023+mlabs+	2413	2457	2441
abu+aa+607.812+nmal+	2605	2717	2582
abu+aa+609.533+n\D-afh+	2672	2656	2658
abu+aa+610.416+rDa\?g+	2666	2695	2656
abu+aa+611.110+Samt+	2417	2409	2441
abu+aa+613.209+raTy+	2573	2541	2569
abu+ii+613.541+raTy+	2474	2494	2586
abu+uu+614.422+fTwr+	2611	2569	2534
abu+uu+615.871+smwt+	2546	2570	2440
abu+uu+617.074+Smwt+	2827	2859	2826
abu+uu+618.190+Smwt+	2845	2794	2743
abu+ii+619.834+rTyb+	2561	2576	2668
abu+aa+621.596+faSl+	2320	2331	2329
abu+ii+622.519+w\D-yf+	2509	2462	2497
abu+aa+623.512+ant\D-am+	2645	2755	2764
abu+uu+625.655+stwr+	2211	2151	2153
abu+ii+626.812+hw(hy)+	2473	2500	2596
abu+aa+627.830+rTanh+	2496	2582	2648
abu+ii+628.720+nDym+	2645	2645	2682
abu+ii+629.720+sdyd+	2596	2655	2701
abu+aa+631.536+Tab+	2467	2499	2507
abu+aa+633.039+antSar+	2457	2495	2506
abu+aa+633.989+alnaSrh+	2717	2734	2704
abu+uu+634.988+aSwl+	2624	2586	2601
abu+ii+636.248+thmymh+	2611	2693	2715
abu+aa+637.146+tab+	2724	2500	2487
abu+ii+638.818+nDyf+	2633	2631	2663
abu+aa+639.558+mwaTn+	2766	2764	2755
abu+aa+640.753+mna\D-r+	2212	3274	3111
abu+aa+641.672+alfDa\?g+	2428	2431	2440
abu+ii+644.733+Sdyd+	2478	2578	2584
abu+uu+646.447+mSwl+	2531	2469	2437
abu+ii+647.455+tlyfwn+	2367	2427	2489
abu+uu+647.645+tlyfwn+	2319	2383	2348
abu+ii+649.195+w\D-yfh+	2389	2352	2546
abu+aa+678.137+ba\?g+	2298	2374	2389
abu+aa+680.043+ta\?g+	2581	2510	2493
abu+aa+681.177+\tfa\?g+	2389	2405	2449
abu+ii+682.400+jym+	2827	2942	2889
abu+aa+683.473+Ha\?g+	2299	2337	2324
abu+aa+684.740+xa\?g+	2309	2269	2289
abu+aa+685.722+dal+	2457	2526	2490
abu+aa+686.809+\dhal+	2464	2475	2467
abu+ii+690.111+syn+	2593	2774	2847
abu+ii+691.095+\shyn+	2771	2815	2845
abu+aa+692.784+Sad+	2506	2490	2498
abu+aa+693.998+Dad+	2611	2593	2598
abu+aa+694.931+Ta\?g+	2531	2506	2521
abu+aa+696.157+\D-a\?g+	2490	2518	2538
abu+aa+701.156+lam+	2415	2441	2449
abu+ii+701.886+mym+	2766	2839	2860
abu+aa+702.580+ha\?g+	2713	2518	2503
abu+uu+703.514+nwn+	2733	2741	2572
abu+aa+705.032+ha\?g+	2505	2148	2186
alohali+uu+20.756+aSwl+	2581	2652	2655
alohali+aa+26.785+mwaTn+	3224	3168	3039
alohali+aa+30.173+awTan+	2887	2858	2980
alohali+aa+32.855+HaDr+	2601	2678	2732
alohali+aa+52.177+maD+	3102	3098	3101
alohali+aa+64.025+alfDa\?g+	2874	2854	2873
alohali+aa+69.753+baS+	2495	2590	2614
alohali+aa+73.018+antSar+	2488	2503	2559
alohali+aa+75.733+ratb+	2250	2387	2552
alohali+uu+78.583+fTwr+	2811	2782	2760
alohali+aa+81.659+wasTh+	3254	2902	2879
alohali+aa+86.366+Tbabh+	2507	2506	2465
alohali+aa+89.883+anfSal+	2532	2555	2585
alohali+ii+94.027+hy+	2795	2758	2778
alohali+uu+102.072+wDw\?g+	2796	2804	2817
alohali+aa+105.671+tab+	2745	2631	2524
alohali+ii+108.801+tlyfwn+	2296	2350	2339
alohali+uu+108.950+tlyfwn+	2355	2388	2307
alohali+ii+113.054+qDyb+	2638	2653	2659
alohali+ii+116.032+jzyrh+	2460	2513	2494
alohali+aa+121.942+rDa\?g+	2766	2815	2842
alohali+uu+125.647+zhwr+	1976	2097	2190
alohali+aa+129.865+alnaSrh+	3287	3228	3049
alohali+aa+133.710+n\D-afh+	2324	2717	2730
alohali+aa+136.845+ant\D-am+	2679	2721	2799
alohali+ii+139.800+w\D-yfh+	2520	2577	2568
alohali+aa+149.451+mwa\D-bh+	2999	3002	3014
alohali+aa+153.036+tab\9e+	2733	2632	2588
alohali+aa+156.743+mna\D-r+	2699	2339	2289
alohali+aa+158.560+mna\D-r+	3011	3160	3150
alohali+uu+169.641+sTwr+	2714	2724	2693
alohali+ii+173.879+wsyTh+	2496	2442	2481
alohali+ii+176.952+n\D-yf+	2626	2579	2570
alohali+ii+182.320+mTyh+	2602	2607	2606
alohali+uu+188.628+\shrwT+	2258	2397	2455
alohali+aa+191.555+mtwaSl+	2465	2480	2524
alohali+ii+194.524+nSyb+	2555	2549	2546
alohali+uu+199.479+ftwr+	2287	2280	2298
alohali+uu+202.185+fDwl+	2719	2775	2729
alohali+ii+211.451+yTyr+	2689	2636	2633
alohali+aa+226.025+Tab\9e+	2810	2723	2890
alohali+aa+231.625+faSl+	2484	2574	2629
alohali+aa+234.585+alan+	2501	2521	2650
alohali+ii+237.829+fTyrh+	2574	2578	2559
alohali+uu+240.659+hw+	2019	2126	2132
alohali+aa+247.386+Samt+	2803	3046	3025
alohali+aa+249.856+maDy+	3383	2709	1937
alohali+ii+253.102+mtwDy\?g+	2538	2384	2449
alohali+aa+256.232+fTam+	2582	2680	2816
alohali+uu+259.185+skwt+	2170	2152	2236
alohali+aa+272.129+sTam+	2541	2637	2777
alohali+ii+275.285+mSyr+	2270	2307	2403
alohali+aa+278.693+bsaTh+	2275	2473	2499
alohali+aa+281.530+mlabs+	2596	2516	2492
alohali+aa+287.721+ktab+	2444	2456	2440
alohali+aa+290.600+naDj+	3127	3113	3103
alohali+ii+293.627+sdyd+	2561	2644	2701
alohali+ii+297.454+wsyTh+	2389	2433	2463
alohali+uu+300.259+aSwl+	2615	2591	2587
alohali+ii+302.856+w\D-yfh+	2576	2472	2422
alohali+ii+305.449+S\9eyd+	2726	2806	2830
alohali+aa+310.870+mwaTn+	3218	3208	3140
alohali+aa+313.167+HaDr+	2587	2602	2635
alohali+aa+315.730+faSl+	2336	2400	2446
alohali+aa+318.535+naDj+	3303	3239	3186
alohali+aa+326.014+fTam+	2709	2852	3032
alohali+aa+331.907+n\D-afh+	2731	2707	2731
alohali+aa+334.969+alnaSrh+	2274	3231	3208
alohali+aa+340.557+sTam+	2759	2863	2995
alohali+uu+343.483+fDwl+	2709	2707	2694
alohali+aa+352.086+alfDa\?g+	2781	2804	2820
alohali+aa+357.721+ktab+	2568	2572	2556
alohali+ii+360.300+tlyfwn+	2458	2398	2348
alohali+uu+360.462+tlyfwn+	2199	2234	2204
alohali+ii+363.461+mSyr+	2575	2636	2654
alohali+aa+368.898+mlabs+	2572	2355	2357
alohali+aa+371.639+alan+	2832	2999	3070
alohali+aa+373.561+baS+	2594	2669	2721
alohali+aa+375.755+ratb+	2329	2362	2463
alohali+aa+378.541+wasTh+	2758	2760	2780
alohali+aa+381.983+anfSal+	2554	2551	2556
alohali+ii+389.066+yTyr+	2757	2712	2707
alohali+uu+391.437+wDw\?g+	2784	2771	2815
alohali+aa+398.132+tab+	2605	2567	2554
alohali+ii+400.818+qDyb+	2518	2542	2621
alohali+uu+407.320+zhwr+	2261	2054	2374
alohali+aa+410.305+bsaTh+	2601	2618	2606
alohali+aa+415.279+ant\D-am+	2758	2795	2852
alohali+aa+426.660+antSar+	2526	2504	2533
alohali+uu+429.063+skwt+	2322	2387	2405
alohali+aa+431.955+rDa\?g+	2778	2836	2845
alohali+aa+435.262+tab\9e+	2508	2533	2474
alohali+aa+438.154+msa\9edh+	2573	2402	2414
alohali+uu+444.543+sTwr+	2677	2720	2729
alohali+uu+447.687+hw+	2195	2325	2476
alohali+ii+450.642+n\D-yf+	2583	2565	2540
alohali+ii+459.627+jzyrh+	2582	2596	2609
alohali+uu+465.313+ftwr+	2382	2410	2464
alohali+uu+468.024+\shrwT+	2444	2523	2590
alohali+aa+470.219+mtwaSl+	2637	2772	2839
alohali+aa+473.493+Tbabh+	2494	2494	2492
alohali+aa+477.082+mna\D-r+	3212	3176	3182
alohali+ii+481.210+nSyb+	2517	2527	2541
alohali+aa+484.156+Samt+	2410	2527	2669
alohali+uu+491.848+fTwr+	2822	2822	2821
alohali+ii+493.975+hy+	2711	2745	2740
alohali+aa+499.356+mwa\D-bh+	2092	1851	2047
alohali+aa+502.158+Tab\9e+	2622	2658	2755
alohali+ii+507.290+fTyrh+	2707	2650	2644
alohali+aa+509.826+maDy+	3246	3176	3082
alohali+ii+510.033+maDy+	2896	2904	2852
alohali+ii+512.291+Sdyd+	2662	2744	2793
alohali+ii+515.444+mtwDy\?g+	2428	2487	2508
alohali+aa+518.408+maD+	3027	2981	3011
alohali+aa+521.280+awTan+	2650	2643	2844
alohali+uu+523.552+aSwl+	2590	2601	2628
alohali+uu+528.669+zhwr+	2472	2571	2624
alohali+aa+530.961+mwaTn+	3296	2137	2454
alohali+aa+533.552+maD+	3189	3105	3092
alohali+ii+539.578+mtwDy\?g+	2859	2835	2810
alohali+aa+542.104+faSl+	2298	2365	2415
alohali+uu+547.106+sTwr+	2693	2725	2743
alohali+ii+549.663+sdyd+	2541	2629	2696
alohali+aa+552.671+fTam+	2790	2975	3072
alohali+aa+555.205+alnaSrh+	3458	3249	3213
alohali+aa+558.774+anfSal+	2399	2397	2422
alohali+aa+561.353+baS+	2387	2419	2460
alohali+aa+564.114+rDa\?g+	2623	2564	2586
alohali+ii+566.076+hy+	2810	2747	2786
alohali+aa+568.426+sTam+	2792	2783	2967
alohali+aa+570.579+tab+	2479	2522	2460
alohali+ii+579.410+mTyh+	2347	2434	2688
alohali+aa+587.421+alfDa\?g+	2601	2605	2613
alohali+aa+593.659+Tbabh+	2399	2381	2379
alohali+aa+598.222+naDj+	1541	1716	2572
alohali+aa+600.746+HaDr+	2369	2391	2422
alohali+ii+603.031+w\D-yfh+	2508	2453	2436
alohali+aa+605.272+awTan+	2908	2953	3040
alohali+uu+608.084+fTwr+	2734	2701	2655
alohali+aa+610.838+alan+	2471	2486	2403
alohali+aa+616.295+ratb+	2189	2290	2348
alohali+aa+619.370+Tab\9e+	2580	2655	2649
alohali+aa+622.556+wasTh+	2590	2616	2595
alohali+uu+625.531+wDwh+	2721	2741	2733
alohali+ii+631.385+yTyr+	2606	2615	2614
alohali+aa+637.875+Samt+	2410	2440	2552
alohali+uu+640.621+hw+	2284	2408	2471
alohali+aa+643.465+bsaTh+	2557	2525	2561
alohali+ii+648.937+qDyb+	2592	2568	2561
alohali+aa+651.188+n\D-afh+	2427	2546	2554
alohali+aa+653.700+ant\D-am+	2592	2634	2737
alohali+ii+656.467+jzyrh+	2525	2548	2554
alohali+ii+664.977+n\D-yf+	2465	2429	2402
alohali+uu+668.007+fDwl+	2752	2718	2718
alohali+uu+670.779+skwt+	2157	2094	2198
alohali+aa+673.428+mna\D-r+	3304	3191	3144
alohali+aa+678.746+mwa\D-bh+	2308	3006	3001
alohali+aa+681.604+antSar+	2380	2372	2397
alohali+ii+684.530+mSyr+	2395	2383	2400
alohali+aa+687.517+tab\9e+	2461	2484	2444
alohali+ii+694.645+fTyrh+	2571	2622	2589
alohali+aa+704.735+mlabs+	2480	2427	2450
alohali+aa+710.021+mtwaSl+	2487	2566	2585
alohali+aa+712.619+ktab+	2543	2465	2363
alohali+ii+718.517+nSyb+	2785	2664	2639
alohali+aa+720.484+maDy+	3149	3079	2959
alohali+ii+725.520+wsyTh+	2367	2365	2367
alohali+uu+730.790+\shrwT+	2112	2227	2313
alohali+ii+733.045+tlyfwn+	2449	2442	2461
alohali+uu+733.208+tlyfwn+	2322	2417	2509
alohali+uu+740.546+ftwr+	2255	2334	2398
alohali+aa+763.956+ba\?g+	2353	2455	2524
alohali+aa+765.835+ta\?g+	2760	2550	2682
alohali+aa+767.394+\tfa\?g+	2631	2682	2766
alohali+ii+769.049+jym+	2762	2761	2761
alohali+aa+770.616+Ha\?g+	2560	2614	2670
alohali+aa+772.507+xa\?g+	2571	2840	2884
alohali+aa+774.303+dal+	2768	2622	2679
alohali+aa+775.854+\dhal+	2591	2566	2563
alohali+aa+777.562+ra\?g+	2226	2305	2384
alohali+ii+781.370+syn+	2699	2702	2731
alohali+ii+783.448+\shyn+	2778	2752	2671
alohali+aa+785.438+Sad+	2472	2451	2465
alohali+aa+787.448+Dad+	2826	2810	2787
alohali+aa+789.941+Ta\?g+	2731	2819	2815
alohali+aa+792.469+\D-a\?g+	2576	2597	2613
alohali+aa+798.880+fa\?g+	2283	2320	2315
alohali+aa+806.487+lam+	2554	2496	2521
alohali+ii+808.549+mym+	2872	3061	3125
alohali+uu+810.745+nwn+	2018	2059	2246
alohali+aa+812.678+ha\?g+	2647	2599	2584
alotaiq+uu+36.829+aSwl+	2795	2773	2729
alotaiq+aa+40.965+mwaTn+	2785	2821	2842
alotaiq+aa+43.229+awTan+	2888	2883	2656
alotaiq+aa+44.659+HaDr+	2667	2713	2750
alotaiq+aa+46.645+maD+	2360	2652	2686
alotaiq+aa+53.714+alfDa\?g+	2792	2814	2840
alotaiq+aa+55.917+baS+	2688	2703	2721
alotaiq+aa+57.448+antSar+	2841	2894	2889
alotaiq+aa+58.659+ratb+	2937	2890	2868
alotaiq+uu+59.954+fTwr+	2835	2805	2765
alotaiq+aa+61.188+wasTh+	2687	2727	2756
alotaiq+aa+64.681+Tbabh+	2711	2729	2720
alotaiq+aa+65.986+anfSal+	2742	2869	2782
alotaiq+ii+66.972+hy+	2868	2858	2854
alotaiq+aa+68.421+balTa\?grh+	2898	2927	2888
alotaiq+uu+69.914+wDw\?g+	2729	2724	2743
alotaiq+aa+70.898+tab+	2491	2511	2560
alotaiq+ii+72.040+tlyfwn+	2641	2639	2631
alotaiq+uu+72.219+tlyfwn+	2594	2632	2628
alotaiq+ii+74.709+qDyb+	2673	2631	2665
alotaiq+ii+76.070+jzyrh+	2644	2649	2641
alotaiq+aa+78.695+rDa\?g+	2815	2844	2890
alotaiq+uu+79.956+zhwr+	2654	2670	2682
alotaiq+aa+81.049+alnaSrh+	2800	2762	2743
alotaiq+aa+82.642+n\D-afh+	2762	2807	2824
alotaiq+aa+83.829+ant\D-am+	2752	2771	2784
alotaiq+ii+84.921+w\D-yfh+	2618	2614	2663
alotaiq+aa+90.378+mwa\D-bh+	2557	2651	2688
alotaiq+aa+92.015+tab\9e+	2462	2435	2483
alotaiq+aa+93.551+mna\D-r+	2728	2711	2715
alotaiq+uu+100.588+sTwr+	2768	2729	2705
alotaiq+ii+102.915+wsyTh+	2671	2674	2668
alotaiq+ii+104.582+n\D-yf+	2669	2654	2679
alotaiq+ii+105.623+mTyh+	2779	2739	2794
alotaiq+uu+109.124+\shrwT+	2370	2509	2559
alotaiq+aa+110.337+mtwaSl+	2641	2634	2658
alotaiq+ii+111.797+nSyb+	2774	2743	2729
alotaiq+uu+113.175+ftwr+	2619	2651	2677
alotaiq+uu+114.319+fDwl+	2657	2675	2692
alotaiq+ii+122.891+yTyr+	2690	2640	2651
alotaiq+aa+128.598+wsTy+	2842	2851	2798
alotaiq+aa+131.274+Tab\9e+	2797	2682	2636
alotaiq+aa+133.861+faSl+	2718	2739	2761
alotaiq+aa+135.146+alan+	2763	2696	2684
alotaiq+ii+136.262+fTyrh+	2752	2727	2696
alotaiq+uu+137.414+hw+	2460	2472	2477
alotaiq+aa+140.514+Samt+	2804	2778	2721
alotaiq+aa+141.528+maDy+	2465	2695	2757
alotaiq+ii+141.709+maDy+	2787	2697	2687
alotaiq+uu+142.897+mtwDy\?g+	2684	2654	2643
alotaiq+ii+143.108+mtwDy\?g+	2687	2653	2670
alotaiq+aa+144.253+fTam+	2788	2827	2797
alotaiq+uu+145.453+skwt+	2326	2359	2354
alotaiq+aa+146.752+msa\9edh+	2717	2714	2728
alotaiq+aa+150.922+sTam+	2884	2849	2858
alotaiq+ii+186.424+mSyr+	2742	2769	2791
alotaiq+aa+187.791+bsaTh+	2980	2969	3007
alotaiq+aa+189.027+mlabs+	2716	2664	2624
alotaiq+aa+192.376+ktab+	2766	2773	2548
alotaiq+aa+193.420+naDj+	2609	2765	2714
alotaiq+ii+194.806+sdyd+	2775	2799	2814
alotaiq+ii+196.122+wsyTh+	2648	2655	2659
alotaiq+uu+197.323+aSwl+	2905	2836	2797
alotaiq+ii+198.460+w\D-yfh+	2637	2642	2648
alotaiq+aa+202.897+mwaTn+	2340	2541	2666
alotaiq+aa+205.290+faSl+	2678	2695	2730
alotaiq+aa+206.478+naDj+	2494	2329	2388
alotaiq+aa+209.930+fTam+	2778	2792	2746
alotaiq+aa+212.360+n\D-afh+	2844	2809	2852
alotaiq+aa+213.506+alnaSrh+	2822	2731	2658
alotaiq+aa+215.953+sTam+	2731	2810	2783
alotaiq+uu+217.032+fDwl+	2778	2760	2703
alotaiq+aa+221.732+alfDa\?g+	2791	2776	2776
alotaiq+aa+224.060+ktab+	2750	2590	2483
alotaiq+ii+224.912+tlyfwn+	2632	2624	2619
alotaiq+uu+225.061+tlyfwn+	2627	2638	2640
alotaiq+ii+226.284+mSyr+	2761	2696	2700
alotaiq+ii+227.469+sdyd+	2726	2741	2754
alotaiq+aa+228.587+mlabs+	2572	2528	2532
alotaiq+aa+229.740+alan+	2694	2662	2646
alotaiq+aa+230.607+baS+	2685	2675	2702
alotaiq+aa+231.864+ratb+	2827	2822	2807
alotaiq+aa+234.697+anfSal+	2833	2824	2847
alotaiq+ii+238.490+yTyr+	2735	2730	2772
alotaiq+uu+239.643+wDw\?g+	2742	2720	2726
alotaiq+aa+242.288+tab+	2793	2541	2482
alotaiq+ii+243.732+qDyb+	2642	2588	2604
alotaiq+uu+245.919+zhwr+	2619	2660	2685
alotaiq+aa+247.054+bsaTh+	2951	2844	2815
alotaiq+aa+249.332+ant\D-am+	2731	2767	2777
alotaiq+aa+254.113+antSar+	2758	2739	2708
alotaiq+uu+255.245+skwt+	2261	2267	2302
alotaiq+aa+256.248+rDa\?g+	2782	2786	2788
alotaiq+aa+257.206+tab\9e+	2680	2509	2495
alotaiq+uu+261.199+sTwr+	2699	2659	2655
alotaiq+uu+261.956+hw+	2436	2427	2431
alotaiq+ii+263.006+n\D-yf+	2674	2608	2590
alotaiq+ii+265.128+mTyh+	2762	2739	2731
alotaiq+ii+266.234+jzyrh+	2640	2660	2640
alotaiq+uu+268.326+ftwr+	2546	2567	2576
alotaiq+uu+269.358+\shrwT+	2390	2521	2625
alotaiq+aa+270.451+mtwaSl+	2669	2627	2626
alotaiq+aa+271.403+Tbabh+	2699	2633	2623
alotaiq+aa+272.461+mna\D-r+	2674	2588	2526
alotaiq+ii+273.671+nSyb+	2734	2668	2672
alotaiq+aa+274.525+Samt+	2762	2699	2720
alotaiq+uu+276.569+fTwr+	2851	2813	2813
alotaiq+ii+277.441+hy+	2761	2750	2758
alotaiq+aa+279.440+mwa\D-bh+	2491	2648	2695
alotaiq+aa+280.522+Tab\9e+	2806	2617	2665
alotaiq+ii+283.009+fTyrh+	2675	2640	2649
alotaiq+aa+285.315+maDy+	2461	2643	2829
alotaiq+ii+285.505+maDy+	2759	2746	2723
alotaiq+ii+286.689+Sdyd+	2647	2668	2710
alotaiq+uu+287.624+mtwDy\?g+	2604	2645	2697
alotaiq+ii+287.865+mtwDy\?g+	2712	2693	2682
alotaiq+aa+288.833+maD+	2390	2537	2742
alotaiq+ii+289.023+maD+	2856	2819	2792
alotaiq+aa+290.068+awTan+	2919	2879	2865
alotaiq+uu+290.999+aSwl+	2892	2854	2790
alotaiq+uu+293.010+zhwr+	2635	2657	2688
alotaiq+aa+294.162+mwaTn+	2406	2498	2659
alotaiq+aa+295.074+maD+	2396	2542	2646
alotaiq+ii+295.285+maD+	2729	2709	2692
alotaiq+uu+297.387+mtwDy\?g+	2617	2612	2667
alotaiq+ii+297.651+mtwDy\?g+	2691	2656	2695
alotaiq+aa+298.337+faSl+	2686	2710	2722
alotaiq+uu+300.417+sTwr+	2887	2848	2788
alotaiq+ii+301.439+sdyd+	2725	2747	2747
alotaiq+aa+302.479+fTam+	2809	2799	2871
alotaiq+aa+303.507+alnaSrh+	2771	2801	2807
alotaiq+aa+304.909+anfSal+	2986	2847	2751
alotaiq+aa+305.834+baS+	2734	2757	2775
alotaiq+aa+306.970+rDa\?g+	2815	2842	2814
alotaiq+ii+308.161+hy+	2891	2860	2873
alotaiq+aa+309.187+sTam+	2826	2781	2726
alotaiq+aa+310.227+tab+	2704	2663	2633
alotaiq+ii+313.862+mTyh+	2754	2735	2771
alotaiq+aa+317.207+alfDa\?g+	2793	2799	2808
alotaiq+aa+319.361+Tbabh+	2768	2761	2759
alotaiq+aa+322.379+naDj+	2499	2848	2754
alotaiq+ii+324.055+w\D-yfh+	2646	2652	2644
alotaiq+aa+325.216+awTan+	2846	2820	2782
alotaiq+uu+326.229+fTwr+	2832	2891	2832
alotaiq+aa+327.093+alan+	2847	2844	2815
alotaiq+aa+328.893+ratb+	2927	2832	2790
alotaiq+aa+329.982+Tab\9e+	2686	2714	2710
alotaiq+uu+332.060+wDwh+	2844	2821	2819
alotaiq+ii+333.976+yTyr+	2722	2717	2729
alotaiq+aa+335.032+balTa\?grh+	2820	2807	2808
alotaiq+aa+336.155+Samt+	2864	2872	2994
alotaiq+uu+337.058+hw+	2561	2554	2538
alotaiq+aa+337.994+bsaTh+	2877	2847	2810
alotaiq+ii+339.929+qDyb+	2681	2656	2671
alotaiq+aa+340.732+n\D-afh+	2845	2816	2817
alotaiq+aa+341.813+ant\D-am+	2799	2820	2818
alotaiq+ii+342.666+jzyrh+	2647	2639	2640
alotaiq+ii+345.735+n\D-yf+	2707	2638	2643
alotaiq+uu+346.831+fDwl+	2620	2662	2841
alotaiq+uu+347.855+skwt+	2324	2360	2426
alotaiq+aa+348.886+mna\D-r+	2323	2373	2407
alotaiq+aa+351.941+mwa\D-bh+	2323	2377	2466
alotaiq+aa+353.129+antSar+	2797	2802	2788
alotaiq+ii+354.169+mSyr+	2808	2702	2702
alotaiq+aa+355.140+tab\9e+	2761	2792	2783
alotaiq+ii+357.529+fTyrh+	2653	2657	2633
alotaiq+aa+360.634+mlabs+	2377	2581	2649
alotaiq+ii+361.727+Sdyd+	2703	2713	2723
alotaiq+aa+362.880+mtwaSl+	2548	2639	2635
alotaiq+aa+364.090+ktab+	2774	2705	2561
alotaiq+ii+373.213+nSyb+	2687	2686	2702
alotaiq+aa+374.477+maDy+	2300	2429	2620
alotaiq+ii+374.689+maDy+	2767	2738	2712
alotaiq+ii+376.992+wsyTh+	2694	2749	2744
alotaiq+uu+381.300+\shrwT+	2498	2638	2674
alotaiq+ii+382.785+tlyfwn+	2677	2662	2627
alotaiq+uu+382.965+tlyfwn+	2559	2553	2577
alotaiq+uu+386.269+ftwr+	2526	2541	2607
alotaiq+aa+495.201+ba\?g+	2526	2587	2610
alotaiq+ii+497.840+jym+	2908	2942	3044
alotaiq+aa+501.642+\dhal+	2667	2626	2658
alotaiq+aa+502.638+ra\?g+	2396	2312	2672
alotaiq+ii+505.062+syn+	2720	2791	2885
alotaiq+ii+505.999+\shyn+	2816	2785	2773
alotaiq+aa+507.111+Sad+	2929	2950	2956
alotaiq+aa+508.099+Dad+	2851	2878	2897
alotaiq+aa+509.398+Ta\?g+	3013	3044	3049
alotaiq+aa+510.514+\D-a\?g+	2843	2872	2887
alotaiq+aa+513.146+fa\?g+	2632	2667	2660
alotaiq+aa+515.727+lam+	2735	2716	2750
alotaiq+ii+516.686+mym+	2626	2755	2826
alotaiq+uu+517.619+nwn+	2329	2315	2332
mohammed+uu+37.810+aSwl+	2686	2669	2616
mohammed+aa+41.930+mwaTn+	2720	2968	2670
mohammed+aa+44.033+awTan+	2913	2962	2987
mohammed+aa+48.583+maD+	3107	3103	3095
mohammed+aa+61.715+alfDa\?g+	2782	2990	3033
mohammed+aa+66.291+baS+	3007	3175	3186
mohammed+aa+68.743+antSar+	2823	2995	3055
mohammed+aa+71.386+ratb+	2154	2585	2767
mohammed+uu+74.628+fTwr+	2800	2734	2693
mohammed+aa+88.416+wasTh+	2902	2984	3027
mohammed+aa+100.358+Tbabh+	2420	2623	2806
mohammed+aa+103.737+anfSal+	2667	2295	1946
mohammed+ii+106.076+hy+	3044	3041	3111
mohammed+aa+108.584+balTa\?grh+	2651	2884	2940
mohammed+uu+111.351+wDw\?g+	2715	2680	2656
mohammed+aa+114.027+tab+	2700	2100	2115
mohammed+ii+116.742+tlyfwn+	2757	2800	2539
mohammed+uu+116.938+tlyfwn+	2241	2220	2170
mohammed+ii+119.555+qDyb+	2809	2734	2760
mohammed+ii+122.125+jzyrh+	2655	2714	2747
mohammed+aa+127.152+rDa\?g+	2737	2714	2947
mohammed+uu+129.678+zhwr+	2579	2614	2630
mohammed+aa+131.865+alnaSrh+	2609	2683	2935
mohammed+aa+134.193+n\D-afh+	2710	2703	2464
mohammed+aa+137.117+ant\D-am+	2666	2643	2787
mohammed+ii+139.559+w\D-yfh+	2654	2700	2799
mohammed+aa+147.480+mwa\D-bh+	2831	2899	2968
mohammed+aa+153.367+mna\D-r+	2170	2539	2806
mohammed+uu+162.000+sTwr+	2722	2601	2623
mohammed+ii+164.836+wsyTh+	2663	2715	2736
mohammed+ii+167.908+n\D-yf+	2666	2682	2758
mohammed+ii+170.687+mTyh+	2815	2806	2885
mohammed+uu+176.225+\shrwT+	2370	2288	2508
mohammed+aa+178.976+mtwaSl+	2914	2904	2988
mohammed+ii+182.130+nSyb+	2750	2851	2876
mohammed+uu+184.843+ftwr+	2269	2418	2496
mohammed+uu+187.292+fDwl+	2693	2604	2602
mohammed+ii+196.267+yTyr+	2918	2753	2665
mohammed+aa+210.665+Tab\9e+	2824	2905	2943
mohammed+aa+217.711+faSl+	2611	2886	2964
mohammed+aa+220.749+alan+	2198	1841	2246
mohammed+uu+226.666+hw+	2704	2689	2663
mohammed+aa+232.679+Samt+	2844	2782	2805
mohammed+aa+235.739+maDy+	2605	2506	2926
mohammed+ii+236.031+maDy+	2767	2748	2728
mohammed+aa+241.517+fTam+	2700	2113	2137
mohammed+uu+244.178+skwt+	2400	2344	2392
mohammed+aa+246.588+msa\9edh+	2600	2553	2568
mohammed+aa+256.759+sTam+	2810	2927	2678
mohammed+ii+259.353+mSyr+	2720	2733	2749
mohammed+aa+262.251+bsaTh+	2193	2163	2408
mohammed+aa+264.851+mlabs+	2704	2444	2530
mohammed+aa+270.235+ktab+	2257	2509	2383
mohammed+aa+273.075+naDj+	2760	2533	2660
mohammed+ii+276.639+sdyd+	2750	2899	2910
mohammed+ii+279.510+wsyTh+	2779	2813	2828
mohammed+uu+282.344+aSwl+	2723	2661	2691
mohammed+ii+284.863+w\D-yfh+	2644	2659	2755
mohammed+aa+293.008+mwaTn+	3027	3098	3162
mohammed+aa+299.126+faSl+	2986	2906	2905
mohammed+aa+302.099+naDj+	2273	2139	1910
mohammed+aa+311.358+fTam+	2656	2530	1994
mohammed+aa+317.563+n\D-afh+	2725	2915	3010
mohammed+aa+320.204+alnaSrh+	2625	2977	2991
mohammed+aa+328.989+sTam+	2574	3110	3134
mohammed+uu+332.223+fDwl+	2840	2808	2823
mohammed+aa+341.209+alfDa\?g+	2392	2521	2627
mohammed+aa+347.962+ktab+	2548	2530	2536
mohammed+ii+351.067+tlyfwn+	2374	2208	2150
mohammed+uu+351.257+tlyfwn+	2274	2309	2362
mohammed+ii+354.235+mSyr+	2694	2775	2829
mohammed+ii+357.176+sdyd+	2722	3026	3132
mohammed+aa+360.209+mlabs+	2662	2656	2593
mohammed+aa+363.410+alan+	2066	1729	1698
mohammed+aa+365.794+baS+	2654	2881	2844
mohammed+aa+373.531+wasTh+	2671	2609	2576
mohammed+aa+378.356+anfSal+	2642	2557	2550
mohammed+ii+388.710+yTyr+	2702	2530	2530
mohammed+uu+391.943+wDw\?g+	2988	2787	2825
mohammed+aa+395.346+balTa\?grh+	2706	2828	2860
mohammed+aa+398.268+tab+	2643	2549	2448
mohammed+aa+399.952+tab+	2618	2354	2273
mohammed+ii+402.833+qDyb+	2761	2445	2430
mohammed+uu+408.362+zhwr+	2538	2599	2605
mohammed+aa+411.056+bsaTh+	2668	2684	2783
mohammed+aa+416.835+ant\D-am+	2649	2381	2825
mohammed+aa+427.673+antSar+	2796	2986	2977
mohammed+uu+430.933+skwt+	2418	2454	2423
mohammed+aa+433.588+rDa\?g+	2897	2422	2681
mohammed+aa+436.114+tab\9e+	2769	2492	2435
mohammed+uu+443.673+sTwr+	2699	2722	2727
mohammed+uu+446.034+hw+	2576	2528	2534
mohammed+ii+449.896+n\D-yf+	2711	2626	2548
mohammed+ii+455.143+mTyh+	2772	2492	2417
mohammed+ii+457.572+jzyrh+	2719	2835	2954
mohammed+uu+462.124+ftwr+	2388	2459	2622
mohammed+uu+464.533+\shrwT+	2600	2703	2696
mohammed+aa+466.882+mtwaSl+	2573	2595	2566
mohammed+aa+471.865+Tbabh+	2567	2731	2784
mohammed+aa+473.193+Tbabh+	2438	2482	2536
mohammed+aa+481.371+mna\D-r+	2538	2265	2049
mohammed+ii+484.147+nSyb+	2834	2484	2458
mohammed+aa+486.303+Samt+	2758	2820	2932
mohammed+uu+491.690+fTwr+	2828	2791	2738
mohammed+ii+494.526+hy+	2590	2323	2353
mohammed+aa+504.273+mwa\D-bh+	2936	2986	3010
mohammed+aa+506.995+Tab\9e+	2993	2998	2992
mohammed+ii+511.950+fTyrh+	2844	2814	2799
mohammed+aa+513.820+maDy+	2309	3083	3114
mohammed+ii+514.098+maDy+	2896	2692	2621
mohammed+ii+516.279+Sdyd+	2754	3020	3002
mohammed+ii+518.860+mtwDy\?g+	3103	2280	2182
mohammed+aa+520.790+maD+	2754	3086	2930
mohammed+aa+523.950+maD+	2675	2973	3068
mohammed+aa+526.562+awTan+	3012	3143	3188
mohammed+uu+528.997+aSwl+	2696	2694	2720
mohammed+uu+533.648+zhwr+	2619	2607	2611
mohammed+aa+535.683+mwaTn+	3051	1791	2462
mohammed+aa+539.017+maD+	3086	3240	3238
mohammed+aa+540.108+maD+	2040	1933	2284
mohammed+aa+547.879+faSl+	2657	2761	2811
mohammed+uu+552.561+sTwr+	2793	2754	2829
mohammed+ii+554.866+sdyd+	2755	2818	2805
mohammed+aa+557.347+fTam+	2209	1993	2449
mohammed+aa+561.433+alnaSrh+	2598	2455	2316
mohammed+aa+564.132+anfSal+	2711	2681	2615
mohammed+aa+566.261+baS+	2660	2761	2777
mohammed+aa+568.664+rDa\?g+	3056	3134	2815
mohammed+ii+571.022+hy+	2523	2594	2738
mohammed+aa+573.167+sTam+	2924	3162	3159
mohammed+aa+575.572+tab+	2530	2488	2512
mohammed+ii+582.031+mTyh+	2843	2705	2819
mohammed+aa+590.396+alfDa\?g+	2824	2741	2811
mohammed+aa+599.382+Tbabh+	2467	2492	2548
mohammed+aa+600.586+Tbabh+	2518	2559	2571
mohammed+ii+609.807+w\D-yfh+	2889	2807	2922
mohammed+aa+774.074+lam+	2621	2599	2079
mohammed+ii+775.317+mym+	2237	2795	3339
mohammed+uu+776.529+nwn+	2216	2267	2324
naif1+uu+15.644+aSwl+	2740	3050	3431
naif1+aa+19.667+mwaTn+	2087	2310	2604
naif1+aa+21.401+awTan+	2712	2591	2534
naif1+aa+24.473+maD+	1912	2026	2274
naif1+aa+31.452+alfDa\?g+	2680	2693	2684
naif1+aa+34.440+baS+	2232	2323	2418
naif1+aa+36.611+antSar+	2599	2545	2497
naif1+aa+38.078+ratb+	2208	2326	2366
naif1+uu+40.162+fTwr+	2532	2476	2347
naif1+aa+41.591+wasTh+	2127	2282	2366
naif1+aa+43.496+Tbabh+	2280	2334	2358
naif1+aa+45.302+anfSal+	2580	2554	2432
naif1+ii+47.222+hy+	2980	2767	3009
naif1+aa+49.150+balTa\?grh+	2856	2580	2415
naif1+uu+50.869+wDw\?g+	2334	2273	2238
naif1+aa+52.505+tab+	2234	2268	2267
naif1+ii+54.408+tlyfwn+	2318	2314	2311
naif1+uu+54.585+tlyfwn+	2273	2216	2211
naif1+ii+56.314+qDyb+	2529	2525	2486
naif1+ii+58.213+jzyrh+	2327	2323	2330
naif1+aa+62.145+rDa\?g+	2771	2741	2619
naif1+uu+64.048+zhwr+	2505	2326	2307
naif1+aa+65.856+alnaSrh+	2174	2303	2297
naif1+aa+67.873+n\D-afh+	2742	2758	2647
naif1+aa+69.963+ant\D-am+	2652	2712	2688
naif1+ii+71.925+w\D-yfh+	2482	2417	2573
naif1+aa+77.720+mwa\D-bh+	2354	2485	2529
naif1+aa+79.597+tab\9e+	2457	2226	2206
naif1+aa+81.573+mna\D-r+	2192	2126	2180
naif1+uu+88.454+sTwr+	2542	2456	2377
naif1+ii+90.159+wsyTh+	2352	2300	2331
naif1+ii+92.073+n\D-yf+	2461	2484	2583
naif1+ii+93.909+mTyh+	2463	2680	2856
naif1+uu+98.078+\shrwT+	2188	2210	2226
naif1+aa+99.929+mtwaSl+	2367	2393	2447
naif1+ii+101.795+nSyb+	2367	2363	2439
naif1+uu+104.608+ftwr+	2146	2152	2183
naif1+uu+106.417+fDwl+	2370	2303	2296
naif1+ii+111.923+yTyr+	2525	2563	2648
naif1+aa+119.890+Tab\9e+	2914	2731	2645
naif1+aa+123.135+faSl+	2286	2341	2405
naif1+aa+124.835+alan+	2405	2413	2424
naif1+ii+126.451+fTyrh+	2526	2579	2633
naif1+uu+128.062+hw+	2186	2254	2275
naif1+aa+132.928+maDy+	2105	2133	2527
naif1+ii+133.238+maDy+	2552	2539	2540
naif1+ii+135.129+mtwDy\?g+	2532	2542	2544
naif1+aa+136.898+fTam+	2784	2770	2685
naif1+uu+139.948+skwt+	2113	2133	2141
naif1+aa+147.010+sTam+	2711	2598	2542
naif1+ii+148.942+mSyr+	2486	2552	2568
naif1+aa+150.697+bsaTh+	2605	2546	2517
naif1+aa+152.328+mlabs+	2379	2346	2287
naif1+ii+154.344+Sdyd+	2812	2616	2645
naif1+aa+157.468+ktab+	2361	2217	2291
naif1+aa+158.938+naDj+	2441	2411	2504
naif1+ii+160.759+sdyd+	2462	2485	2531
naif1+ii+164.413+wsyTh+	2407	2395	2377
naif1+uu+166.490+aSwl+	2355	2305	2205
naif1+ii+168.372+w\D-yfh+	2417	2450	2546
naif1+aa+173.103+mwaTn+	2595	2627	2694
naif1+aa+175.648+faSl+	2381	2491	2463
naif1+aa+177.205+naDj+	1652	2467	2919
naif1+aa+181.962+fTam+	2554	2491	2503
naif1+aa+185.348+n\D-afh+	2746	2748	2704
naif1+aa+187.111+alnaSrh+	2847	2732	2720
naif1+aa+190.769+sTam+	2757	2871	2767
naif1+uu+192.240+fDwl+	2532	2468	2454
naif1+aa+197.016+alfDa\?g+	2736	2672	2623
naif1+aa+200.450+ktab+	2381	2124	2181
naif1+ii+202.258+tlyfwn+	2351	2339	2294
naif1+uu+202.439+tlyfwn+	2253	2141	2192
naif1+ii+204.165+mSyr+	2486	2482	2561
naif1+ii+205.872+sdyd+	2692	2710	2686
naif1+aa+207.661+mlabs+	2146	2049	2202
naif1+aa+209.371+alan+	2450	2418	2423
naif1+aa+210.856+baS+	2231	2287	2319
naif1+aa+212.608+ratb+	2483	2553	2565
naif1+aa+214.239+wasTh+	2363	2413	2375
naif1+aa+216.334+anfSal+	2651	2548	2415
naif1+ii+221.796+yTyr+	2561	2519	2569
naif1+uu+223.555+wDw\?g+	2349	2340	2205
naif1+aa+225.450+balTa\?grh+	2827	2460	2252
naif1+aa+227.372+tab+	2038	1831	2192
naif1+ii+229.359+qDyb+	2541	2501	2529
naif1+uu+232.715+zhwr+	2283	2294	2316
naif1+aa+234.366+bsaTh+	2607	2550	2540
naif1+aa+237.602+ant\D-am+	2613	2657	2654
naif1+aa+244.170+antSar+	2675	2642	2617
naif1+uu+245.929+skwt+	2137	2173	2212
naif1+aa+247.733+rDa\?g+	2627	2710	2648
naif1+aa+249.260+tab\9e+	2944	2073	2170
naif1+uu+257.575+sTwr+	2561	2526	2525
naif1+uu+259.139+hw+	2153	2233	2219
naif1+ii+260.691+n\D-yf+	2656	2618	2726
naif1+ii+264.083+mTyh+	2735	2520	2596
naif1+ii+265.839+jzyrh+	2329	2356	2421
naif1+uu+269.794+ftwr+	2178	2145	2170
naif1+uu+271.422+\shrwT+	2284	2299	2302
naif1+aa+273.251+mtwaSl+	2362	2369	2418
naif1+aa+275.056+Tbabh+	2331	2378	2409
naif1+aa+276.872+mna\D-r+	1784	1614	2072
naif1+ii+278.632+nSyb+	2520	2477	2522
naif1+aa+280.014+Samt+	2681	2590	2526
naif1+uu+283.803+fTwr+	2507	2443	2411
naif1+ii+285.283+hy+	2742	2470	2741
naif1+aa+289.112+mwa\D-bh+	2228	2579	2682
naif1+ii+294.105+fTyrh+	2669	2460	2419
naif1+aa+295.592+maDy+	2000	2435	2646
naif1+ii+295.903+maDy+	2465	2498	2532
naif1+ii+297.314+Sdyd+	2559	2429	2414
naif1+ii+299.231+mtwDy\?g+	2438	2425	2411
naif1+aa+300.641+maD+	2277	2510	2766
naif1+aa+302.417+awTan+	2703	2743	2650
naif1+uu+307.713+aSwl+	2671	2541	2522
naif1+uu+310.583+zhwr+	2248	2251	2246
naif1+aa+311.738+mwaTn+	2205	2493	2610
naif1+aa+312.935+maD+	2266	2874	2732
naif1+ii+316.739+mtwDy\?g+	2576	2577	2581
naif1+aa+317.944+faSl+	2437	2402	2493
naif1+uu+320.948+sTwr+	2899	2824	2771
naif1+ii+322.677+sdyd+	2597	2661	2651
naif1+aa+325.223+fTam+	2971	2958	2802
naif1+aa+326.921+alnaSrh+	2717	2812	2640
naif1+aa+328.818+anfSal+	2655	2673	2572
naif1+aa+330.075+baS+	2385	2479	2555
naif1+aa+331.598+rDa\?g+	2805	2898	2832
naif1+ii+333.051+hy+	2807	2421	2755
naif1+aa+334.534+sTam+	2856	2847	2719
naif1+aa+335.740+tab+	2435	2276	2323
naif1+ii+340.235+mTyh+	2684	2526	2612
naif1+aa+345.128+alfDa\?g+	2760	2696	2671
naif1+aa+348.256+Tbabh+	2348	2298	2354
naif1+aa+351.991+naDj+	1989	2098	2250
naif1+aa+353.448+HaDr+	2247	2366	2420
naif1+ii+354.921+w\D-yfh+	2590	2444	2673
naif1+aa+356.566+awTan+	2847	2566	2438
naif1+uu+358.722+fTwr+	2872	3018	2724
naif1+aa+360.285+alan+	2329	2305	2338
naif1+aa+363.417+ratb+	2227	2271	2371
naif1+aa+364.879+Tab\9e+	2497	2407	2549
naif1+aa+366.350+wasTh+	2359	2444	2417
naif1+uu+367.869+wDwh+	2341	2346	2338
naif1+ii+370.936+yTyr+	2468	2395	2423
naif1+aa+373.226+balTa\?grh+	2857	2806	2648
naif1+aa+374.593+Samt+	2648	2468	2391
naif1+uu+376.146+hw+	2239	2265	2254
naif1+aa+377.563+bsaTh+	2664	2636	2574
naif1+ii+380.062+qDyb+	2688	2620	2644
naif1+aa+381.297+n\D-afh+	2714	2747	2702
naif1+aa+382.686+ant\D-am+	2710	2718	2695
naif1+ii+383.977+jzyrh+	2351	2402	2421
naif1+ii+387.984+n\D-yf+	2674	2565	2676
naif1+uu+389.375+fDwl+	2483	2475	2414
naif1+uu+390.971+skwt+	2078	2161	2189
naif1+aa+392.341+mna\D-r+	2484	2794	2643
naif1+aa+396.938+mwa\D-bh+	3128	3077	2965
naif1+aa+398.777+antSar+	2582	2458	2380
naif1+ii+400.086+mSyr+	2396	2386	2412
naif1+aa+401.400+tab\9e+	2108	2075	2226
naif1+ii+404.727+fTyrh+	2557	2375	2381
naif1+aa+409.119+mlabs+	2423	2419	2400
naif1+ii+410.670+Sdyd+	2454	2349	2344
naif1+aa+413.390+mtwaSl+	2469	2463	2522
naif1+aa+414.987+ktab+	2340	2196	2238
naif1+ii+418.569+nSyb+	2381	2361	2326
naif1+aa+419.950+maDy+	2510	2908	3111
naif1+ii+420.222+maDy+	2381	2403	2430
naif1+ii+422.805+wsyTh+	2344	2341	2309
naif1+uu+425.756+\shrwT+	2275	2307	2394
naif1+ii+427.077+tlyfwn+	2349	2382	2371
naif1+uu+427.236+tlyfwn+	2263	2286	2289
naif1+uu+432.225+ftwr+	2238	2210	2227
naif1+aa+450.155+ba\?g+	2263	2284	2304
naif1+aa+451.327+ta\?g+	2388	2179	2177
naif1+ii+453.933+jym+	2928	2965	2999
naif1+aa+457.731+dal+	2317	2252	2299
naif1+aa+459.047+\dhal+	2387	2424	2445
naif1+ii+463.333+syn+	2274	2582	2912
naif1+ii+464.742+\shyn+	3087	3106	3110
naif1+aa+465.999+Sad+	2693	2650	2617
naif1+aa+467.611+Dad+	2799	2758	2740
naif1+aa+469.032+Ta\?g+	2933	2797	2724
naif1+aa+470.995+\D-a\?g+	2721	2706	2681
naif1+aa+475.050+fa\?g+	2277	2339	2358
naif1+aa+479.109+lam+	2391	2319	2320
naif1+ii+480.375+mym+	3082	3126	3135
naif1+uu+481.562+nwn+	2185	2163	2216
naif1+aa+482.727+ha\?g+	2228	2229	2265
naif2+uu+12.270+aSwl+	2305	2174	2212
naif2+aa+15.138+mwaTn+	2375	2457	2446
naif2+aa+16.601+awTan+	2744	2797	2734
naif2+aa+19.301+maD+	2554	2757	2767
naif2+aa+24.977+alfDa\?g+	2709	2701	2688
naif2+aa+27.378+baS+	2232	2354	2481
naif2+aa+29.135+antSar+	2716	2705	2655
naif2+aa+30.428+ratb+	2743	2748	2717
naif2+uu+32.365+fTwr+	3528	3338	3340
naif2+aa+33.777+wasTh+	2421	2422	2415
naif2+aa+35.520+Tbabh+	2392	2493	2539
naif2+aa+37.304+anfSal+	2612	2664	2611
naif2+ii+38.840+hy+	2656	2694	2597
naif2+aa+40.402+balTa\?grh+	2740	2736	2664
naif2+uu+41.755+wDw\?g+	2669	2953	2961
naif2+aa+43.111+tab+	2650	2390	2352
naif2+ii+44.717+tlyfwn+	2478	2442	2409
naif2+uu+44.909+tlyfwn+	2304	2309	2284
naif2+ii+46.338+qDyb+	2669	2563	2554
naif2+ii+48.032+jzyrh+	2296	2281	2402
naif2+aa+51.001+rDa\?g+	2784	2853	2781
naif2+uu+52.481+zhwr+	2341	2328	2331
naif2+aa+53.890+alnaSrh+	2850	2613	2605
naif2+aa+55.428+n\D-afh+	2744	2719	2672
naif2+aa+57.047+ant\D-am+	2640	2639	2620
naif2+ii+58.394+w\D-yfh+	2541	2446	2466
naif2+aa+64.335+mwa\D-bh+	2550	2612	2622
naif2+aa+65.751+tab\9e+	2464	2199	2225
naif2+aa+68.185+mna\D-r+	2702	2826	2887
naif2+uu+73.783+sTwr+	2500	2462	2455
naif2+ii+75.563+wsyTh+	2410	2376	2351
naif2+ii+77.328+n\D-yf+	2559	2484	2592
naif2+ii+78.893+mTyh+	2632	2682	2784
naif2+uu+82.461+\shrwT+	2260	2229	2233
naif2+aa+84.025+mtwaSl+	2371	2426	2502
naif2+ii+85.806+nSyb+	2365	2376	2471
naif2+uu+88.538+ftwr+	2329	2418	2310
naif2+uu+90.087+fDwl+	2823	2879	2648
naif2+ii+95.367+yTyr+	2706	2621	2552
naif2+aa+102.713+Tab\9e+	3045	2824	2708
naif2+aa+105.212+faSl+	2163	2337	2466
naif2+aa+107.423+alan+	2426	2353	2289
naif2+ii+108.864+fTyrh+	2804	2670	2681
naif2+uu+110.188+hw+	2239	2250	2261
naif2+aa+112.758+Samt+	2569	2767	2741
naif2+aa+114.219+maDy+	2023	2475	2968
naif2+ii+114.541+maDy+	2497	2503	2551
naif2+ii+116.272+mtwDy\?g+	2820	2815	2796
naif2+aa+117.894+fTam+	3008	3057	2928
naif2+uu+119.357+skwt+	2160	2151	2194
naif2+aa+125.548+sTam+	2969	2981	2808
naif2+ii+127.001+mSyr+	2570	2376	2430
naif2+aa+128.591+bsaTh+	2761	2749	2677
naif2+aa+130.092+mlabs+	2360	2343	2273
naif2+ii+132.082+Sdyd+	2463	2452	2515
naif2+aa+133.670+ktab+	2300	2109	2112
naif2+aa+135.456+naDj+	2927	2934	2924
naif2+ii+137.291+sdyd+	2393	2390	2398
naif2+ii+138.897+wsyTh+	2427	2379	2353
naif2+uu+140.550+aSwl+	2766	2282	2246
naif2+ii+142.067+w\D-yfh+	2431	2393	2586
naif2+aa+146.487+mwaTn+	2373	2446	2477
naif2+aa+148.939+faSl+	2386	2443	2484
naif2+aa+150.190+naDj+	2508	2505	2406
naif2+aa+154.256+fTam+	2899	3076	2839
naif2+aa+157.024+n\D-afh+	2767	2770	2944
naif2+aa+158.473+alnaSrh+	2383	2717	2778
naif2+aa+161.660+sTam+	2900	2831	2773
naif2+uu+163.196+fDwl+	2630	2714	2503
naif2+aa+168.173+alfDa\?g+	2885	2884	2725
naif2+aa+170.924+ktab+	2468	2474	2397
naif2+ii+172.347+tlyfwn+	2415	2380	2313
naif2+uu+172.533+tlyfwn+	2268	2238	2254
naif2+ii+173.858+mSyr+	2462	2373	2348
naif2+ii+175.325+sdyd+	2456	2572	2613
naif2+aa+176.571+mlabs+	2373	2413	2434
naif2+aa+178.047+alan+	2494	2505	2520
naif2+aa+179.273+baS+	2392	2484	2537
naif2+aa+180.529+ratb+	2758	2698	2656
naif2+aa+181.747+wasTh+	2379	2420	2456
naif2+aa+183.315+anfSal+	2646	2652	2603
naif2+ii+187.290+yTyr+	2555	2494	2540
naif2+uu+188.707+wDw\?g+	2525	2426	2362
naif2+aa+190.328+balTa\?grh+	2994	2965	2673
naif2+aa+191.677+tab+	2572	2259	2258
naif2+ii+193.476+qDyb+	2669	2478	2397
naif2+uu+196.008+zhwr+	2296	2324	2324
naif2+aa+197.269+bsaTh+	2595	2580	2543
naif2+aa+200.210+ant\D-am+	2598	2624	2610
naif2+aa+205.763+antSar+	2723	2706	2660
naif2+uu+207.185+skwt+	2135	2191	2253
naif2+aa+208.542+rDa\?g+	2802	2651	2607
naif2+aa+209.695+tab\9e+	2122	2195	2223
naif2+uu+215.669+sTwr+	2867	2700	2596
naif2+uu+216.872+hw+	2288	2298	2295
naif2+ii+217.926+n\D-yf+	2380	2364	2442
naif2+ii+220.352+mTyh+	2505	2481	2712
naif2+ii+221.741+jzyrh+	2296	2292	2313
naif2+uu+224.792+ftwr+	2328	2223	2211
naif2+uu+226.201+\shrwT+	2214	2254	2235
naif2+aa+227.549+mtwaSl+	2344	2385	2438
naif2+aa+229.095+Tbabh+	2349	2332	2341
naif2+aa+230.547+mna\D-r+	2358	2530	2685
naif2+ii+232.028+nSyb+	2372	2378	2397
naif2+aa+233.452+Samt+	2832	2911	2818
naif2+uu+237.454+fTwr+	2842	2920	2798
naif2+ii+238.560+hy+	2990	2382	2644
naif2+aa+241.305+mwa\D-bh+	2288	2582	2629
naif2+aa+242.666+Tab\9e+	2809	2947	2765
naif2+ii+245.496+fTyrh+	2535	2514	2502
naif2+aa+246.859+maDy+	2091	2109	2433
naif2+ii+247.166+maDy+	2587	2617	2723
naif2+ii+248.301+Sdyd+	2440	2477	2480
naif2+ii+249.945+mtwDy\?g+	2642	2661	2657
naif2+aa+251.235+maD+	2186	2305	2562
naif2+aa+252.966+awTan+	2753	2762	2637
naif2+uu+254.497+aSwl+	2502	2591	2464
naif2+uu+257.541+zhwr+	2294	2287	2260
naif2+aa+258.941+mwaTn+	2301	2489	2677
naif2+aa+260.335+maD+	2044	2359	2683
naif2+ii+263.751+mtwDy\?g+	2678	2695	2676
naif2+aa+264.922+faSl+	2650	2521	2519
naif2+uu+267.896+sTwr+	2524	2505	2507
naif2+ii+269.278+sdyd+	2524	2597	2610
naif2+aa+270.836+fTam+	2631	2625	2653
naif2+aa+272.857+alnaSrh+	2757	2932	2874
naif2+aa+274.555+anfSal+	2554	2663	2592
naif2+aa+275.562+baS+	2296	2434	2498
naif2+aa+277.039+rDa\?g+	2743	2788	2651
naif2+ii+278.558+hy+	2592	2492	2449
naif2+aa+280.015+sTam+	2942	3067	2940
naif2+aa+281.283+tab+	2393	2244	2225
naif2+ii+285.488+mTyh+	2652	2537	2666
naif2+aa+289.629+alfDa\?g+	2789	2851	2767
naif2+aa+292.592+Tbabh+	2418	2534	2534
naif2+aa+295.247+naDj+	2521	2291	2472
naif2+ii+297.804+w\D-yfh+	2511	2506	2692
naif2+aa+299.402+awTan+	3101	2931	2837
naif2+uu+301.212+fTwr+	2969	2649	2658
naif2+aa+302.454+alan+	2393	2360	2319
naif2+aa+304.911+ratb+	2553	2578	2661
naif2+aa+306.302+Tab\9e+	2825	2883	2992
naif2+aa+307.695+wasTh+	2306	2389	2448
naif2+uu+309.252+wDwh+	2949	2871	2474
naif2+ii+311.803+yTyr+	2497	2377	2368
naif2+aa+313.009+balTa\?grh+	2840	2801	2602
naif2+aa+314.356+Samt+	2785	2851	2875
naif2+uu+315.435+hw+	2249	2297	2301
naif2+aa+316.618+bsaTh+	2609	2614	2622
naif2+ii+319.039+qDyb+	2630	2490	2456
naif2+aa+320.181+n\D-afh+	2833	2950	2947
naif2+aa+321.850+ant\D-am+	2714	2733	2719
naif2+ii+323.136+jzyrh+	2249	2272	2288
naif2+ii+327.026+n\D-yf+	2496	2464	2589
naif2+uu+328.381+fDwl+	2996	2984	3028
naif2+uu+330.035+skwt+	2162	2113	2177
naif2+aa+331.194+mna\D-r+	2797	2823	2694
naif2+aa+334.180+mwa\D-bh+	2372	2562	2551
naif2+aa+336.028+antSar+	2568	2567	2525
naif2+ii+337.460+mSyr+	2444	2417	2443
naif2+aa+338.604+tab\9e+	2535	2493	2382
naif2+ii+341.168+fTyrh+	2615	2582	2573
naif2+aa+345.242+mlabs+	2473	2470	2460
naif2+ii+346.718+Sdyd+	2555	2553	2544
naif2+aa+348.087+mtwaSl+	2423	2456	2467
naif2+aa+350.205+ktab+	2353	2267	2276
naif2+ii+353.397+nSyb+	2470	2426	2506
naif2+aa+354.651+maDy+	2398	2764	2720
naif2+ii+354.937+maDy+	2729	2741	2778
naif2+ii+357.202+wsyTh+	2394	2438	2480
naif2+uu+359.812+\shrwT+	2467	2430	2392
naif2+ii+361.088+tlyfwn+	2392	2328	2282
naif2+uu+361.261+tlyfwn+	2200	2207	2206
naif2+uu+364.368+ftwr+	2496	2319	2210
naif2+aa+375.662+ba\?g+	2267	2463	2497
naif2+aa+376.786+ta\?g+	2466	2496	2530
naif2+ii+379.111+jym+	2608	2407	2334
naif2+aa+382.551+dal+	2503	2400	2379
naif2+aa+383.758+\dhal+	2464	2502	2475
naif2+ii+387.454+syn+	2301	2722	2893
naif2+ii+388.794+\shyn+	3146	3066	3007
naif2+aa+389.959+Sad+	2689	2657	2607
naif2+aa+391.331+Dad+	2853	2760	2686
naif2+aa+392.616+Ta\?g+	2855	2735	2695
naif2+aa+393.974+\D-a\?g+	2731	2742	2708
naif2+aa+397.679+fa\?g+	2297	2363	2399
naif2+aa+401.739+lam+	2445	2449	2461
naif2+ii+402.951+mym+	2880	3107	3137
naif2+uu+404.227+nwn+	2287	2332	2407
naif2+aa+405.461+ha\?g+	2455	2340	2314
saud+uu+3.284+aSwl+	2608	2688	2658
saud+aa+6.801+mwaTn+	2355	2359	2385
saud+aa+8.686+awTan+	2745	2652	2553
saud+aa+12.070+maD+	2177	2121	2131
saud+aa+20.528+alfDa\?g+	2717	2733	2766
saud+aa+24.672+baS+	2501	2573	2648
saud+aa+27.065+antSar+	2755	2809	2797
saud+aa+28.751+ratb+	2277	2324	2350
saud+uu+30.553+fTwr+	2796	2786	2747
saud+aa+36.297+Tbabh+	2535	2568	2597
saud+aa+38.443+anfSal+	2783	2774	2769
saud+ii+39.799+hy+	3092	3076	3092
saud+aa+42.479+balTa\?grh+	2701	2719	2740
saud+uu+44.085+wDw\?g+	2565	2632	2658
saud+aa+45.921+tab+	2673	2130	2601
saud+ii+48.657+tlyfwn+	2630	2570	2575
saud+uu+48.823+tlyfwn+	2278	2379	2442
saud+ii+50.697+qDyb+	2673	2685	2697
saud+ii+52.715+jzyrh+	2664	2672	2658
saud+aa+55.479+rDa\?g+	2641	2663	2707
saud+uu+56.967+zhwr+	2519	2522	2530
saud+aa+58.503+alnaSrh+	2336	2195	2092
saud+aa+60.314+n\D-afh+	2616	2651	2725
saud+aa+62.324+ant\D-am+	2605	2568	2420
saud+ii+63.975+w\D-yfh+	2663	2637	2626
saud+aa+69.891+mwa\D-bh+	2326	2301	2323
saud+aa+71.958+tab\9e+	2700	2513	2309
saud+aa+74.207+mna\D-r+	2097	1997	2126
saud+uu+80.749+sTwr+	2690	2698	2690
saud+ii+82.952+wsyTh+	2987	2974	2961
saud+ii+84.870+n\D-yf+	2699	2716	2739
saud+ii+86.961+mTyh+	2816	2849	3012
saud+uu+91.203+\shrwT+	2581	2645	2677
saud+aa+93.354+mtwaSl+	2533	2595	2634
saud+ii+95.797+nSyb+	2875	2877	2857
saud+uu+98.230+ftwr+	2525	2501	2524
saud+uu+100.226+fDwl+	2721	2706	2709
saud+ii+106.301+yTyr+	2850	2816	2822
saud+aa+116.709+Tab\9e+	2786	2879	2839
saud+aa+120.853+faSl+	2491	2587	2690
saud+aa+123.536+alan+	2609	2548	2418
saud+ii+125.081+fTyrh+	2710	2724	2727
saud+uu+126.672+hw+	2553	2476	2482
saud+aa+130.088+Samt+	2803	2822	2884
saud+aa+132.003+maDy+	2309	2118	2135
saud+ii+132.235+maDy+	2721	2727	2710
saud+ii+134.303+mtwDy\?g+	2592	2570	2558
saud+aa+135.951+fTam+	2645	2418	2156
saud+uu+137.781+skwt+	2357	2313	2374
saud+ii+149.379+mSyr+	2762	2770	2767
saud+aa+151.465+bsaTh+	2753	2732	2707
saud+aa+153.329+mlabs+	2737	2664	2656
saud+aa+156.907+ktab+	2736	2696	2654
saud+aa+158.601+naDj+	2458	2310	2266
saud+ii+172.656+wsyTh+	2809	2771	2757
saud+uu+174.664+aSwl+	2780	2737	2762
saud+ii+176.382+w\D-yfh+	2667	2676	2676
saud+aa+181.965+mwaTn+	2516	2507	2601
saud+aa+185.441+faSl+	2428	2611	2684
saud+aa+187.137+naDj+	2147	2241	2260
saud+aa+193.268+fTam+	2607	2579	2375
saud+aa+197.419+n\D-afh+	2628	2637	2656
saud+aa+200.411+alnaSrh+	2152	2248	2230
saud+ii+202.465+syf+	2753	2749	2763
saud+aa+204.539+sTam+	2535	2440	2400
saud+uu+206.379+fDwl+	2730	2735	2719
saud+aa+212.313+alfDa\?g+	2699	2744	2763
saud+aa+216.348+ktab+	2732	2650	2625
saud+ii+218.377+tlyfwn+	2716	2747	2756
saud+uu+218.550+tlyfwn+	2260	2395	2409
saud+ii+221.139+mSyr+	2668	2694	2749
saud+ii+223.322+sdyd+	2778	2895	2972
saud+aa+225.104+mlabs+	2705	2628	2688
saud+aa+226.974+alan+	2275	2239	2204
saud+aa+228.709+baS+	2362	2448	2534
saud+aa+230.397+ratb+	2631	2613	2621
saud+aa+234.742+anfSal+	2662	2685	2725
saud+ii+240.569+yTyr+	2831	2873	2885
saud+uu+242.806+wDw\?g+	2592	2651	2651
saud+aa+245.141+balTa\?grh+	2667	2693	2641
saud+aa+247.147+tab+	2774	2779	2784
saud+ii+249.020+qDyb+	2682	2683	2672
saud+uu+252.615+zhwr+	2696	2506	2576
saud+aa+254.398+bsaTh+	2667	2694	2696
saud+aa+258.484+ant\D-am+	2584	2458	2360
saud+aa+265.799+antSar+	2496	2526	2552
saud+uu+267.541+skwt+	2401	2478	2539
saud+aa+269.382+rDa\?g+	2486	2503	2512
saud+aa+271.132+tab\9e+	2363	2558	2601
saud+aa+272.919+msa\9edh+	2672	2567	2592
saud+uu+276.609+sTwr+	2611	2621	2670
saud+uu+278.302+hw+	2395	2306	2397
saud+ii+280.060+n\D-yf+	2709	2696	2697
saud+ii+283.712+mTyh+	2783	2813	2931
saud+ii+285.502+jzyrh+	2682	2739	2807
saud+uu+289.530+ftwr+	2364	2366	2506
saud+uu+291.485+\shrwT+	2266	2246	2352
saud+aa+293.443+mtwaSl+	2517	2575	2600
saud+aa+295.402+Tbabh+	2465	2516	2544
saud+aa+297.246+mna\D-r+	2325	2251	2168
saud+ii+299.069+nSyb+	2731	2703	2723
saud+aa+300.852+Samt+	2614	2685	2589
saud+uu+304.428+fTwr+	2758	2776	2772
saud+ii+306.026+hy+	3129	3181	3182
saud+aa+310.764+mwa\D-bh+	2486	2406	2346
saud+aa+312.430+Tab\9e+	2850	2824	2764
saud+ii+316.072+fTyrh+	2802	2780	2803
saud+aa+317.701+maDy+	2178	2158	2177
saud+ii+317.988+maDy+	2675	2669	2655
saud+ii+319.472+Sdyd+	2818	2918	2978
saud+ii+321.591+mtwDy\?g+	2722	2726	2723
saud+aa+322.897+maD+	2288	2254	2228
saud+uu+324.679+awTan+	2529	2754	2848
saud+aa+324.898+awTan+	2638	2457	2177
saud+uu+329.996+aSwl+	2739	2792	2745
saud+uu+330.255+aSwl+	2711	2627	2607
saud+uu+333.494+zhwr+	2632	2693	2710
saud+aa+335.353+mwaTn+	2414	2321	2281
saud+aa+337.306+maD+	2423	2270	2274
saud+ii+341.331+mtwDy\?g+	2667	2661	2654
saud+aa+342.897+faSl+	2264	2384	2494
saud+uu+346.313+sTwr+	2601	2621	2592
saud+ii+347.995+sdyd+	2746	2787	2774
saud+aa+349.711+fTam+	2398	2342	2312
saud+aa+351.425+alnaSrh+	2303	2230	2203
saud+aa+353.406+anfSal+	2701	2670	2733
saud+aa+355.021+baS+	2552	2619	2618
saud+aa+356.693+rDa\?g+	2524	2550	2580
saud+ii+358.126+hy+	2867	2539	2812
saud+aa+359.592+sTam+	2521	2524	2520
saud+aa+361.285+tab+	2434	2299	2490
saud+ii+366.122+mTyh+	2718	2848	3015
saud+aa+371.179+alfDa\?g+	2663	2668	2691
saud+aa+374.483+Tbabh+	2255	2302	2360
saud+ii+376.201+syf+	2685	2725	2750
saud+aa+377.844+naDj+	2328	2332	2331
saud+ii+380.884+w\D-yfh+	2706	2682	2661
saud+aa+382.639+awTan+	2334	2345	2357
saud+uu+384.167+fTwr+	2745	2730	2731
saud+aa+385.554+alan+	2525	2373	2309
saud+aa+388.596+ratb+	2548	2615	2700
saud+aa+390.048+Tab\9e+	2712	2716	2689
saud+aa+391.559+wasTh+	2577	2611	2654
saud+uu+393.158+wDwh+	2671	2703	2746
saud+ii+396.153+yTyr+	2730	2717	2728
saud+aa+397.900+balTa\?grh+	2695	2658	2683
saud+aa+399.426+Samt+	2318	2503	2576
saud+uu+401.024+hw+	2480	2526	2556
saud+aa+402.227+bsaTh+	2668	2644	2657
saud+ii+404.732+qDyb+	2591	2603	2656
saud+aa+406.115+n\D-afh+	2624	2669	2670
saud+aa+407.899+ant\D-am+	2478	2378	2333
saud+ii+409.413+jzyrh+	2771	2791	2802
saud+ii+413.741+n\D-yf+	2555	2635	2689
saud+uu+415.108+fDwl+	2458	2561	2609
saud+uu+415.275+fDwl+	2689	2682	2720
saud+uu+416.805+skwt+	2167	2300	2421
saud+aa+418.149+mna\D-r+	2215	2167	2139
saud+aa+421.073+mwa\D-bh+	2383	2360	2300
saud+aa+422.843+antSar+	2609	2615	2632
saud+ii+424.274+mSyr+	2728	2652	2661
saud+aa+425.675+tab\9e+	2440	2511	2565
saud+ii+428.552+fTyrh+	2709	2719	2721
saud+aa+430.067+msa\9edh+	2673	2625	2575
saud+aa+433.066+mlabs+	2557	2465	2466
saud+ii+434.708+Sdyd+	2717	2723	2749
saud+aa+436.095+mtwaSl+	2627	2637	2646
saud+aa+437.534+ktab+	2642	2335	2334
saud+ii+440.457+nSyb+	2974	2620	2647
saud+aa+441.770+maDy+	2401	2304	2309
saud+ii+442.059+maDy+	2636	2661	2682
saud+ii+443.504+wsTy+	2664	2662	2670
saud+ii+444.759+wsyTh+	2696	2683	2730
saud+uu+447.922+\shrwT+	2346	2483	2542
saud+ii+450.810+tlyfwn+	2702	2769	2842
saud+uu+450.977+tlyfwn+	2467	2350	2415
saud+uu+454.038+ftwr+	2434	2486	2550
saud+aa+468.312+ba\?g+	2662	2650	2628
saud+aa+469.649+ta\?g+	2674	2674	2678
saud+aa+471.006+\tfa\?g+	2655	2658	2641
saud+ii+472.529+jym+	2793	2922	3030
saud+aa+476.263+dal+	2487	2586	2561
saud+ii+481.637+syn+	2823	2994	3063
saud+aa+484.139+Sad+	2696	2663	2669
saud+aa+485.422+Dad+	2825	2821	2803
saud+aa+486.832+Ta\?g+	2665	2708	2702
saud+aa+488.233+\D-a\?g+	2697	2745	2764
saud+aa+492.514+fa\?g+	2567	2519	2509
saud+aa+496.659+lam+	2612	2637	2615
saud+ii+498.064+mym+	3218	3264	3357
saud+uu+499.570+nwn+	2482	2546	2599
saud+aa+501.003+ha\?g+	2494	2506	2542
