abu+aa+44.103+awTan	487	550	577	562	531	484	427	389	369	456
abu+aa+48.498+alan	488	501	488	491	489	459	417	393	374	441
abu+aa+53.453+alnaSrh	422	520	549	544	545	509	444	387	333	481
abu+aa+57.170+n\D-afh	439	474	504	518	520	483	506	605	616	440
abu+uu+59.064+zhwr	348	343	348	357	363	356	427	490	508	369
abu+aa+62.760+anfSal	424	484	508	514	507	483	437	406	391	454
abu+aa+64.464+ant\D-am	449	495	508	506	498	476	443	404	391	450
abu+uu+65.957+fDwl	376	385	387	394	389	373	343	320	312	363
abu+aa+67.624+msa\9edh	357	422	458	480	500	520	548	578	595	542
abu+uu+70.714+awtwbys	409	370	359	357	353	333	312	292	285	314
abu+uu+70.890+awtwbys	348	355	351	341	332	324	306	289	278	320
abu+ii+71.016+awtwbys	288	304	312	315	316	315	311	314	314	317
abu+ii+78.673+rtyb	298	319	313	315	324	327	312	297	292	347
abu+aa+87.188+Samt	489	550	584	588	562	512	443	394	370	457
abu+aa+88.554+Tab\9e	511	558	572	580	568	522	458	408	385	462
abu+aa+90.782+balTa\?grh	449	485	500	513	528	541	549	542	525	555
abu+aa+92.214+tab	443	528	569	584	577	538	482	423	397	492
abu+aa+94.542+ratb	521	526	527	517	483	429	401	396	398	358
abu+ii+101.131+thmymh	341	355	365	361	356	361	348	345	345	377
abu+ii+107.395+thmymh	353	349	346	343	345	356	368	368	366	370
abu+aa+120.068+raTy	495	527	544	546	530	491	482	484	479	434
abu+ii+120.314+raTy	360	363	354	343	330	326	320	321	303	316
abu+ii+123.934+hy	328	324	322	318	313	311	312	317	325	308
abu+aa+125.408+rDa\?g	436	459	473	492	513	522	507	506	501	520
abu+ii+126.780+rTyb	324	334	329	329	332	332	322	300	287	337
abu+uu+132.796+stwr	346	359	357	361	365	363	351	497	518	370
abu+ii+134.559+sdyd	309	316	317	314	312	311	309	304	298	309
abu+aa+135.839+maDn	433	456	478	495	496	465	411	365	343	434
abu+aa+136.915+maD	482	504	508	511	503	455	392	342	308	403
abu+ii+140.332+nDyf	361	346	337	333	335	339	345	367	424	344
abu+ii+144.533+nDyf	328	344	360	373	382	382	437	705	751	392
abu+uu+156.684+hw	355	357	356	356	358	361	365	371	381	363
abu+ii+158.181+w\D-yfh	368	357	341	333	324	326	311	315	319	329
abu+ii+159.873+mTyh	330	327	317	306	299	300	313	329	334	302
abu+aa+161.904+bsaTh	437	502	537	556	548	513	475	459	447	471
abu+aa+170.141+mtwaSl	462	480	504	517	502	454	518	549	543	403
abu+uu+171.595+sTwr	362	362	365	369	376	375	362	358	355	392
abu+uu+175.313+mSwl	345	347	354	367	369	359	328	302	289	349
abu+uu+195.517+smwT	391	393	397	392	374	358	356	349	347	337
abu+ii+205.247+tlyfwn	331	345	354	361	363	359	343	314	296	356
abu+uu+206.268+fTwr	384	395	409	422	434	439	422	404	398	453
abu+aa+207.491+naDr	490	530	535	519	507	462	435	421	398	437
abu+uu+228.519+fTwr	358	353	364	383	393	388	460	548	562	390
abu+ii+238.516+n\D-yf	354	359	363	356	346	332	311	532	596	329
abu+aa+243.333+mwa\D-bh	513	548	561	558	537	500	458	433	422	461
abu+aa+245.548+Tab	506	571	576	567	541	499	454	436	417	437
abu+aa+248.615+Tabh	488	535	545	537	518	497	481	472	468	471
abu+uu+256.195+Smwt	354	400	382	368	367	358	346	354	351	364
abu+aa+263.887+mna\D-r	464	480	499	497	486	460	427	409	398	432
abu+uu+267.229+wDw\?g	355	353	358	363	362	356	373	380	384	330
abu+ii+268.392+wsyTh	348	358	359	357	354	349	350	354	357	345
abu+aa+269.728+faSl	517	556	567	573	543	526	528	527	525	441
abu+ii+271.917+w\D-y\?g	329	336	326	320	326	333	323	315	318	346
abu+ii+280.107+wDyh	328	330	330	333	341	353	359	369	369	366
abu+uu+286.446+aSwl	329	355	370	378	385	369	344	334	325	381
abu+aa+288.000+fTam	493	541	552	548	538	502	439	409	388	470
abu+aa+289.654+alfDa\?g	436	479	510	521	528	508	495	479	470	512
abu+aa+290.796+ktab	422	474	509	530	530	488	418	378	353	448
abu+aa+291.883+maDr	478	500	526	533	528	495	461	449	433	486
abu+aa+297.715+naDl	443	486	498	505	489	445	407	390	371	366
abu+aa+298.914+naDl	471	497	503	503	494	455	404	365	364	424
abu+aa+299.441+naDl	432	485	490	489	480	450	419	402	398	404
abu+aa+301.100+naDl	437	464	483	484	459	420	378	357	357	362
abu+aa+302.727+at\9eab	617	591	585	578	544	482	411	363	338	426
abu+ii+304.419+mSyr	338	335	320	324	341	370	374	371	376	415
abu+ii+308.024+mSyr	351	369	373	374	373	368	368	366	368	363
abu+ii+314.639+mSyr	330	340	344	355	367	369	361	357	354	373
abu+aa+319.923+rTanh	490	534	556	538	517	468	422	386	370	441
abu+ii+321.044+mTyr	346	347	346	351	361	363	360	424	432	374
abu+ii+330.965+w\D-yf	341	329	318	316	313	316	305	512	618	323
abu+aa+332.793+mlabs	473	514	538	546	534	498	437	378	339	459
abu+aa+334.101+tab\9e	430	535	574	581	566	519	452	420	403	463
abu+aa+335.404+mwaTn	469	501	520	523	508	483	485	480	473	448
abu+ii+336.828+h\D-ym	342	330	331	336	336	334	317	310	306	337
abu+uu+340.265+mh\D-wm	358	377	384	395	397	383	354	327	315	365
abu+ii+345.927+s\9eyd	421	380	359	335	317	292	256	243	233	280
abu+ii+347.153+nSyb	326	328	322	325	334	317	287	273	261	322
abu+aa+348.420+antSar	485	542	577	586	576	544	579	579	581	488
abu+ii+349.738+fTyrh	338	336	332	338	354	371	390	412	421	407
abu+aa+353.406+wsTy	488	532	550	557	531	483	416	374	350	464
abu+aa+357.331+njtryh	463	499	503	499	490	442	412	455	449	415
abu+aa+371.942+balTa\?grh	475	525	558	576	585	578	555	528	514	570
abu+aa+374.105+naDl	396	436	459	470	474	455	415	401	390	435
abu+aa+375.417+mtwaSl	477	499	514	521	513	485	471	493	494	454
abu+aa+376.524+mlabs	493	516	526	526	508	468	418	375	354	415
abu+ii+380.029+nSyb	325	317	313	312	317	313	306	305	301	323
abu+uu+382.410+zhwr	380	375	380	387	391	386	363	348	339	391
abu+aa+384.487+naDr	449	479	489	496	493	453	384	364	347	420
abu+aa+385.806+maDr	447	484	505	515	504	467	434	419	406	425
abu+aa+387.116+fTam	474	517	530	534	529	486	426	400	375	454
abu+ii+388.405+wsyTh	329	334	335	338	341	337	337	342	340	330
abu+ii+389.968+S\9eyd	390	359	326	314	311	302	285	283	278	298
abu+aa+391.010+maDn	431	461	479	492	499	458	393	351	327	437
abu+uu+392.248+awtwbys	445	419	411	395	372	339	333	350	375	313
abu+uu+392.423+awtwbys	317	323	321	319	318	315	307	297	286	314
abu+ii+392.555+awtwbys	310	315	313	311	311	307	286	291	291	308
abu+uu+395.218+mSwl	363	365	369	371	373	356	338	330	322	348
abu+aa+397.919+ant\D-am	442	487	498	500	500	474	428	405	387	458
abu+ii+399.077+wDy\?g	347	327	318	315	316	317	326	341	345	326
abu+ii+402.451+mSyr	336	331	324	332	357	368	438	437	447	397
abu+ii+403.945+mTyr	329	334	333	337	351	364	359	355	355	395
abu+aa+406.026+msa\9edh	427	455	464	489	519	555	589	616	605	593
abu+ii+407.481+nDyf	326	318	317	319	323	323	501	705	762	332
abu+uu+409.590+wDw\?g	347	348	343	343	341	337	321	307	304	331
abu+uu+409.798+wDw\?g	342	344	348	355	365	369	379	395	398	384
abu+ii+410.969+rtyb	327	322	324	331	334	328	304	357	360	321
abu+aa+412.205+anfSal	441	499	529	531	524	484	433	409	391	473
abu+aa+414.363+sTam	461	505	508	503	497	476	422	402	385	462
abu+ii+417.237+w\D-yf	345	333	324	320	320	321	321	594	634	323
abu+ii+419.887+fTyrh	357	348	346	347	363	379	379	394	404	410
abu+aa+421.328+alfDa\?g	453	488	500	507	508	504	497	496	492	482
abu+aa+424.045+Tab\9e	501	548	555	572	576	533	468	440	414	492
abu+aa+425.626+tab	457	522	528	540	538	487	438	418	397	433
abu+aa+432.963+ratb	488	536	557	547	519	472	473	469	464	409
abu+aa+435.560+rDa\?g	418	458	483	510	532	515	492	466	451	514
abu+uu+437.914+sTwr	375	389	403	410	415	412	415	406	404	422
abu+ii+439.574+raTy	350	352	345	333	322	320	315	283	265	315
abu+aa+442.633+tab\9e	395	528	610	630	597	536	465	419	395	463
abu+uu+444.185+smwt	364	373	374	373	371	357	348	350	349	347
abu+aa+449.530+n\D-afh	469	503	533	551	556	522	497	512	513	491
abu+ii+452.067+rTyb	340	336	334	339	344	345	339	324	320	345
abu+aa+454.582+rTanh	460	481	503	514	503	455	404	366	350	418
abu+aa+495.964+nmal	454	488	518	534	536	499	447	405	383	473
abu+aa+498.261+alan	495	509	519	506	485	440	395	365	345	414
abu+ii+500.148+hDym	330	326	329	335	346	358	352	348	348	376
abu+aa+503.245+Samt	470	527	540	526	496	452	408	374	355	416
abu+aa+504.627+antSar	443	492	527	542	549	543	525	533	530	531
abu+aa+505.492+Tab	506	568	573	570	562	551	506	447	404	541
abu+aa+506.708+mwa\D-bh	426	441	472	489	494	475	448	432	423	456
abu+aa+508.167+alnaSrh	433	483	506	517	512	486	509	519	513	443
abu+uu+509.760+Smwt	396	420	422	416	410	397	390	423	422	394
abu+ii+512.183+thmymh	330	329	326	325	327	327	324	320	323	330
abu+ii+513.691+mTyh	340	338	319	317	317	323	337	358	364	325
abu+aa+516.071+awTan	458	504	503	482	470	438	405	392	378	396
abu+aa+517.281+mna\D-r	468	487	500	502	487	439	394	370	355	371
abu+uu+518.516+smwT	391	428	424	420	418	394	377	362	353	396
abu+ii+519.664+w\D-yfh	379	365	347	337	333	330	315	341	426	326
abu+uu+522.201+fTwr	392	408	409	412	416	407	380	390	385	413
abu+ii+523.561+s\9eyd	345	329	325	326	324	313	317	318	317	294
abu+ii+525.978+hy	334	329	308	302	303	308	325	349	356	313
abu+ii+527.211+n\D-yf	349	324	316	318	324	326	361	416	433	350
abu+ii+528.248+tlyfwn	334	332	337	342	338	315	270	401	618	290
abu+uu+528.462+tlyfwn	396	422	428	438	437	423	392	377	367	410
abu+aa+529.509+faSl	467	511	539	545	523	510	480	455	446	379
abu+aa+533.488+bsaTh	419	474	500	503	490	459	425	402	389	425
abu+uu+534.852+stwr	356	379	386	391	394	373	520	505	524	386
abu+uu+536.192+aSwl	362	377	374	372	377	369	347	331	323	379
abu+aa+537.458+ktab	443	505	535	538	522	460	389	344	316	412
abu+aa+538.766+mwaTn	461	474	487	499	490	460	419	397	392	418
abu+uu+539.925+hw	333	345	340	339	339	346	358	376	389	360
abu+uu+541.308+fDwl	361	365	369	373	376	372	349	332	322	380
abu+ii+542.572+sdyd	313	312	312	312	312	311	315	314	314	302
abu+aa+548.671+maDn	431	447	466	476	479	450	411	384	369	431
abu+ii+551.177+n\D-yf	358	334	321	320	322	324	316	315	314	334
abu+ii+552.258+nSyb	328	320	314	317	322	317	309	305	301	322
abu+ii+553.561+rtyb	311	316	312	313	315	315	306	300	297	317
abu+aa+557.383+bsaTh	425	421	442	445	447	430	410	419	425	413
abu+ii+558.732+wsyTh	327	338	335	333	336	338	336	334	338	342
abu+uu+561.408+zhwr	369	367	384	395	399	386	551	639	677	379
abu+aa+562.626+naDr	504	508	514	512	503	484	455	432	417	463
abu+aa+563.915+fTam	462	484	488	494	491	473	433	409	396	458
abu+ii+566.122+s\9eyd	376	337	318	314	310	305	304	299	297	292
abu+ii+567.120+S\9eyd	364	339	327	323	320	312	316	301	298	295
abu+uu+568.071+awtwbys	356	373	371	359	343	304	255	244	231	272
abu+uu+568.218+awtwbys	321	334	333	330	321	302	281	271	255	284
abu+ii+568.378+awtwbys	312	316	312	310	310	304	297	299	297	300
abu+ii+570.315+hy	322	315	311	308	314	324	343	366	386	338
abu+ii+572.199+wDy\?g	334	319	313	309	310	308	303	306	305	316
abu+ii+573.083+mTyr	350	338	334	338	351	367	357	351	349	392
abu+ii+576.529+mTyh	338	327	316	309	307	317	345	365	375	321
abu+aa+577.813+ktab	444	516	528	522	503	443	384	361	332	399
abu+ii+580.362+mSyr	326	324	322	323	336	348	339	341	342	394
abu+aa+581.420+msa\9edh	428	465	501	522	543	562	584	595	601	586
abu+uu+582.862+smwT	369	363	370	380	384	377	341	339	337	368
abu+aa+583.997+nDl	443	473	489	497	494	475	444	422	412	459
abu+aa+585.009+Tab\9e	495	542	560	570	561	500	421	375	344	452
abu+uu+587.170+wDw\?g	377	376	376	375	373	372	356	325	298	367
abu+uu+587.381+wDw\?g	362	358	360	363	374	373	370	365	362	388
abu+aa+588.443+anfSal	444	498	526	533	518	480	426	393	374	443
abu+aa+589.561+tab\9e	449	519	563	577	572	544	490	441	422	517
abu+aa+591.624+sTam	488	530	539	538	522	485	423	383	362	459
abu+aa+594.586+maDr	468	502	521	528	525	495	460	437	424	466
abu+uu+595.683+fDwl	383	381	376	381	386	374	353	340	332	374
abu+aa+596.775+balTa\?grh	462	502	532	542	548	541	521	489	473	535
abu+aa+599.023+awTan	500	541	551	555	541	508	461	441	424	481
abu+uu+599.814+sTwr	369	380	383	389	395	418	480	489	507	395
abu+ii+601.148+fTyrh	350	357	356	356	357	363	378	395	405	367
abu+aa+604.128+alan	510	523	521	511	503	487	457	434	423	487
abu+aa+606.023+mlabs	477	520	526	529	520	492	444	417	400	465
abu+aa+607.812+nmal	451	464	479	492	489	461	432	419	410	429
abu+aa+609.533+n\D-afh	485	526	543	546	543	535	533	538	534	527
abu+aa+610.416+rDa\?g	442	504	524	527	529	532	522	522	520	528
abu+aa+611.110+Samt	476	522	546	550	538	504	459	423	406	474
abu+aa+613.209+raTy	462	502	529	539	531	504	502	479	472	455
abu+ii+613.541+raTy	325	319	313	311	311	312	313	297	294	315
abu+uu+614.422+fTwr	378	392	396	400	406	408	400	393	390	416
abu+uu+615.871+smwt	355	402	410	405	402	382	366	351	342	371
abu+uu+617.074+Smwt	429	426	425	426	411	398	392	384	374	369
abu+uu+618.190+Smwt	416	410	402	400	388	364	358	365	377	336
abu+ii+619.834+rTyb	353	349	338	337	341	338	322	311	307	346
abu+aa+621.596+faSl	510	523	541	553	540	507	493	488	481	472
abu+ii+622.519+w\D-yf	343	318	316	319	324	319	425	422	438	345
abu+aa+623.512+ant\D-am	482	488	498	499	490	451	403	374	356	427
abu+uu+625.655+stwr	336	365	369	371	374	369	378	416	422	371
abu+ii+626.812+hw(hy)	299	296	292	288	288	298	322	344	352	309
abu+aa+627.830+rTanh	472	492	495	496	486	464	425	401	392	451
abu+ii+628.720+nDym	353	345	346	351	355	354	344	338	334	359
abu+ii+629.720+sdyd	308	311	313	317	319	322	336	335	337	309
abu+aa+631.536+Tab	532	576	578	571	547	483	405	351	323	415
abu+aa+633.039+antSar	444	512	538	545	539	504	469	489	481	487
abu+aa+633.989+alnaSrh	470	488	498	511	505	463	420	401	383	427
abu+uu+634.988+aSwl	352	352	352	355	366	361	342	330	322	383
abu+ii+636.248+thmymh	361	356	356	365	369	367	359	341	329	356
abu+aa+637.146+tab	470	528	542	547	536	502	460	426	409	473
abu+ii+638.818+nDyf	364	356	337	332	337	337	332	438	454	333
abu+aa+639.558+mwaTn	487	492	491	491	485	467	464	467	467	438
abu+aa+640.753+mna\D-r	468	507	517	521	510	481	452	429	418	432
abu+aa+641.672+alfDa\?g	481	512	533	541	542	536	518	514	509	539
abu+ii+644.733+Sdyd	317	315	321	326	330	329	308	301	295	328
abu+uu+646.447+mSwl	363	362	365	366	366	355	340	325	318	356
abu+ii+647.455+tlyfwn	332	345	356	364	367	357	304	296	537	351
abu+uu+647.645+tlyfwn	413	439	448	446	437	409	377	360	347	395
abu+ii+649.195+w\D-yfh	312	318	319	319	317	313	285	276	283	309
abu+aa+678.137+ba\?g	453	522	572	594	609	600	586	570	561	608
abu+aa+680.043+ta\?g	399	517	550	574	589	582	572	557	550	566
abu+aa+681.177+\tfa\?g	390	466	519	555	572	562	549	547	542	570
abu+ii+682.400+jym	262	275	304	320	325	325	313	310	307	333
abu+aa+683.473+Ha\?g	670	694	616	592	593	587	577	574	571	602
abu+aa+684.740+xa\?g	434	506	529	554	571	566	545	539	530	556
abu+aa+685.722+dal	398	484	546	569	563	505	444	421	394	451
abu+aa+686.809+\dhal	425	488	534	551	538	480	423	396	370	415
abu+ii+690.111+syn	329	337	331	326	328	332	328	329	329	345
abu+ii+691.095+\shyn	341	327	323	332	341	346	342	341	340	359
abu+aa+692.784+Sad	416	467	486	497	488	433	373	341	325	297
abu+aa+693.998+Dad	416	471	495	507	506	473	402	367	350	449
abu+aa+694.931+Ta\?g	473	489	518	548	559	543	537	529	530	489
abu+aa+696.157+\D-a\?g	371	436	473	487	476	437	390	378	352	391
abu+aa+701.156+lam	519	572	579	571	554	513	449	430	408	484
abu+ii+701.886+mym	326	338	344	350	351	352	339	337	335	355
abu+aa+702.580+ha\?g	562	595	562	562	551	543	525	503	495	542
abu+uu+703.514+nwn	358	365	353	350	354	346	315	295	283	335
abu+aa+705.032+ha\?g	451	555	553	544	548	541	539	536	533	558
alohali+uu+20.756+aSwl	430	433	421	418	421	404	362	340	326	424
alohali+aa+26.785+mwaTn	720	609	613	615	593	573	562	553	587	528
alohali+aa+30.173+awTan	564	642	689	746	721	615	492	428	372	512
alohali+aa+32.855+HaDr	850	798	750	712	674	595	507	452	421	507
alohali+aa+52.177+maD	859	747	732	722	716	669	592	516	466	617
alohali+aa+64.025+alfDa\?g	522	557	576	592	603	610	600	606	622	639
alohali+aa+69.753+baS	559	625	642	647	637	616	626	605	601	574
alohali+aa+73.018+antSar	558	609	629	655	662	645	650	627	622	614
alohali+aa+75.733+ratb	603	648	668	697	712	680	684	660	649	619
alohali+uu+78.583+fTwr	479	505	513	518	518	516	519	514	515	520
alohali+aa+81.659+wasTh	683	679	679	692	683	674	712	727	741	623
alohali+aa+86.366+Tbabh	512	590	617	644	656	624	544	486	458	597
alohali+aa+89.883+anfSal	588	618	640	655	654	626	554	481	449	600
alohali+ii+94.027+hy	369	434	426	382	342	314	302	294	286	285
alohali+uu+102.072+wDw\?g	428	431	433	427	426	434	436	444	443	448
alohali+aa+105.671+tab	544	599	620	654	668	648	632	628	625	623
alohali+ii+108.801+tlyfwn	449	464	467	465	451	429	431	433	598	387
alohali+uu+108.950+tlyfwn	465	490	501	500	470	465	437	397	389	467
alohali+ii+113.054+qDyb	425	434	425	411	385	372	367	356	356	357
alohali+ii+116.032+jzyrh	379	390	393	397	404	430	451	448	465	458
alohali+aa+121.942+rDa\?g	517	567	600	617	638	659	667	650	628	673
alohali+uu+125.647+zhwr	418	466	457	474	478	482	445	423	412	485
alohali+aa+129.865+alnaSrh	1014	904	843	756	693	646	659	665	759	580
alohali+aa+133.710+n\D-afh	585	627	648	659	648	628	711	685	691	552
alohali+aa+136.845+ant\D-am	543	588	608	629	622	680	633	552	521	874
alohali+ii+139.800+w\D-yfh	422	436	427	405	386	373	370	364	434	375
alohali+aa+149.451+mwa\D-bh	861	827	769	706	662	615	569	516	482	570
alohali+aa+153.036+tab\9e	550	616	645	674	674	631	568	505	469	583
alohali+aa+156.743+mna\D-r	871	844	798	786	728	625	537	496	477	534
alohali+aa+158.560+mna\D-r	542	733	895	896	835	745	648	568	535	623
alohali+uu+169.641+sTwr	465	477	475	472	479	480	492	482	482	489
alohali+ii+173.879+wsyTh	411	443	462	469	465	448	440	438	472	422
alohali+ii+176.952+n\D-yf	438	441	426	404	385	377	374	467	481	372
alohali+ii+182.320+mTyh	378	415	424	419	429	447	474	495	511	469
alohali+uu+188.628+\shrwT	500	513	495	497	491	471	452	432	424	465
alohali+aa+191.555+mtwaSl	570	593	614	642	650	642	658	666	669	579
alohali+ii+194.524+nSyb	445	446	413	395	403	393	382	372	362	360
alohali+uu+199.479+ftwr	401	424	425	432	455	462	466	462	458	471
alohali+uu+202.185+fDwl	451	465	471	472	463	442	402	382	371	436
alohali+ii+211.451+yTyr	434	471	463	434	423	425	431	432	437	461
alohali+aa+226.025+Tab\9e	632	705	742	761	754	692	588	504	453	615
alohali+aa+231.625+faSl	635	687	711	705	680	650	675	693	721	573
alohali+aa+234.585+alan	590	639	675	693	718	684	578	523	488	675
alohali+ii+237.829+fTyrh	469	484	478	473	489	521	538	554	563	576
alohali+uu+240.659+hw	504	519	524	520	519	535	541	542	548	570
alohali+aa+247.386+Samt	620	677	714	747	752	695	579	490	447	670
alohali+aa+249.856+maDy	837	788	645	697	683	607	535	564	553	520
alohali+ii+253.102+mtwDy\?g	432	444	420	370	336	316	298	279	256	316
alohali+aa+256.232+fTam	508	578	620	644	697	743	639	563	542	888
alohali+uu+259.185+skwt	390	423	417	403	402	402	392	387	386	416
alohali+aa+272.129+sTam	545	606	655	685	701	677	573	494	464	819
alohali+ii+275.285+mSyr	427	465	457	430	431	434	436	421	420	493
alohali+aa+278.693+bsaTh	630	645	658	655	637	606	593	589	581	564
alohali+aa+281.530+mlabs	619	649	660	666	652	590	527	466	435	513
alohali+aa+287.721+ktab	515	573	595	609	607	586	576	552	543	544
alohali+aa+290.600+naDj	964	867	811	829	786	713	661	605	575	557
alohali+ii+293.627+sdyd	333	339	332	325	323	319	312	307	302	319
alohali+ii+297.454+wsyTh	426	455	463	459	448	437	434	422	405	420
alohali+uu+300.259+aSwl	445	475	463	445	444	428	391	380	369	444
alohali+ii+302.856+w\D-yfh	413	435	436	429	407	386	357	318	307	354
alohali+ii+305.449+S\9eyd	481	458	432	406	385	361	340	334	328	331
alohali+aa+310.870+mwaTn	860	865	881	899	846	728	642	600	576	536
alohali+aa+313.167+HaDr	849	838	813	783	730	654	587	507	476	576
alohali+aa+315.730+faSl	611	636	652	668	657	627	625	638	637	589
alohali+aa+318.535+naDj	1118	1133	964	796	701	625	562	559	568	552
alohali+aa+326.014+fTam	562	607	646	668	671	692	587	504	468	753
alohali+aa+331.907+n\D-afh	585	634	663	670	656	634	644	684	685	589
alohali+aa+334.969+alnaSrh	759	1027	1048	1002	937	857	798	779	831	768
alohali+aa+340.557+sTam	576	625	669	694	724	703	587	506	467	712
alohali+uu+343.483+fDwl	434	444	449	451	453	453	420	396	389	474
alohali+aa+352.086+alfDa\?g	543	573	595	605	610	609	612	617	622	614
alohali+aa+357.721+ktab	527	585	622	654	657	628	621	584	559	594
alohali+ii+360.300+tlyfwn	435	438	438	434	424	408	387	383	386	392
alohali+uu+360.462+tlyfwn	465	496	505	510	532	526	471	422	377	555
alohali+ii+363.461+mSyr	417	454	441	414	423	418	402	401	396	433
alohali+aa+368.898+mlabs	627	651	670	670	641	586	507	451	426	528
alohali+aa+371.639+alan	700	767	759	744	710	635	532	443	409	618
alohali+aa+373.561+baS	578	638	657	654	644	621	618	612	608	649
alohali+aa+375.755+ratb	571	611	652	689	687	653	642	628	620	589
alohali+aa+378.541+wasTh	631	651	674	685	686	666	686	696	707	610
alohali+aa+381.983+anfSal	568	614	637	657	665	639	563	492	459	631
alohali+ii+389.066+yTyr	432	465	439	409	401	415	424	427	432	442
alohali+uu+391.437+wDw\?g	453	474	469	463	456	456	441	459	462	472
alohali+aa+398.132+tab	576	608	632	647	634	600	605	580	573	536
alohali+ii+400.818+qDyb	402	416	395	370	357	346	344	337	332	344
alohali+uu+407.320+zhwr	381	465	529	520	506	497	482	463	460	517
alohali+aa+410.305+bsaTh	565	616	632	647	642	610	585	567	559	558
alohali+aa+415.279+ant\D-am	551	589	621	629	634	639	548	477	461	774
alohali+aa+426.660+antSar	573	610	641	650	646	632	621	611	607	633
alohali+uu+429.063+skwt	398	437	438	425	415	397	387	381	374	378
alohali+aa+431.955+rDa\?g	533	571	588	609	619	625	623	586	557	638
alohali+aa+435.262+tab\9e	561	621	660	690	683	630	544	470	423	560
alohali+aa+438.154+msa\9edh	578	660	721	743	760	760	744	717	709	775
alohali+uu+444.543+sTwr	454	487	472	456	456	462	457	454	454	479
alohali+uu+447.687+hw	415	450	457	458	443	418	397	372	354	378
alohali+ii+450.642+n\D-yf	427	428	403	379	363	358	365	429	433	354
alohali+ii+459.627+jzyrh	377	394	400	406	419	443	466	488	503	468
alohali+uu+465.313+ftwr	381	451	458	449	455	462	461	447	445	478
alohali+uu+468.024+\shrwT	471	462	447	445	454	448	427	418	414	438
alohali+aa+470.219+mtwaSl	579	618	675	674	644	610	639	639	643	552
alohali+aa+473.493+Tbabh	448	541	591	631	648	627	567	523	503	602
alohali+aa+477.082+mna\D-r	924	1049	1090	955	815	672	617	529	495	594
alohali+ii+481.210+nSyb	409	440	428	405	391	379	371	360	356	366
alohali+aa+484.156+Samt	575	644	678	693	698	671	569	491	453	664
alohali+uu+491.848+fTwr	458	498	489	484	493	487	483	465	458	480
alohali+ii+493.975+hy	421	448	426	387	347	321	303	294	293	305
alohali+aa+499.356+mwa\D-bh	674	661	839	833	788	715	636	549	514	652
alohali+aa+502.158+Tab\9e	605	674	704	707	691	628	539	471	439	566
alohali+ii+507.290+fTyrh	457	458	464	446	428	438	463	477	489	448
alohali+aa+509.826+maDy	1023	1026	844	732	672	616	573	594	650	556
alohali+ii+510.033+maDy	375	345	322	317	304	297	290	277	386	292
alohali+ii+512.291+Sdyd	352	342	335	323	321	318	310	289	466	337
alohali+ii+515.444+mtwDy\?g	341	310	298	326	346	344	336	329	318	320
alohali+aa+518.408+maD	653	661	664	672	650	584	499	433	401	514
alohali+aa+521.280+awTan	553	612	651	652	657	717	651	567	537	836
alohali+uu+523.552+aSwl	421	446	439	443	437	421	378	345	333	419
alohali+uu+528.669+zhwr	434	492	496	474	455	448	438	422	416	442
alohali+aa+530.961+mwaTn	720	636	614	606	606	548	566	489	480	513
alohali+aa+533.552+maD	856	909	880	795	689	582	491	451	424	472
alohali+ii+539.578+mtwDy\?g	382	411	419	413	370	332	299	293	284	320
alohali+aa+542.104+faSl	567	634	663	663	642	607	616	671	678	563
alohali+uu+547.106+sTwr	445	456	443	444	461	468	471	462	458	470
alohali+ii+549.663+sdyd	329	329	327	329	337	341	327	332	334	352
alohali+aa+552.671+fTam	572	621	639	641	658	658	565	490	438	692
alohali+aa+555.205+alnaSrh	1176	1015	916	880	806	799	796	751	755	648
alohali+aa+558.774+anfSal	546	609	630	625	616	571	505	444	420	558
alohali+aa+561.353+baS	553	629	648	642	634	635	686	691	700	631
alohali+aa+564.114+rDa\?g	516	546	568	594	601	595	581	588	610	592
alohali+ii+566.076+hy	423	376	360	344	328	315	303	295	292	316
alohali+aa+568.426+sTam	542	598	630	641	659	676	591	510	470	720
alohali+aa+570.579+tab	541	640	669	665	651	620	545	509	488	581
alohali+ii+579.410+mTyh	429	451	474	488	498	525	547	548	538	568
alohali+aa+587.421+alfDa\?g	517	569	602	610	611	609	604	610	598	613
alohali+aa+593.659+Tbabh	562	625	667	678	663	619	544	486	461	569
alohali+aa+598.222+naDj	557	626	704	703	650	572	515	454	431	491
alohali+aa+600.746+HaDr	694	722	721	682	629	557	495	450	429	456
alohali+ii+603.031+w\D-yfh	439	456	442	415	388	376	367	359	353	380
alohali+aa+605.272+awTan	537	596	628	648	679	721	676	578	544	797
alohali+uu+608.084+fTwr	460	480	478	484	477	476	464	453	448	468
alohali+aa+610.838+alan	616	642	654	672	665	623	523	440	409	618
alohali+aa+616.295+ratb	592	637	667	675	661	629	607	597	592	581
alohali+aa+619.370+Tab\9e	591	636	671	684	669	629	585	516	495	587
alohali+aa+622.556+wasTh	607	659	678	669	647	618	625	642	659	587
alohali+uu+625.531+wDwh	432	456	454	456	477	478	473	470	464	489
alohali+ii+631.385+yTyr	431	471	459	436	433	441	448	443	445	464
alohali+aa+637.875+Samt	549	616	666	682	680	642	549	469	434	644
alohali+uu+640.621+hw	526	518	497	478	448	415	390	371	352	367
alohali+aa+643.465+bsaTh	550	608	623	646	644	621	600	572	550	587
alohali+ii+648.937+qDyb	414	410	402	392	399	388	370	363	358	381
alohali+aa+651.188+n\D-afh	555	613	633	633	622	603	597	635	632	576
alohali+aa+653.700+ant\D-am	576	622	656	664	683	643	550	469	432	718
alohali+ii+656.467+jzyrh	392	395	400	406	413	429	455	476	480	440
alohali+ii+664.977+n\D-yf	413	419	392	386	386	382	378	368	365	358
alohali+uu+668.007+fDwl	449	449	445	446	455	435	396	376	363	421
alohali+uu+670.779+skwt	382	412	452	449	449	439	422	407	399	437
alohali+aa+673.428+mna\D-r	822	719	734	736	720	685	637	575	529	652
alohali+aa+678.746+mwa\D-bh	658	712	726	693	642	597	563	537	526	556
alohali+aa+681.604+antSar	554	618	643	640	631	621	623	615	613	584
alohali+ii+684.530+mSyr	451	441	424	417	435	453	454	436	431	485
alohali+aa+687.517+tab\9e	596	649	683	698	693	657	593	519	474	610
alohali+ii+694.645+fTyrh	467	487	473	450	435	440	462	484	498	440
alohali+aa+704.735+mlabs	603	637	665	669	657	600	516	453	423	516
alohali+aa+710.021+mtwaSl	556	618	634	630	618	595	590	600	593	560
alohali+aa+712.619+ktab	564	611	623	631	631	611	605	579	566	577
alohali+ii+718.517+nSyb	436	438	402	378	364	351	339	326	322	344
alohali+aa+720.484+maDy	1037	693	641	646	620	558	615	646	606	484
alohali+ii+725.520+wsyTh	454	468	453	428	411	406	400	386	370	402
alohali+uu+730.790+\shrwT	498	537	526	510	500	471	454	443	435	438
alohali+ii+733.045+tlyfwn	369	375	376	374	367	366	371	376	385	356
alohali+uu+733.208+tlyfwn	509	588	618	636	638	591	520	440	395	612
alohali+uu+740.546+ftwr	394	428	428	435	450	451	448	438	433	457
alohali+aa+763.956+ba\?g	540	596	641	665	685	693	695	687	686	713
alohali+aa+765.835+ta\?g	591	628	641	658	673	691	686	674	675	723
alohali+aa+767.394+\tfa\?g	562	614	651	657	674	674	671	676	677	714
alohali+ii+769.049+jym	292	308	312	312	310	314	318	309	300	322
alohali+aa+770.616+Ha\?g	775	741	721	732	747	754	767	749	749	757
alohali+aa+772.507+xa\?g	698	702	703	694	695	704	682	685	688	734
alohali+aa+774.303+dal	591	613	630	647	639	576	488	420	387	512
alohali+aa+775.854+\dhal	501	543	590	621	635	632	616	551	513	634
alohali+aa+777.562+ra\?g	571	608	607	607	617	629	646	644	645	633
alohali+ii+781.370+syn	338	329	317	315	316	312	301	286	282	315
alohali+ii+783.448+\shyn	316	313	307	309	314	312	304	291	288	317
alohali+aa+785.438+Sad	587	620	636	639	634	592	547	522	501	555
alohali+aa+787.448+Dad	540	592	598	597	602	561	531	517	499	494
alohali+aa+789.941+Ta\?g	585	611	629	639	641	641	660	679	686	621
alohali+aa+792.469+\D-a\?g	499	562	597	611	610	601	599	616	608	574
alohali+aa+798.880+fa\?g	566	608	633	645	649	633	646	650	651	636
alohali+aa+806.487+lam	565	630	666	670	666	608	502	439	402	601
alohali+ii+808.549+mym	295	302	301	303	310	314	304	290	287	331
alohali+uu+810.745+nwn	296	341	351	353	351	334	307	286	274	317
alohali+aa+812.678+ha\?g	681	690	684	678	685	685	694	695	694	679
alotaiq+uu+36.829+aSwl	452	474	466	465	451	437	419	405	399	401
alotaiq+aa+40.965+mwaTn	700	695	675	684	657	641	664	736	785	541
alotaiq+aa+43.229+awTan	610	680	680	672	651	618	610	630	630	550
alotaiq+aa+44.659+HaDr	905	905	836	781	731	646	589	555	532	545
alotaiq+aa+46.645+maD	599	651	665	682	677	637	541	520	491	596
alotaiq+aa+53.714+alfDa\?g	527	583	641	674	683	692	708	695	697	709
alotaiq+aa+55.917+baS	591	639	662	682	682	654	643	674	674	623
alotaiq+aa+57.448+antSar	615	679	718	749	754	724	745	775	778	703
alotaiq+aa+58.659+ratb	620	666	688	698	699	700	750	756	778	691
alotaiq+uu+59.954+fTwr	483	503	499	502	511	513	506	491	486	517
alotaiq+aa+61.188+wasTh	504	563	606	632	654	628	617	605	644	621
alotaiq+aa+64.681+Tbabh	598	636	658	673	671	618	561	530	512	555
alotaiq+aa+65.986+anfSal	604	660	683	700	679	651	618	623	617	614
alotaiq+ii+66.972+hy	464	473	454	429	404	371	335	305	286	337
alotaiq+aa+68.421+balTa\?grh	612	652	675	692	713	729	732	715	691	756
alotaiq+uu+69.914+wDw\?g	473	502	507	510	508	497	468	450	441	493
alotaiq+aa+70.898+tab	702	786	837	822	771	698	680	663	650	581
alotaiq+ii+72.040+tlyfwn	370	417	431	423	415	414	405	398	396	423
alotaiq+uu+72.219+tlyfwn	526	578	592	609	614	607	641	649	652	505
alotaiq+ii+74.709+qDyb	442	475	441	403	384	379	378	377	375	383
alotaiq+ii+76.070+jzyrh	363	391	417	456	480	495	514	514	525	499
alotaiq+aa+78.695+rDa\?g	505	580	612	628	645	652	665	687	690	639
alotaiq+uu+79.956+zhwr	467	504	500	499	501	503	534	578	588	491
alotaiq+aa+81.049+alnaSrh	575	717	727	712	685	720	844	924	970	668
alotaiq+aa+82.642+n\D-afh	512	591	632	639	634	617	634	660	650	583
alotaiq+aa+83.829+ant\D-am	507	593	655	707	691	685	745	796	816	612
alotaiq+ii+84.921+w\D-yfh	476	480	451	417	398	393	357	319	307	409
alotaiq+aa+90.378+mwa\D-bh	585	600	617	619	607	579	546	527	488	550
alotaiq+aa+92.015+tab\9e	680	757	753	741	708	642	570	515	489	551
alotaiq+aa+93.551+mna\D-r	588	668	670	679	683	635	579	552	526	561
alotaiq+uu+100.588+sTwr	480	500	504	494	493	495	489	518	521	502
alotaiq+ii+102.915+wsyTh	388	388	384	393	421	424	417	412	433	429
alotaiq+ii+104.582+n\D-yf	482	475	449	418	402	396	385	454	462	425
alotaiq+ii+105.623+mTyh	450	446	396	394	391	397	424	467	482	385
alotaiq+uu+109.124+\shrwT	516	517	508	504	497	487	475	448	441	485
alotaiq+aa+110.337+mtwaSl	555	603	627	644	645	627	599	617	635	605
alotaiq+ii+111.797+nSyb	432	447	433	427	428	427	416	406	403	446
alotaiq+uu+113.175+ftwr	422	476	501	505	501	501	503	551	552	511
alotaiq+uu+114.319+fDwl	454	485	488	477	474	469	460	449	445	481
alotaiq+ii+122.891+yTyr	421	395	393	401	409	404	400	390	386	396
alotaiq+aa+128.598+wsTy	599	672	703	698	706	770	831	900	934	903
alotaiq+aa+131.274+Tab\9e	688	730	754	740	701	651	652	622	599	572
alotaiq+aa+133.861+faSl	713	736	737	732	709	695	683	690	695	666
alotaiq+aa+135.146+alan	673	756	766	751	715	655	600	591	576	604
alotaiq+ii+136.262+fTyrh	462	452	435	427	429	451	476	497	506	481
alotaiq+uu+137.414+hw	472	489	479	473	471	463	447	433	421	457
alotaiq+aa+140.514+Samt	631	680	714	726	713	659	628	529	497	591
alotaiq+aa+141.528+maDy	557	725	746	733	689	606	516	489	469	526
alotaiq+ii+141.709+maDy	486	508	500	476	432	396	389	522	516	351
alotaiq+uu+142.897+mtwDy\?g	461	506	527	545	563	573	569	549	515	586
alotaiq+ii+143.108+mtwDy\?g	444	481	460	416	392	375	372	369	370	360
alotaiq+aa+144.253+fTam	624	682	726	739	746	792	865	833	844	734
alotaiq+uu+145.453+skwt	415	419	429	455	471	465	445	404	397	446
alotaiq+aa+146.752+msa\9edh	582	632	657	677	699	727	758	783	816	758
alotaiq+aa+150.922+sTam	617	665	690	697	704	691	607	557	542	690
alotaiq+ii+186.424+mSyr	360	393	376	378	390	388	391	353	315	392
alotaiq+aa+187.791+bsaTh	559	621	651	641	631	615	722	797	883	552
alotaiq+aa+189.027+mlabs	617	649	689	709	683	615	643	670	633	480
alotaiq+aa+192.376+ktab	594	705	750	755	727	683	677	681	677	608
alotaiq+aa+193.420+naDj	515	636	648	646	624	555	600	554	546	474
alotaiq+ii+194.806+sdyd	353	372	355	345	352	358	367	380	383	366
alotaiq+ii+196.122+wsyTh	386	392	389	398	424	418	405	433	390	426
alotaiq+uu+197.323+aSwl	454	481	482	475	471	470	469	468	463	466
alotaiq+ii+198.460+w\D-yfh	446	452	421	378	349	325	305	309	312	328
alotaiq+aa+202.897+mwaTn	572	579	591	609	599	562	538	539	525	496
alotaiq+aa+205.290+faSl	650	697	693	666	640	587	685	767	812	435
alotaiq+aa+206.478+naDj	621	655	652	639	623	570	495	457	441	540
alotaiq+aa+209.930+fTam	597	654	654	661	648	568	575	576	567	531
alotaiq+aa+212.360+n\D-afh	500	571	627	655	672	649	640	662	672	613
alotaiq+aa+213.506+alnaSrh	550	711	714	695	667	651	711	775	805	581
alotaiq+aa+215.953+sTam	667	717	715	709	712	654	579	510	475	613
alotaiq+uu+217.032+fDwl	463	478	477	478	483	463	443	433	423	455
alotaiq+aa+221.732+alfDa\?g	503	558	607	642	661	659	630	593	596	664
alotaiq+aa+224.060+ktab	684	707	721	729	716	700	702	689	686	642
alotaiq+ii+224.912+tlyfwn	345	365	378	394	408	410	392	378	369	416
alotaiq+uu+225.061+tlyfwn	522	546	569	582	589	557	519	538	529	565
alotaiq+ii+226.284+mSyr	425	464	449	452	472	481	472	523	527	494
alotaiq+ii+227.469+sdyd	389	419	433	426	411	395	382	441	447	380
alotaiq+aa+228.587+mlabs	596	662	698	700	677	624	620	607	579	558
alotaiq+aa+229.740+alan	546	628	665	687	678	624	580	513	487	558
alotaiq+aa+230.607+baS	593	642	663	661	654	629	571	599	593	629
alotaiq+aa+231.864+ratb	610	665	704	730	721	702	713	717	710	660
alotaiq+aa+234.697+anfSal	560	630	653	653	642	619	593	525	523	591
alotaiq+ii+238.490+yTyr	438	446	414	419	432	436	429	427	425	446
alotaiq+uu+239.643+wDw\?g	430	462	464	461	454	452	450	436	437	450
alotaiq+aa+242.288+tab	655	694	690	685	668	620	613	632	628	574
alotaiq+ii+243.732+qDyb	431	456	412	387	384	381	374	344	338	387
alotaiq+uu+245.919+zhwr	435	462	473	480	484	480	523	552	562	482
alotaiq+aa+247.054+bsaTh	499	558	558	609	639	633	678	642	626	559
alotaiq+aa+249.332+ant\D-am	525	601	616	618	606	616	609	581	577	520
alotaiq+aa+254.113+antSar	596	643	652	652	641	678	716	728	744	635
alotaiq+uu+255.245+skwt	408	459	459	449	442	418	387	399	439	380
alotaiq+aa+256.248+rDa\?g	501	573	606	633	644	628	614	598	557	606
alotaiq+aa+257.206+tab\9e	590	644	647	646	635	571	605	538	521	492
alotaiq+uu+261.199+sTwr	453	484	491	486	480	490	549	563	577	492
alotaiq+uu+261.956+hw	455	468	483	472	452	428	400	383	369	421
alotaiq+ii+263.006+n\D-yf	439	461	406	373	365	362	327	308	301	382
alotaiq+ii+265.128+mTyh	441	457	437	405	382	370	366	369	383	361
alotaiq+ii+266.234+jzyrh	334	374	403	423	439	459	486	510	525	481
alotaiq+uu+268.326+ftwr	429	474	475	472	477	475	463	498	501	471
alotaiq+uu+269.358+\shrwT	497	493	489	483	474	461	466	508	515	461
alotaiq+aa+270.451+mtwaSl	539	574	591	612	616	566	573	670	705	541
alotaiq+aa+271.403+Tbabh	597	631	640	646	639	590	536	501	484	534
alotaiq+aa+272.461+mna\D-r	540	558	550	544	540	511	515	482	470	520
alotaiq+ii+273.671+nSyb	447	457	426	405	381	359	329	308	301	344
alotaiq+aa+274.525+Samt	575	637	670	663	657	598	551	487	459	581
alotaiq+uu+276.569+fTwr	469	480	480	480	484	491	498	491	492	504
alotaiq+ii+277.441+hy	466	471	444	409	386	375	374	369	365	369
alotaiq+aa+279.440+mwa\D-bh	575	578	596	600	592	562	534	606	649	541
alotaiq+aa+280.522+Tab\9e	646	646	678	697	692	626	534	471	439	564
alotaiq+ii+283.009+fTyrh	430	470	481	484	486	492	508	520	519	498
alotaiq+aa+285.315+maDy	615	683	660	635	620	585	527	476	453	572
alotaiq+ii+285.505+maDy	481	508	504	481	458	452	456	445	436	449
alotaiq+ii+286.689+Sdyd	419	438	414	389	374	360	340	321	315	353
alotaiq+uu+287.624+mtwDy\?g	420	470	490	510	527	536	527	501	476	542
alotaiq+ii+287.865+mtwDy\?g	459	482	474	462	435	412	397	387	383	372
alotaiq+aa+288.833+maD	570	597	605	616	614	570	515	482	465	532
alotaiq+ii+289.023+maD	463	486	486	473	458	448	442	432	422	440
alotaiq+aa+290.068+awTan	574	638	669	694	709	680	616	531	501	629
alotaiq+uu+290.999+aSwl	456	460	454	463	462	442	433	408	398	417
alotaiq+uu+293.010+zhwr	444	475	481	485	489	475	495	501	501	469
alotaiq+aa+294.162+mwaTn	582	598	600	608	611	585	563	529	492	551
alotaiq+aa+295.074+maD	474	533	557	575	580	519	610	632	631	452
alotaiq+ii+295.285+maD	477	500	495	472	451	440	420	406	378	443
alotaiq+uu+297.387+mtwDy\?g	422	467	493	506	520	529	529	517	488	543
alotaiq+ii+297.651+mtwDy\?g	454	485	474	455	443	439	423	411	403	454
alotaiq+aa+298.337+faSl	622	662	667	652	638	612	530	543	609	570
alotaiq+uu+300.417+sTwr	473	480	474	476	481	487	463	463	459	492
alotaiq+ii+301.439+sdyd	362	363	361	353	341	315	293	289	283	299
alotaiq+aa+302.479+fTam	573	626	658	659	629	619	661	587	585	506
alotaiq+aa+303.507+alnaSrh	516	586	604	608	614	580	558	709	759	559
alotaiq+aa+304.909+anfSal	555	626	643	651	650	635	587	552	536	617
alotaiq+aa+305.834+baS	566	633	651	639	630	592	617	646	648	570
alotaiq+aa+306.970+rDa\?g	475	547	589	614	618	610	589	554	565	598
alotaiq+ii+308.161+hy	394	388	381	360	340	325	310	294	294	314
alotaiq+aa+309.187+sTam	641	680	688	682	652	652	666	655	658	519
alotaiq+aa+310.227+tab	624	663	658	655	650	620	652	671	674	578
alotaiq+ii+313.862+mTyh	415	413	395	371	341	317	311	315	327	283
alotaiq+aa+317.207+alfDa\?g	443	523	567	599	618	628	629	596	586	611
alotaiq+aa+319.361+Tbabh	529	602	614	616	611	593	554	529	517	577
alotaiq+aa+322.379+naDj	483	607	594	601	612	598	550	508	491	603
alotaiq+ii+324.055+w\D-yfh	449	449	423	402	380	353	314	284	263	324
alotaiq+aa+325.216+awTan	566	610	619	595	562	536	539	487	478	514
alotaiq+uu+326.229+fTwr	456	467	462	459	464	472	473	476	477	487
alotaiq+aa+327.093+alan	538	588	629	658	663	664	643	569	556	668
alotaiq+aa+328.893+ratb	623	644	639	634	640	628	655	686	715	627
alotaiq+aa+329.982+Tab\9e	720	706	688	674	654	606	537	467	418	552
alotaiq+uu+332.060+wDwh	437	458	459	458	466	471	449	435	431	492
alotaiq+ii+333.976+yTyr	445	426	396	395	400	420	434	431	436	435
alotaiq+aa+335.032+balTa\?grh	593	628	651	674	686	693	692	687	676	697
alotaiq+aa+336.155+Samt	616	676	701	687	655	570	469	433	403	541
alotaiq+uu+337.058+hw	492	497	482	459	437	421	421	411	410	402
alotaiq+aa+337.994+bsaTh	608	640	644	643	639	635	631	615	598	630
alotaiq+ii+339.929+qDyb	419	443	420	405	404	401	396	394	392	414
alotaiq+aa+340.732+n\D-afh	493	576	609	613	614	603	563	637	709	603
alotaiq+aa+341.813+ant\D-am	556	623	653	648	631	622	673	644	648	542
alotaiq+ii+342.666+jzyrh	386	432	436	443	459	477	489	481	482	493
alotaiq+ii+345.735+n\D-yf	461	459	424	405	399	415	410	399	399	440
alotaiq+uu+346.831+fDwl	449	457	456	458	459	457	433	418	414	482
alotaiq+uu+347.855+skwt	421	464	450	448	454	460	461	446	441	463
alotaiq+aa+348.886+mna\D-r	562	554	545	515	500	451	447	451	442	398
alotaiq+aa+351.941+mwa\D-bh	514	560	580	583	586	572	536	502	468	558
alotaiq+aa+353.129+antSar	577	639	652	685	681	655	668	696	702	635
alotaiq+ii+354.169+mSyr	449	460	439	418	421	438	439	423	423	474
alotaiq+aa+355.140+tab\9e	640	653	678	675	646	606	543	500	484	584
alotaiq+ii+357.529+fTyrh	415	426	423	409	405	419	440	459	459	438
alotaiq+aa+360.634+mlabs	528	576	531	566	603	616	575	543	529	633
alotaiq+ii+361.727+Sdyd	372	372	368	361	354	342	326	310	298	335
alotaiq+aa+362.880+mtwaSl	446	492	500	508	530	554	578	583	532	577
alotaiq+aa+364.090+ktab	543	598	620	624	620	618	604	603	591	604
alotaiq+ii+373.213+nSyb	403	413	414	414	406	396	388	386	384	391
alotaiq+aa+374.477+maDy	608	700	674	638	620	575	551	560	540	546
alotaiq+ii+374.689+maDy	478	494	491	482	468	435	409	389	373	390
alotaiq+ii+376.992+wsyTh	392	409	428	442	447	450	445	428	412	451
alotaiq+uu+381.300+\shrwT	486	493	481	479	480	480	461	445	441	499
alotaiq+ii+382.785+tlyfwn	396	422	451	464	461	448	422	400	386	429
alotaiq+uu+382.965+tlyfwn	512	549	572	573	554	503	445	389	394	449
alotaiq+uu+386.269+ftwr	437	464	487	488	487	492	486	476	475	502
alotaiq+aa+495.201+ba\?g	593	614	629	663	689	694	683	707	712	684
alotaiq+ii+497.840+jym	340	323	317	327	346	360	337	303	289	388
alotaiq+aa+501.642+\dhal	527	613	661	699	716	705	705	729	731	715
alotaiq+aa+502.638+ra\?g	582	582	616	644	668	671	635	661	656	663
alotaiq+ii+505.062+syn	418	425	386	366	357	356	356	322	318	331
alotaiq+ii+505.999+\shyn	399	410	397	385	379	376	368	374	376	384
alotaiq+aa+507.111+Sad	645	684	683	687	684	643	674	686	681	552
alotaiq+aa+508.099+Dad	553	620	650	686	698	659	641	586	564	595
alotaiq+aa+509.398+Ta\?g	601	626	635	646	658	677	725	722	729	633
alotaiq+aa+510.514+\D-a\?g	608	633	655	659	661	660	705	740	783	664
alotaiq+aa+513.146+fa\?g	620	676	716	727	718	697	704	732	735	651
alotaiq+aa+515.727+lam	593	676	691	706	705	698	709	602	577	717
alotaiq+ii+516.686+mym	440	438	418	418	427	426	393	331	316	428
alotaiq+uu+517.619+nwn	494	529	523	520	514	471	382	362	338	466
mohammed+uu+37.810+aSwl	399	390	389	392	392	380	356	338	330	383
mohammed+aa+41.930+mwaTn	596	717	797	758	691	612	576	545	491	565
mohammed+aa+44.033+awTan	559	643	774	898	800	667	532	402	348	415
mohammed+aa+48.583+maD	809	769	749	735	700	614	532	488	454	547
mohammed+aa+61.715+alfDa\?g	524	589	624	651	669	681	687	683	683	694
mohammed+aa+66.291+baS	568	650	709	747	748	734	692	678	669	721
mohammed+aa+68.743+antSar	591	647	651	679	675	646	631	584	572	570
mohammed+aa+71.386+ratb	578	658	743	781	735	659	645	633	625	519
mohammed+uu+74.628+fTwr	380	379	381	381	390	393	401	417	424	389
mohammed+aa+88.416+wasTh	622	643	658	670	653	628	632	627	644	567
mohammed+aa+100.358+Tbabh	566	647	722	736	716	678	650	629	607	614
mohammed+aa+103.737+anfSal	563	624	654	670	659	612	544	489	466	565
mohammed+ii+106.076+hy	371	385	385	377	361	345	353	378	414	325
mohammed+aa+108.584+balTa\?grh	622	676	700	714	730	738	730	718	694	750
mohammed+uu+111.351+wDw\?g	367	368	370	371	376	383	381	386	390	386
mohammed+aa+114.027+tab	578	633	658	693	685	639	605	596	583	545
mohammed+ii+116.742+tlyfwn	375	360	349	342	336	332	328	329	329	326
mohammed+uu+116.938+tlyfwn	554	695	596	619	714	658	552	466	418	558
mohammed+ii+119.555+qDyb	369	378	363	344	320	319	297	279	275	329
mohammed+ii+122.125+jzyrh	367	363	376	382	379	391	421	452	469	391
mohammed+aa+127.152+rDa\?g	544	598	622	646	667	686	686	689	688	709
mohammed+uu+129.678+zhwr	370	390	399	400	398	413	418	419	423	420
mohammed+aa+131.865+alnaSrh	490	664	825	887	829	758	680	654	706	587
mohammed+aa+134.193+n\D-afh	609	671	701	702	680	663	655	669	683	653
mohammed+aa+137.117+ant\D-am	491	554	703	817	819	703	547	459	388	620
mohammed+ii+139.559+w\D-yfh	400	385	383	384	371	357	349	384	426	345
mohammed+aa+147.480+mwa\D-bh	584	718	761	771	736	693	644	600	580	603
mohammed+aa+153.367+mna\D-r	572	747	849	842	745	659	565	507	491	584
mohammed+uu+162.000+sTwr	379	375	376	377	403	419	438	462	471	447
mohammed+ii+164.836+wsyTh	354	381	372	365	377	391	390	384	469	422
mohammed+ii+167.908+n\D-yf	370	389	384	360	336	329	321	322	323	351
mohammed+ii+170.687+mTyh	382	380	377	358	346	344	335	326	317	362
mohammed+uu+176.225+\shrwT	406	393	389	391	405	401	400	391	384	394
mohammed+aa+178.976+mtwaSl	531	571	626	655	640	620	625	650	656	542
mohammed+ii+182.130+nSyb	378	371	349	337	325	318	306	299	299	330
mohammed+uu+184.843+ftwr	378	371	382	396	414	430	428	436	439	480
mohammed+uu+187.292+fDwl	396	373	371	365	370	368	350	344	338	379
mohammed+ii+196.267+yTyr	374	366	349	336	357	380	393	402	405	420
mohammed+aa+210.665+Tab\9e	654	743	780	807	763	703	662	633	622	588
mohammed+aa+217.711+faSl	630	732	774	803	793	726	696	693	671	575
mohammed+aa+220.749+alan	724	747	817	753	689	583	477	435	401	534
mohammed+uu+226.666+hw	382	388	395	395	388	375	381	405	438	354
mohammed+aa+232.679+Samt	533	662	752	819	810	732	603	500	449	719
mohammed+aa+235.739+maDy	617	684	834	904	779	655	521	483	460	555
mohammed+ii+236.031+maDy	378	334	297	294	290	294	296	300	302	295
mohammed+aa+241.517+fTam	647	954	994	899	773	703	588	499	489	586
mohammed+uu+244.178+skwt	358	379	374	372	371	373	374	375	370	373
mohammed+aa+246.588+msa\9edh	493	570	604	652	708	739	758	773	768	789
mohammed+aa+256.759+sTam	656	777	868	886	865	794	634	547	508	607
mohammed+ii+259.353+mSyr	412	396	392	379	374	386	414	416	423	405
mohammed+aa+262.251+bsaTh	620	684	725	777	754	718	695	669	655	618
mohammed+aa+264.851+mlabs	589	693	731	752	715	665	639	599	587	578
mohammed+aa+270.235+ktab	439	592	672	684	675	633	619	608	594	562
mohammed+aa+273.075+naDj	474	647	786	827	826	728	643	573	517	546
mohammed+ii+276.639+sdyd	347	376	374	354	327	300	288	281	278	283
mohammed+ii+279.510+wsyTh	363	387	390	391	390	390	405	407	404	385
mohammed+uu+282.344+aSwl	400	398	382	363	357	347	325	312	304	355
mohammed+ii+284.863+w\D-yfh	387	383	393	391	381	374	373	367	367	363
mohammed+aa+293.008+mwaTn	727	865	845	831	818	740	704	681	643	611
mohammed+aa+299.126+faSl	665	741	763	770	767	735	702	698	687	718
mohammed+aa+302.099+naDj	504	685	821	827	804	711	616	536	489	572
mohammed+aa+311.358+fTam	717	793	832	820	788	752	593	528	503	728
mohammed+aa+317.563+n\D-afh	528	626	663	690	714	691	694	702	693	614
mohammed+aa+320.204+alnaSrh	488	742	831	918	885	790	728	728	719	655
mohammed+aa+328.989+sTam	614	816	900	903	906	871	693	574	524	797
mohammed+uu+332.223+fDwl	396	420	426	405	388	374	356	347	343	378
mohammed+aa+341.209+alfDa\?g	530	575	590	604	626	651	675	680	681	662
mohammed+aa+347.962+ktab	488	605	670	692	687	668	625	609	596	645
mohammed+ii+351.067+tlyfwn	349	342	334	326	323	322	323	324	323	325
mohammed+uu+351.257+tlyfwn	461	630	681	678	638	565	488	411	374	451
mohammed+ii+354.235+mSyr	401	395	378	365	370	395	402	400	405	442
mohammed+ii+357.176+sdyd	357	381	379	357	333	320	317	312	313	333
mohammed+aa+360.209+mlabs	522	620	699	727	704	660	640	603	588	604
mohammed+aa+363.410+alan	734	809	822	768	718	651	538	491	460	613
mohammed+aa+365.794+baS	617	687	751	741	727	687	686	696	693	657
mohammed+aa+373.531+wasTh	610	669	718	728	689	646	648	653	656	565
mohammed+aa+378.356+anfSal	555	623	651	664	663	631	563	496	469	602
mohammed+ii+388.710+yTyr	372	379	376	362	361	379	401	407	415	406
mohammed+uu+391.943+wDw\?g	353	360	368	375	384	391	396	396	395	401
mohammed+aa+395.346+balTa\?grh	580	657	698	739	754	747	738	724	709	747
mohammed+aa+398.268+tab	541	652	712	748	729	671	641	595	580	548
mohammed+aa+399.952+tab	540	593	648	684	682	639	610	594	579	565
mohammed+ii+402.833+qDyb	374	376	388	375	337	323	304	294	289	332
mohammed+uu+408.362+zhwr	385	393	394	392	399	409	424	429	434	416
mohammed+aa+411.056+bsaTh	582	669	725	745	717	682	672	653	643	600
mohammed+aa+416.835+ant\D-am	493	738	837	753	670	583	470	433	428	769
mohammed+aa+427.673+antSar	583	707	714	711	683	638	600	592	580	574
mohammed+uu+430.933+skwt	393	393	377	374	376	382	384	383	377	384
mohammed+aa+433.588+rDa\?g	533	600	661	692	699	708	729	726	734	733
mohammed+aa+436.114+tab\9e	512	599	732	774	749	690	662	634	604	604
mohammed+uu+443.673+sTwr	388	391	382	383	402	422	453	467	474	430
mohammed+uu+446.034+hw	373	383	383	386	389	389	386	382	384	389
mohammed+ii+449.896+n\D-yf	392	391	377	364	348	330	317	313	312	324
mohammed+ii+455.143+mTyh	408	398	389	360	336	315	309	313	310	286
mohammed+ii+457.572+jzyrh	347	356	365	370	378	381	403	424	442	381
mohammed+uu+462.124+ftwr	385	409	399	394	407	417	418	420	421	432
mohammed+uu+464.533+\shrwT	390	398	391	401	411	424	432	484	492	441
mohammed+aa+466.882+mtwaSl	660	678	689	713	681	633	634	654	675	521
mohammed+aa+471.865+Tbabh	556	710	740	750	726	683	651	631	617	633
mohammed+aa+473.193+Tbabh	516	605	673	697	682	636	625	573	560	563
mohammed+aa+481.371+mna\D-r	699	742	719	720	724	646	557	493	451	505
mohammed+ii+484.147+nSyb	383	374	359	331	318	309	297	285	281	319
mohammed+aa+486.303+Samt	620	763	797	827	841	746	620	518	471	634
mohammed+uu+491.690+fTwr	408	411	401	403	418	437	442	447	450	423
mohammed+ii+494.526+hy	371	370	377	367	360	387	431	482	506	420
mohammed+aa+504.273+mwa\D-bh	677	723	770	805	804	731	678	636	571	657
mohammed+aa+506.995+Tab\9e	663	755	761	760	748	697	675	649	626	613
mohammed+ii+511.950+fTyrh	406	409	411	407	399	396	412	437	461	379
mohammed+aa+513.820+maDy	759	818	915	914	860	721	609	522	462	549
mohammed+ii+514.098+maDy	391	335	322	315	311	305	281	372	382	309
mohammed+ii+516.279+Sdyd	366	385	369	355	343	334	325	315	316	347
mohammed+ii+518.860+mtwDy\?g	471	516	538	549	557	551	549	547	539	534
mohammed+aa+520.790+maD	801	848	861	868	798	653	565	503	457	423
mohammed+aa+523.950+maD	778	928	920	887	801	754	683	605	579	527
mohammed+aa+526.562+awTan	609	808	865	855	748	618	486	427	392	502
mohammed+uu+528.997+aSwl	412	413	404	385	377	373	358	349	347	382
mohammed+uu+533.648+zhwr	379	405	404	402	396	389	389	394	402	374
mohammed+aa+535.683+mwaTn	813	799	816	858	810	767	727	680	649	645
mohammed+aa+539.017+maD	751	832	859	889	870	751	628	564	517	626
mohammed+aa+540.108+maD	714	885	856	846	768	658	601	560	531	507
mohammed+aa+547.879+faSl	637	731	752	761	737	691	686	705	698	567
mohammed+uu+552.561+sTwr	390	394	389	397	415	426	436	439	442	435
mohammed+ii+554.866+sdyd	341	366	367	348	328	319	317	310	309	335
mohammed+aa+557.347+fTam	707	816	880	852	814	708	551	489	471	752
mohammed+aa+561.433+alnaSrh	590	747	747	762	793	805	845	880	904	792
mohammed+aa+564.132+anfSal	593	679	690	704	680	624	555	506	479	534
mohammed+aa+566.261+baS	535	628	686	723	735	715	675	656	644	697
mohammed+aa+568.664+rDa\?g	535	630	649	649	670	677	684	682	674	694
mohammed+ii+571.022+hy	375	382	389	380	365	379	414	461	485	400
mohammed+aa+573.167+sTam	706	839	885	885	845	745	584	499	430	684
mohammed+aa+575.572+tab	602	690	747	749	728	661	613	583	559	585
mohammed+ii+582.031+mTyh	417	405	375	351	332	317	304	308	304	300
mohammed+aa+590.396+alfDa\?g	491	575	633	658	680	693	705	700	700	700
mohammed+aa+599.382+Tbabh	592	659	695	719	710	665	632	585	567	604
mohammed+aa+600.586+Tbabh	548	674	721	726	716	666	646	615	600	619
mohammed+ii+609.807+w\D-yfh	353	350	373	365	353	332	326	321	315	304
mohammed+aa+774.074+lam	494	679	662	620	650	636	537	470	433	679
mohammed+ii+775.317+mym	340	354	377	367	347	367	341	321	322	415
mohammed+uu+776.529+nwn	321	356	428	470	477	440	394	368	343	397
naif1+uu+15.644+aSwl	407	402	421	389	364	351	344	335	335	354
naif1+aa+19.667+mwaTn	472	530	544	551	545	527	514	519	547	510
naif1+aa+21.401+awTan	538	572	607	620	614	580	496	449	425	549
naif1+aa+24.473+maD	520	559	564	564	564	532	469	457	437	511
naif1+aa+31.452+alfDa\?g	489	531	538	547	547	568	578	578	588	612
naif1+aa+34.440+baS	445	530	559	573	574	548	646	655	668	458
naif1+aa+36.611+antSar	503	534	548	563	580	578	572	577	620	571
naif1+aa+38.078+ratb	484	557	569	557	544	517	480	422	361	489
naif1+uu+40.162+fTwr	369	375	384	380	390	388	390	420	423	394
naif1+aa+41.591+wasTh	479	511	549	562	566	551	550	575	577	548
naif1+aa+43.496+Tbabh	499	541	567	574	566	525	466	428	407	504
naif1+aa+45.302+anfSal	502	549	564	570	577	539	464	402	375	547
naif1+ii+47.222+hy	351	339	333	335	345	361	387	418	443	377
naif1+aa+49.150+balTa\?grh	523	550	563	575	585	571	538	502	484	545
naif1+uu+50.869+wDw\?g	401	421	437	458	464	455	431	398	380	420
naif1+aa+52.505+tab	496	557	564	568	557	523	467	437	420	501
naif1+ii+54.408+tlyfwn	315	326	329	329	328	316	299	288	365	311
naif1+uu+54.585+tlyfwn	341	341	351	396	427	406	380	380	369	366
naif1+ii+56.314+qDyb	380	369	354	341	321	308	286	279	275	310
naif1+ii+58.213+jzyrh	316	326	325	327	332	340	361	390	413	346
naif1+aa+62.145+rDa\?g	489	520	535	541	551	536	526	495	486	541
naif1+uu+64.048+zhwr	424	433	434	438	425	418	459	494	507	424
naif1+aa+65.856+alnaSrh	435	505	523	541	544	542	512	489	482	536
naif1+aa+67.873+n\D-afh	510	553	590	606	606	563	627	629	631	567
naif1+aa+69.963+ant\D-am	448	491	514	540	554	532	460	420	399	559
naif1+ii+71.925+w\D-yfh	366	353	334	306	304	304	297	369	379	322
naif1+aa+77.720+mwa\D-bh	492	518	536	549	545	500	437	388	371	477
naif1+aa+79.597+tab\9e	426	502	540	553	564	537	464	424	399	532
naif1+aa+81.573+mna\D-r	458	510	533	541	545	521	466	430	412	512
naif1+uu+88.454+sTwr	385	378	390	410	422	432	476	475	482	449
naif1+ii+90.159+wsyTh	353	332	319	320	341	340	332	334	330	367
naif1+ii+92.073+n\D-yf	358	366	356	341	332	333	325	326	327	361
naif1+ii+93.909+mTyh	425	363	337	309	306	297	309	333	337	295
naif1+uu+98.078+\shrwT	413	393	389	399	410	398	388	375	366	384
naif1+aa+99.929+mtwaSl	503	536	543	544	543	519	495	514	504	544
naif1+ii+101.795+nSyb	345	323	310	301	305	303	297	292	291	299
naif1+uu+104.608+ftwr	354	355	369	403	421	433	439	439	438	422
naif1+uu+106.417+fDwl	344	367	379	384	409	411	386	373	362	426
naif1+ii+111.923+yTyr	387	357	331	331	345	363	375	385	389	384
naif1+aa+119.890+Tab\9e	505	545	572	578	569	529	456	408	383	531
naif1+aa+123.135+faSl	439	539	568	574	567	529	512	627	639	524
naif1+aa+124.835+alan	573	554	523	506	514	500	453	428	410	513
naif1+ii+126.451+fTyrh	391	363	342	335	341	363	390	395	403	382
naif1+uu+128.062+hw	368	413	408	394	370	383	410	440	454	395
naif1+aa+132.928+maDy	432	527	537	539	529	481	412	385	359	452
naif1+ii+133.238+maDy	370	369	349	327	310	300	305	307	315	291
naif1+ii+135.129+mtwDy\?g	366	391	417	428	427	421	424	419	412	408
naif1+aa+136.898+fTam	507	567	596	575	556	513	462	445	427	493
naif1+uu+139.948+skwt	345	348	349	351	355	353	374	380	371	370
naif1+aa+147.010+sTam	541	594	602	597	584	554	493	451	432	525
naif1+ii+148.942+mSyr	355	326	293	281	293	304	322	338	343	320
naif1+aa+150.697+bsaTh	534	586	593	596	590	557	501	454	434	530
naif1+aa+152.328+mlabs	527	568	569	562	552	520	444	393	370	520
naif1+ii+154.344+Sdyd	304	300	300	299	297	286	275	264	260	265
naif1+aa+157.468+ktab	440	526	564	586	588	539	467	423	397	497
naif1+aa+158.938+naDj	486	539	575	588	587	563	489	449	427	549
naif1+ii+160.759+sdyd	292	287	284	280	284	283	281	360	371	295
naif1+ii+164.413+wsyTh	361	347	338	345	356	360	350	332	316	364
naif1+uu+166.490+aSwl	347	355	360	382	398	410	417	418	408	418
naif1+ii+168.372+w\D-yfh	353	338	313	304	305	314	304	300	300	356
naif1+aa+173.103+mwaTn	505	533	544	540	532	505	468	459	451	490
naif1+aa+175.648+faSl	551	598	611	600	577	533	573	572	574	465
naif1+aa+177.205+naDj	426	485	522	530	528	488	444	430	411	450
naif1+aa+181.962+fTam	530	570	571	557	545	500	436	394	371	473
naif1+aa+185.348+n\D-afh	494	557	581	588	595	608	618	701	717	614
naif1+aa+187.111+alnaSrh	474	523	565	582	576	537	508	603	614	529
naif1+aa+190.769+sTam	523	569	584	593	589	572	537	482	460	554
naif1+uu+192.240+fDwl	382	385	388	385	379	388	381	362	361	396
naif1+aa+197.016+alfDa\?g	499	542	559	573	575	580	567	568	572	609
naif1+aa+200.450+ktab	451	582	604	604	592	549	493	464	445	474
naif1+ii+202.258+tlyfwn	386	397	399	396	397	402	391	385	404	414
naif1+uu+202.439+tlyfwn	382	388	394	404	426	436	417	394	386	467
naif1+ii+204.165+mSyr	367	365	359	359	365	376	445	459	479	389
naif1+ii+205.872+sdyd	325	300	280	291	290	291	278	269	266	295
naif1+aa+207.661+mlabs	513	529	522	528	544	517	468	422	399	506
naif1+aa+209.371+alan	548	562	523	532	550	542	490	469	452	550
naif1+aa+210.856+baS	445	508	549	569	572	553	580	589	591	490
naif1+aa+212.608+ratb	577	586	588	584	565	516	482	439	456	430
naif1+aa+214.239+wasTh	506	525	531	531	525	493	456	449	445	486
naif1+aa+216.334+anfSal	504	556	570	577	577	567	521	484	470	562
naif1+ii+221.796+yTyr	404	375	347	337	352	365	375	365	364	379
naif1+uu+223.555+wDw\?g	370	380	389	394	406	420	425	423	425	439
naif1+aa+225.450+balTa\?grh	513	541	560	578	590	596	568	542	534	622
naif1+aa+227.372+tab	490	564	565	572	575	535	463	430	405	508
naif1+ii+229.359+qDyb	398	369	325	305	319	318	314	308	301	325
naif1+uu+232.715+zhwr	412	427	431	430	427	426	431	516	531	424
naif1+aa+234.366+bsaTh	509	559	579	583	578	555	506	516	506	516
naif1+aa+237.602+ant\D-am	503	550	558	549	542	520	460	425	408	528
naif1+aa+244.170+antSar	481	561	587	591	591	574	602	620	627	560
naif1+uu+245.929+skwt	348	363	359	342	338	346	351	344	347	378
naif1+aa+247.733+rDa\?g	477	514	528	537	550	537	527	546	543	525
naif1+aa+249.260+tab\9e	528	546	573	585	571	522	455	424	401	477
naif1+uu+257.575+sTwr	397	408	418	424	421	425	489	503	519	462
naif1+uu+259.139+hw	402	399	401	407	415	422	427	445	461	433
naif1+ii+260.691+n\D-yf	373	365	348	323	320	325	329	328	330	369
naif1+ii+264.083+mTyh	431	424	384	334	306	301	298	307	309	287
naif1+ii+265.839+jzyrh	350	330	328	335	345	372	408	418	428	393
naif1+uu+269.794+ftwr	348	363	366	370	375	389	401	404	408	401
naif1+uu+271.422+\shrwT	423	407	403	404	401	406	405	397	397	404
naif1+aa+273.251+mtwaSl	504	519	522	530	530	496	485	539	541	510
naif1+aa+275.056+Tbabh	514	536	555	555	552	515	450	415	391	511
naif1+aa+276.872+mna\D-r	494	517	533	531	515	485	433	421	406	452
naif1+ii+278.632+nSyb	342	306	281	296	296	299	286	274	268	291
naif1+aa+280.014+Samt	516	562	574	580	572	518	453	430	404	490
naif1+uu+283.803+fTwr	398	390	393	417	436	449	458	458	458	437
naif1+ii+285.283+hy	374	361	335	336	340	357	391	426	449	363
naif1+aa+289.112+mwa\D-bh	498	504	507	512	521	509	452	436	422	507
naif1+ii+294.105+fTyrh	409	380	357	343	338	349	380	408	419	363
naif1+aa+295.592+maDy	481	499	508	513	508	465	423	403	383	451
naif1+ii+295.903+maDy	345	324	308	300	303	304	303	314	311	310
naif1+ii+297.314+Sdyd	334	322	324	319	315	313	306	304	305	343
naif1+ii+299.231+mtwDy\?g	338	367	368	349	328	320	328	320	534	306
naif1+aa+300.641+maD	498	528	529	526	526	506	466	447	432	515
naif1+aa+302.417+awTan	514	564	580	585	566	545	499	464	451	525
naif1+uu+307.713+aSwl	392	389	383	379	375	379	381	381	382	389
naif1+uu+310.583+zhwr	410	405	409	408	406	422	432	429	439	451
naif1+aa+311.738+mwaTn	492	523	522	518	519	505	496	492	488	489
naif1+aa+312.935+maD	447	512	525	530	525	495	458	443	427	478
naif1+ii+316.739+mtwDy\?g	388	417	431	426	411	396	382	372	355	386
naif1+aa+317.944+faSl	427	555	572	567	558	543	550	531	527	529
naif1+uu+320.948+sTwr	418	430	436	434	433	434	424	524	545	463
naif1+ii+322.677+sdyd	302	311	308	305	301	297	283	274	271	318
naif1+aa+325.223+fTam	495	539	565	550	529	479	427	423	409	473
naif1+aa+326.921+alnaSrh	509	520	520	520	514	498	467	465	459	498
naif1+aa+328.818+anfSal	516	573	590	602	611	587	522	470	448	578
naif1+aa+330.075+baS	498	564	566	552	542	530	628	689	717	513
naif1+aa+331.598+rDa\?g	467	520	548	570	571	557	534	524	517	546
naif1+ii+333.051+hy	366	350	322	315	318	336	369	406	426	355
naif1+aa+334.534+sTam	534	580	557	534	528	526	495	492	486	522
naif1+aa+335.740+tab	495	569	570	570	567	527	457	427	402	515
naif1+ii+340.235+mTyh	409	368	313	283	280	283	327	344	356	273
naif1+aa+345.128+alfDa\?g	477	562	580	583	598	605	584	601	601	634
naif1+aa+348.256+Tbabh	505	557	575	567	545	496	452	443	430	474
naif1+aa+351.991+naDj	468	522	535	545	543	514	438	412	391	499
naif1+aa+353.448+HaDr	643	648	626	603	580	523	442	410	380	476
naif1+ii+354.921+w\D-yfh	375	356	327	311	308	312	297	424	444	336
naif1+aa+356.566+awTan	524	542	536	533	532	529	497	472	464	538
naif1+uu+358.722+fTwr	408	399	390	390	388	397	406	406	408	398
naif1+aa+360.285+alan	614	608	567	542	531	498	496	477	467	486
naif1+aa+363.417+ratb	557	589	596	587	575	541	495	431	407	523
naif1+aa+364.879+Tab\9e	538	561	591	600	592	536	458	430	400	489
naif1+aa+366.350+wasTh	492	503	509	526	533	520	561	571	603	520
naif1+uu+367.869+wDwh	360	378	392	403	399	397	403	405	405	388
naif1+ii+370.936+yTyr	390	350	323	314	331	345	357	364	365	367
naif1+aa+373.226+balTa\?grh	538	585	572	579	593	598	580	548	540	609
naif1+aa+374.593+Samt	500	560	577	579	561	504	436	412	387	463
naif1+uu+376.146+hw	389	374	371	373	376	384	409	438	468	390
naif1+aa+377.563+bsaTh	514	574	591	590	578	533	511	546	542	508
naif1+ii+380.062+qDyb	361	361	329	303	302	298	300	295	295	307
naif1+aa+381.297+n\D-afh	485	545	584	605	609	594	540	606	607	592
naif1+aa+382.686+ant\D-am	463	535	584	573	552	515	446	417	399	503
naif1+ii+383.977+jzyrh	325	323	328	335	335	345	367	398	419	351
naif1+ii+387.984+n\D-yf	367	353	320	303	302	302	294	295	297	306
naif1+uu+389.375+fDwl	357	375	392	401	417	417	401	391	382	417
naif1+uu+390.971+skwt	348	334	350	358	361	365	379	391	396	370
naif1+aa+392.341+mna\D-r	516	520	517	519	515	472	425	398	378	461
naif1+aa+396.938+mwa\D-bh	548	553	561	554	537	503	453	445	432	466
naif1+aa+398.777+antSar	496	548	571	585	591	581	576	614	617	578
naif1+ii+400.086+mSyr	345	336	331	331	324	316	327	333	335	293
naif1+aa+401.400+tab\9e	418	561	581	588	576	519	445	404	378	486
naif1+ii+404.727+fTyrh	413	381	359	343	342	368	403	436	454	405
naif1+aa+409.119+mlabs	502	537	547	544	536	489	426	403	381	470
naif1+ii+410.670+Sdyd	307	305	300	315	315	310	304	397	415	310
naif1+aa+413.390+mtwaSl	532	572	563	574	579	560	581	588	587	500
naif1+aa+414.987+ktab	498	555	585	589	584	544	485	453	432	499
naif1+ii+418.569+nSyb	340	328	332	330	320	310	306	356	366	315
naif1+aa+419.950+maDy	511	527	539	537	526	493	447	409	390	477
naif1+ii+420.222+maDy	345	347	344	335	326	324	331	336	339	322
naif1+ii+422.805+wsyTh	347	349	337	335	346	363	382	372	372	382
naif1+uu+425.756+\shrwT	364	373	375	371	373	379	401	422	435	389
naif1+ii+427.077+tlyfwn	366	386	391	391	391	401	391	409	625	414
naif1+uu+427.236+tlyfwn	365	379	391	406	421	429	428	434	437	431
naif1+uu+432.225+ftwr	365	378	364	356	377	398	426	427	431	429
naif1+aa+450.155+ba\?g	492	524	557	568	570	574	562	558	557	581
naif1+aa+451.327+ta\?g	504	562	571	576	577	571	548	541	534	571
naif1+ii+453.933+jym	289	290	291	288	296	296	301	305	303	302
naif1+aa+457.731+dal	488	532	529	538	539	512	457	432	412	510
naif1+aa+459.047+\dhal	434	515	525	535	546	524	495	479	464	515
naif1+ii+463.333+syn	303	329	352	346	340	344	336	328	326	352
naif1+ii+464.742+\shyn	322	351	349	339	345	348	337	334	330	368
naif1+aa+465.999+Sad	510	543	557	571	566	523	458	433	408	491
naif1+aa+467.611+Dad	481	507	548	563	559	560	577	580	585	580
naif1+aa+469.032+Ta\?g	521	568	575	592	599	577	585	581	575	529
naif1+aa+470.995+\D-a\?g	492	541	573	569	563	538	464	453	432	540
naif1+aa+475.050+fa\?g	541	587	615	617	616	591	575	569	558	560
naif1+aa+479.109+lam	497	525	549	555	552	514	453	435	410	525
naif1+ii+480.375+mym	347	333	328	336	355	352	335	333	322	359
naif1+uu+481.562+nwn	343	370	398	428	439	432	393	384	372	421
naif1+aa+482.727+ha\?g	517	527	533	545	556	557	522	517	508	569
naif2+uu+12.270+aSwl	389	385	383	391	397	394	383	366	360	391
naif2+aa+15.138+mwaTn	436	483	504	523	534	508	481	464	472	510
naif2+aa+16.601+awTan	492	556	587	581	548	520	494	444	430	488
naif2+aa+19.301+maD	477	514	502	479	470	456	435	409	400	481
naif2+aa+24.977+alfDa\?g	473	552	566	570	581	594	577	564	559	616
naif2+aa+27.378+baS	478	565	595	604	595	578	613	679	695	544
naif2+aa+29.135+antSar	464	550	582	590	587	572	567	559	555	560
naif2+aa+30.428+ratb	502	565	581	579	575	542	520	502	491	470
naif2+uu+32.365+fTwr	425	412	416	416	427	432	433	433	429	438
naif2+aa+33.777+wasTh	509	548	561	566	563	538	575	591	598	528
naif2+aa+35.520+Tbabh	447	543	581	591	594	554	493	464	440	525
naif2+aa+37.304+anfSal	472	555	589	593	582	545	481	441	421	531
naif2+ii+38.840+hy	377	377	376	377	380	392	414	444	465	396
naif2+aa+40.402+balTa\?grh	509	563	584	594	599	601	596	559	554	613
naif2+uu+41.755+wDw\?g	368	351	377	402	408	410	411	412	410	411
naif2+aa+43.111+tab	457	581	593	609	606	555	491	486	465	483
naif2+ii+44.717+tlyfwn	332	353	359	360	360	357	343	341	332	360
naif2+uu+44.909+tlyfwn	379	383	385	391	411	419	404	387	378	429
naif2+ii+46.338+qDyb	373	383	362	334	314	309	300	299	301	317
naif2+ii+48.032+jzyrh	334	345	346	334	330	342	373	403	414	366
naif2+aa+51.001+rDa\?g	447	491	523	553	577	585	585	565	560	603
naif2+uu+52.481+zhwr	383	394	402	422	435	435	431	499	508	426
naif2+aa+53.890+alnaSrh	460	490	488	475	477	472	489	486	472	501
naif2+aa+55.428+n\D-afh	505	564	590	598	594	570	530	519	509	570
naif2+aa+57.047+ant\D-am	466	545	577	571	526	485	425	391	377	463
naif2+ii+58.394+w\D-yfh	369	369	369	359	348	324	314	301	297	304
naif2+aa+64.335+mwa\D-bh	484	505	496	494	512	509	472	448	438	529
naif2+aa+65.751+tab\9e	510	586	606	613	601	548	476	422	399	494
naif2+aa+68.185+mna\D-r	465	474	478	482	486	477	433	410	399	494
naif2+uu+73.783+sTwr	409	408	403	396	412	421	431	470	476	431
naif2+ii+75.563+wsyTh	366	370	372	374	378	384	380	376	376	402
naif2+ii+77.328+n\D-yf	383	401	377	350	344	341	332	334	331	348
naif2+ii+78.893+mTyh	412	370	307	317	327	354	389	390	402	365
naif2+uu+82.461+\shrwT	399	394	393	399	417	418	418	416	411	422
naif2+aa+84.025+mtwaSl	499	523	539	547	537	506	516	531	531	455
naif2+ii+85.806+nSyb	379	364	315	298	304	301	294	300	298	302
naif2+uu+88.538+ftwr	403	413	424	423	415	420	419	416	418	439
naif2+uu+90.087+fDwl	371	416	353	359	380	408	391	381	379	420
naif2+ii+95.367+yTyr	405	382	377	370	362	358	362	367	370	359
naif2+aa+102.713+Tab\9e	513	567	580	588	584	530	481	447	422	478
naif2+aa+105.212+faSl	482	559	566	572	579	559	561	548	541	539
naif2+aa+107.423+alan	589	554	506	495	494	479	448	411	396	461
naif2+ii+108.864+fTyrh	415	405	363	333	333	351	386	404	414	377
naif2+uu+110.188+hw	377	405	401	397	401	418	435	460	472	446
naif2+aa+112.758+Samt	506	599	629	627	607	540	469	438	406	457
naif2+aa+114.219+maDy	417	496	535	536	527	489	444	426	411	470
naif2+ii+114.541+maDy	411	418	407	391	376	360	355	352	351	337
naif2+ii+116.272+mtwDy\?g	423	442	445	445	444	449	448	440	429	462
naif2+aa+117.894+fTam	511	575	590	600	567	512	451	421	400	436
naif2+uu+119.357+skwt	363	375	380	394	404	414	405	399	398	412
naif2+aa+125.548+sTam	560	611	622	614	610	586	551	507	488	545
naif2+ii+127.001+mSyr	406	381	368	352	333	332	336	336	341	345
naif2+aa+128.591+bsaTh	506	575	610	607	601	572	548	564	559	561
naif2+aa+130.092+mlabs	550	594	590	583	574	546	486	443	426	553
naif2+ii+132.082+Sdyd	336	332	302	291	305	309	303	297	292	296
naif2+aa+133.670+ktab	457	568	610	595	586	546	498	473	454	529
naif2+aa+135.456+naDj	507	554	567	567	559	518	463	415	393	477
naif2+ii+137.291+sdyd	353	349	325	334	344	352	344	339	335	341
naif2+ii+138.897+wsyTh	368	374	378	380	381	382	382	376	363	381
naif2+uu+140.550+aSwl	403	397	393	397	409	409	403	397	392	413
naif2+ii+142.067+w\D-yfh	362	369	361	347	340	332	323	323	321	339
naif2+aa+146.487+mwaTn	491	522	527	531	517	484	446	417	407	479
naif2+aa+148.939+faSl	537	590	612	616	614	588	582	567	557	565
naif2+aa+150.190+naDj	459	496	512	511	512	480	440	422	407	489
naif2+aa+154.256+fTam	512	587	621	623	591	527	456	430	400	451
naif2+aa+157.024+n\D-afh	512	563	589	610	618	586	637	643	647	580
naif2+aa+158.473+alnaSrh	450	495	514	524	521	497	486	461	452	447
naif2+aa+161.660+sTam	559	585	589	593	581	542	494	452	431	486
naif2+uu+163.196+fDwl	397	404	407	420	417	417	410	393	391	409
naif2+aa+168.173+alfDa\?g	444	501	551	565	570	581	532	498	487	606
naif2+aa+170.924+ktab	427	551	584	592	584	526	474	449	423	456
naif2+ii+172.347+tlyfwn	340	347	349	345	341	331	318	379	394	330
naif2+uu+172.533+tlyfwn	377	387	388	384	386	399	407	400	392	409
naif2+ii+173.858+mSyr	384	371	361	362	359	366	371	371	376	382
naif2+ii+175.325+sdyd	312	293	290	293	298	301	298	291	288	301
naif2+aa+176.571+mlabs	480	538	545	538	541	506	451	422	401	481
naif2+aa+178.047+alan	622	599	538	528	513	479	429	406	390	439
naif2+aa+179.273+baS	481	562	579	587	581	570	554	584	585	558
naif2+aa+180.529+ratb	491	553	568	573	558	525	489	473	460	467
naif2+aa+181.747+wasTh	502	566	570	573	568	550	524	500	490	536
naif2+aa+183.315+anfSal	477	567	592	613	620	593	533	495	474	585
naif2+ii+187.290+yTyr	377	367	349	332	322	329	340	349	358	348
naif2+uu+188.707+wDw\?g	376	387	387	387	403	414	415	419	420	433
naif2+aa+190.328+balTa\?grh	483	532	555	574	589	591	572	548	541	603
naif2+aa+191.677+tab	443	556	572	587	598	571	515	498	477	569
naif2+ii+193.476+qDyb	417	393	379	374	364	352	344	332	328	346
naif2+uu+196.008+zhwr	395	398	397	409	419	424	426	417	415	418
naif2+aa+197.269+bsaTh	472	546	577	580	568	517	471	458	442	468
naif2+aa+200.210+ant\D-am	442	520	573	590	593	565	507	479	461	554
naif2+aa+205.763+antSar	526	566	581	593	600	598	602	602	604	598
naif2+uu+207.185+skwt	363	345	327	339	355	366	368	352	349	377
naif2+aa+208.542+rDa\?g	471	549	596	606	605	608	595	596	596	628
naif2+aa+209.695+tab\9e	530	591	614	613	601	543	466	420	392	488
naif2+uu+215.669+sTwr	407	409	413	406	411	412	415	416	414	422
naif2+uu+216.872+hw	388	383	372	377	408	446	484	506	518	487
naif2+ii+217.926+n\D-yf	362	374	333	312	318	328	323	309	303	332
naif2+ii+220.352+mTyh	427	384	310	275	264	285	336	352	369	306
naif2+ii+221.741+jzyrh	341	357	368	376	387	404	419	426	431	423
naif2+uu+224.792+ftwr	369	381	384	390	404	411	417	464	470	419
naif2+uu+226.201+\shrwT	394	446	470	470	461	440	425	415	408	422
naif2+aa+227.549+mtwaSl	524	563	576	580	571	529	543	597	602	495
naif2+aa+229.095+Tbabh	469	559	575	585	592	544	481	453	425	509
naif2+aa+230.547+mna\D-r	444	449	455	470	493	491	461	444	432	509
naif2+ii+232.028+nSyb	368	338	335	317	298	293	292	288	290	307
naif2+aa+233.452+Samt	521	601	608	593	561	492	427	404	377	433
naif2+uu+237.454+fTwr	431	382	390	411	422	428	440	448	449	432
naif2+ii+238.560+hy	390	384	349	344	354	385	408	442	455	402
naif2+aa+241.305+mwa\D-bh	445	469	499	521	524	514	472	444	434	526
naif2+aa+242.666+Tab\9e	485	545	572	583	586	531	464	428	401	474
naif2+ii+245.496+fTyrh	399	389	374	362	361	371	401	419	426	387
naif2+aa+246.859+maDy	402	477	486	480	487	441	400	383	358	395
naif2+ii+247.166+maDy	351	375	366	358	349	347	341	328	331	341
naif2+ii+248.301+Sdyd	325	346	350	346	332	325	312	299	295	320
naif2+ii+249.945+mtwDy\?g	415	440	442	447	433	420	406	399	392	396
naif2+aa+251.235+maD	432	498	512	513	517	479	435	430	412	453
naif2+aa+252.966+awTan	481	510	531	542	526	499	464	431	418	457
naif2+uu+254.497+aSwl	345	366	369	384	404	395	370	359	347	411
naif2+uu+257.541+zhwr	397	399	397	396	415	421	416	409	403	426
naif2+aa+258.941+mwaTn	466	485	494	500	495	487	458	428	417	488
naif2+aa+260.335+maD	409	482	497	491	501	496	456	439	425	510
naif2+ii+263.751+mtwDy\?g	379	413	434	453	462	468	465	448	421	465
naif2+aa+264.922+faSl	574	599	602	591	559	520	515	520	521	488
naif2+uu+267.896+sTwr	399	403	404	398	410	421	425	435	437	434
naif2+ii+269.278+sdyd	323	307	286	289	305	304	295	291	285	283
naif2+aa+270.836+fTam	476	530	569	574	537	483	428	407	390	430
naif2+aa+272.857+alnaSrh	421	475	487	494	500	492	508	502	500	468
naif2+aa+274.555+anfSal	463	538	582	594	593	558	508	485	468	544
naif2+aa+275.562+baS	408	521	575	576	580	567	546	539	529	554
naif2+aa+277.039+rDa\?g	462	537	578	584	587	578	531	517	505	572
naif2+ii+278.558+hy	394	389	371	351	356	377	404	430	452	397
naif2+aa+280.015+sTam	530	588	601	590	566	530	496	454	436	466
naif2+aa+281.283+tab	500	581	570	576	570	511	458	426	399	417
naif2+ii+285.488+mTyh	403	370	333	321	332	353	386	395	402	372
naif2+aa+289.629+alfDa\?g	457	531	577	594	606	613	580	589	586	623
naif2+aa+292.592+Tbabh	430	526	562	573	563	506	443	424	405	458
naif2+aa+295.247+naDj	411	449	454	470	511	496	451	434	411	471
naif2+ii+297.804+w\D-yfh	359	347	321	297	298	308	323	325	329	342
naif2+aa+299.402+awTan	500	557	553	561	562	553	519	483	465	532
naif2+uu+301.212+fTwr	399	391	398	423	439	447	441	442	441	440
naif2+aa+302.454+alan	583	543	519	513	511	476	431	406	383	438
naif2+aa+304.911+ratb	553	569	582	595	588	556	541	548	542	494
naif2+aa+306.302+Tab\9e	532	579	587	591	589	542	468	430	403	523
naif2+aa+307.695+wasTh	496	540	539	544	544	575	541	610	619	495
naif2+uu+309.252+wDwh	404	423	436	434	433	426	418	417	414	432
naif2+ii+311.803+yTyr	391	375	361	353	346	354	356	357	364	379
naif2+aa+313.009+balTa\?grh	547	577	573	564	574	581	572	547	541	591
naif2+aa+314.356+Samt	491	558	582	553	523	465	409	397	377	434
naif2+uu+315.435+hw	376	385	394	398	413	427	440	452	470	449
naif2+aa+316.618+bsaTh	476	567	586	583	570	516	486	487	474	434
naif2+ii+319.039+qDyb	396	395	371	348	334	340	344	349	354	357
naif2+aa+320.181+n\D-afh	488	531	566	585	592	546	556	584	580	503
naif2+aa+321.850+ant\D-am	502	564	578	583	590	561	495	454	432	551
naif2+ii+323.136+jzyrh	345	358	360	358	360	379	410	437	449	400
naif2+ii+327.026+n\D-yf	335	334	328	321	310	308	300	297	299	307
naif2+uu+328.381+fDwl	387	397	398	397	395	401	408	412	416	397
naif2+uu+330.035+skwt	384	388	374	369	369	373	377	383	387	380
naif2+aa+331.194+mna\D-r	450	511	518	510	512	488	446	429	415	478
naif2+aa+334.180+mwa\D-bh	489	511	523	542	550	530	470	441	421	512
naif2+aa+336.028+antSar	511	574	595	596	599	589	597	597	597	593
naif2+ii+337.460+mSyr	392	384	368	351	343	351	351	353	358	372
naif2+aa+338.604+tab\9e	514	588	613	628	617	570	495	449	424	519
naif2+ii+341.168+fTyrh	396	384	378	374	376	389	416	436	438	400
naif2+aa+345.242+mlabs	530	588	620	628	610	555	490	448	426	510
naif2+ii+346.718+Sdyd	337	362	359	359	345	338	332	321	320	330
naif2+aa+348.087+mtwaSl	538	561	580	587	579	549	560	592	595	531
naif2+aa+350.205+ktab	457	557	580	592	588	546	488	457	435	505
naif2+ii+353.397+nSyb	388	380	374	362	339	322	302	294	288	292
naif2+aa+354.651+maDy	454	495	529	546	560	526	483	449	426	501
naif2+ii+354.937+maDy	386	388	364	347	338	339	335	331	322	342
naif2+ii+357.202+wsyTh	354	374	376	375	374	378	387	379	377	379
naif2+uu+359.812+\shrwT	416	404	398	410	420	415	409	390	382	404
naif2+ii+361.088+tlyfwn	330	343	355	358	354	345	339	332	530	328
naif2+uu+361.261+tlyfwn	382	388	394	408	426	432	427	403	396	434
naif2+uu+364.368+ftwr	354	380	387	400	416	421	422	409	404	420
naif2+aa+375.662+ba\?g	545	577	584	587	582	585	582	547	545	617
naif2+aa+376.786+ta\?g	555	575	576	584	575	549	548	547	546	488
naif2+ii+379.111+jym	317	315	309	314	316	320	313	312	311	331
naif2+aa+382.551+dal	512	573	588	601	604	558	498	478	449	526
naif2+aa+383.758+\dhal	502	557	578	580	567	515	464	447	425	478
naif2+ii+387.454+syn	344	362	363	350	343	332	317	315	310	333
naif2+ii+388.794+\shyn	359	358	358	357	352	342	331	327	323	342
naif2+aa+389.959+Sad	504	555	558	563	563	515	467	448	421	451
naif2+aa+391.331+Dad	517	552	553	553	556	525	461	446	423	518
naif2+aa+392.616+Ta\?g	563	593	614	614	613	615	616	617	619	622
naif2+aa+393.974+\D-a\?g	526	570	569	563	573	568	555	554	548	595
naif2+aa+397.679+fa\?g	548	586	594	594	586	585	571	568	565	580
naif2+aa+401.739+lam	525	567	576	585	560	520	453	429	404	466
naif2+ii+402.951+mym	348	358	361	361	361	355	334	327	320	357
naif2+uu+404.227+nwn	370	382	389	393	393	375	351	343	332	369
naif2+aa+405.461+ha\?g	548	548	574	601	611	614	568	559	545	613
saud+uu+3.284+aSwl	395	427	436	445	450	452	452	445	425	452
saud+aa+6.801+mwaTn	607	624	642	662	664	632	610	670	661	590
saud+aa+8.686+awTan	569	607	631	666	666	624	590	511	447	554
saud+aa+12.070+maD	575	629	666	683	659	578	594	583	572	478
saud+aa+20.528+alfDa\?g	566	595	612	627	646	654	667	674	678	653
saud+aa+24.672+baS	544	599	638	649	625	615	661	693	707	574
saud+aa+27.065+antSar	556	600	618	626	637	624	618	623	619	598
saud+aa+28.751+ratb	615	624	644	662	652	610	585	593	589	553
saud+uu+30.553+fTwr	457	471	475	472	474	483	489	534	542	509
saud+aa+36.297+Tbabh	593	629	654	669	648	585	540	500	480	492
saud+aa+38.443+anfSal	586	622	640	663	659	612	544	480	453	572
saud+ii+39.799+hy	327	316	318	321	310	298	291	286	284	284
saud+aa+42.479+balTa\?grh	600	624	631	644	666	684	689	681	668	712
saud+uu+44.085+wDw\?g	419	436	447	450	448	431	425	441	454	407
saud+aa+45.921+tab	643	690	723	737	714	641	577	514	486	543
saud+ii+48.657+tlyfwn	315	370	377	375	373	368	352	351	382	365
saud+uu+48.823+tlyfwn	423	466	527	556	560	544	515	485	472	527
saud+ii+50.697+qDyb	441	432	432	429	408	380	359	352	338	337
saud+ii+52.715+jzyrh	330	355	394	416	453	483	508	539	555	536
saud+aa+55.479+rDa\?g	552	594	611	618	638	654	659	673	679	667
saud+uu+56.967+zhwr	431	447	447	450	464	475	491	512	517	491
saud+aa+58.503+alnaSrh	428	508	527	562	582	530	546	597	672	486
saud+aa+60.314+n\D-afh	546	595	617	628	626	611	633	646	657	579
saud+aa+62.324+ant\D-am	549	593	600	588	544	606	648	637	664	538
saud+ii+63.975+w\D-yfh	432	424	425	430	432	421	414	474	463	419
saud+aa+69.891+mwa\D-bh	575	621	648	655	643	579	500	454	454	540
saud+aa+71.958+tab\9e	516	617	648	657	650	592	520	460	430	523
saud+aa+74.207+mna\D-r	439	505	580	627	638	604	525	497	475	585
saud+uu+80.749+sTwr	438	450	445	447	460	490	544	552	567	497
saud+ii+82.952+wsyTh	386	393	406	438	462	461	438	436	433	456
saud+ii+84.870+n\D-yf	417	422	405	401	412	406	398	393	392	412
saud+ii+86.961+mTyh	410	397	343	318	315	320	356	386	399	321
saud+uu+91.203+\shrwT	431	446	453	458	465	458	450	449	444	457
saud+aa+93.354+mtwaSl	586	604	618	632	632	600	578	599	602	561
saud+ii+95.797+nSyb	391	380	368	373	392	392	367	346	336	414
saud+uu+98.230+ftwr	366	420	442	445	453	460	478	487	492	480
saud+uu+100.226+fDwl	447	455	459	461	466	456	424	417	410	455
saud+ii+106.301+yTyr	452	431	411	422	433	434	444	433	432	452
saud+aa+116.709+Tab\9e	559	610	628	655	657	602	541	500	472	501
saud+aa+120.853+faSl	543	608	633	655	643	588	584	560	530	503
saud+aa+123.536+alan	628	690	669	643	618	556	475	419	386	552
saud+ii+125.081+fTyrh	440	442	436	426	427	453	489	519	538	472
saud+uu+126.672+hw	382	361	347	345	356	356	362	370	380	334
saud+aa+130.088+Samt	544	604	636	653	665	575	468	409	366	530
saud+aa+132.003+maDy	507	556	589	629	642	583	526	475	448	520
saud+ii+132.235+maDy	414	424	421	410	396	378	367	422	486	349
saud+ii+134.303+mtwDy\?g	352	376	399	403	402	397	390	376	363	396
saud+aa+135.951+fTam	608	663	632	620	591	579	637	747	769	782
saud+uu+137.781+skwt	356	381	404	417	421	399	401	389	382	370
saud+ii+149.379+mSyr	379	388	365	367	381	400	418	434	441	420
saud+aa+151.465+bsaTh	577	617	624	633	631	599	581	576	566	550
saud+aa+153.329+mlabs	577	622	643	669	680	647	577	506	471	616
saud+aa+156.907+ktab	490	589	627	658	661	615	567	536	518	565
saud+aa+158.601+naDj	513	605	642	650	638	607	544	518	503	584
saud+ii+172.656+wsyTh	308	343	362	373	378	379	379	387	405	378
saud+uu+174.664+aSwl	437	464	468	456	445	432	401	375	366	441
saud+ii+176.382+w\D-yfh	443	419	390	391	391	380	370	373	365	383
saud+aa+181.965+mwaTn	642	659	685	680	652	610	608	593	593	570
saud+aa+185.441+faSl	596	636	661	669	665	631	617	621	613	597
saud+aa+187.137+naDj	612	624	618	620	616	564	491	440	412	508
saud+aa+193.268+fTam	605	667	686	687	677	642	698	772	785	550
saud+aa+197.419+n\D-afh	599	632	633	646	656	640	625	640	639	634
saud+aa+200.411+alnaSrh	612	649	674	692	678	648	619	639	655	605
saud+ii+202.465+syf	334	338	343	347	365	375	382	393	411	411
saud+aa+204.539+sTam	591	687	723	730	731	692	684	726	683	625
saud+uu+206.379+fDwl	427	442	435	432	432	430	424	396	377	425
saud+aa+212.313+alfDa\?g	572	602	618	623	628	638	655	668	661	665
saud+aa+216.348+ktab	527	608	621	631	637	606	582	563	549	573
saud+ii+218.377+tlyfwn	370	374	378	381	385	386	376	367	367	389
saud+uu+218.550+tlyfwn	489	539	585	637	640	619	553	523	503	569
saud+ii+221.139+mSyr	429	423	407	393	390	394	397	406	410	401
saud+ii+223.322+sdyd	298	330	361	361	357	354	349	331	322	359
saud+aa+225.104+mlabs	616	654	672	659	630	578	522	475	445	534
saud+aa+226.974+alan	632	653	648	649	649	624	549	506	484	586
saud+aa+228.709+baS	562	594	615	632	636	643	643	635	644	655
saud+aa+230.397+ratb	600	631	643	658	658	649	635	609	578	632
saud+aa+234.742+anfSal	539	617	656	673	682	680	665	655	659	671
saud+ii+240.569+yTyr	349	356	378	375	372	368	380	389	389	358
saud+uu+242.806+wDw\?g	443	406	392	389	387	387	394	411	419	385
saud+aa+245.141+balTa\?grh	667	662	666	685	703	701	694	691	686	692
saud+aa+247.147+tab	595	665	697	722	733	734	733	730	716	742
saud+ii+249.020+qDyb	410	378	357	347	343	348	344	343	339	371
saud+uu+252.615+zhwr	388	385	401	405	410	431	434	444	450	503
saud+aa+254.398+bsaTh	599	665	702	714	694	638	600	570	553	545
saud+aa+258.484+ant\D-am	620	668	714	713	677	631	634	632	608	563
saud+aa+265.799+antSar	522	612	649	665	673	675	676	672	676	682
saud+uu+267.541+skwt	429	456	471	461	441	420	414	412	414	397
saud+aa+269.382+rDa\?g	581	601	612	617	617	621	625	631	639	623
saud+aa+271.132+tab\9e	581	634	645	644	640	608	566	539	526	599
saud+aa+272.919+msa\9edh	549	644	676	694	715	741	756	749	753	768
saud+uu+276.609+sTwr	441	462	467	482	483	479	481	490	495	461
saud+uu+278.302+hw	351	376	378	376	371	366	368	377	377	356
saud+ii+280.060+n\D-yf	475	469	468	466	468	459	453	443	437	452
saud+ii+283.712+mTyh	395	356	372	370	369	359	384	410	416	341
saud+ii+285.502+jzyrh	313	339	364	355	349	355	365	398	418	371
saud+uu+289.530+ftwr	405	437	451	480	493	497	491	490	491	497
saud+uu+291.485+\shrwT	461	491	480	471	465	455	457	459	459	445
saud+aa+293.443+mtwaSl	584	614	636	652	654	624	621	612	604	581
saud+aa+295.402+Tbabh	595	649	671	675	657	613	552	512	491	577
saud+aa+297.246+mna\D-r	602	639	671	683	676	619	551	502	472	597
saud+ii+299.069+nSyb	435	430	402	383	376	379	365	349	340	404
saud+aa+300.852+Samt	570	656	676	689	687	675	592	527	503	630
saud+uu+304.428+fTwr	456	512	513	510	489	495	499	497	498	494
saud+ii+306.026+hy	355	362	360	347	332	322	322	329	325	312
saud+aa+310.764+mwa\D-bh	735	736	737	729	706	662	594	547	511	616
saud+aa+312.430+Tab\9e	619	642	639	644	647	616	574	523	503	574
saud+ii+316.072+fTyrh	421	387	361	363	367	362	370	397	424	350
saud+aa+317.701+maDy	615	657	676	677	648	550	476	441	407	435
saud+ii+317.988+maDy	384	375	365	354	351	346	335	337	331	341
saud+ii+319.472+Sdyd	314	322	351	370	364	342	322	314	308	312
saud+ii+321.591+mtwDy\?g	414	416	410	386	363	341	323	316	304	329
saud+aa+322.897+maD	563	680	703	710	698	644	622	608	592	613
saud+uu+324.679+awTan	441	437	443	437	424	406	394	387	363	392
saud+aa+324.898+awTan	610	704	696	704	715	711	686	650	637	702
saud+uu+329.996+aSwl	389	421	402	372	373	440	587	752	814	427
saud+uu+330.255+aSwl	374	384	390	393	392	402	413	401	399	409
saud+uu+333.494+zhwr	474	503	528	540	521	502	483	466	459	465
saud+aa+335.353+mwaTn	685	704	702	697	688	648	616	606	591	654
saud+aa+337.306+maD	619	626	672	689	680	630	553	532	503	614
saud+ii+341.331+mtwDy\?g	417	409	400	392	385	380	375	368	363	374
saud+aa+342.897+faSl	557	617	659	678	673	630	638	628	622	586
saud+uu+346.313+sTwr	459	486	495	507	508	501	498	496	517	475
saud+ii+347.995+sdyd	327	335	345	351	363	366	363	361	372	375
saud+aa+349.711+fTam	660	704	711	727	741	752	749	729	723	750
saud+aa+351.425+alnaSrh	536	654	696	723	729	711	632	599	604	689
saud+aa+353.406+anfSal	464	551	587	633	668	678	680	681	676	671
saud+aa+355.021+baS	591	644	680	702	690	665	632	637	629	627
saud+aa+356.693+rDa\?g	535	612	643	653	650	654	656	652	649	655
saud+ii+358.126+hy	347	335	339	335	324	314	304	296	291	299
saud+aa+359.592+sTam	569	636	688	719	724	714	694	667	642	710
saud+aa+361.285+tab	518	643	687	704	701	696	690	688	684	688
saud+ii+366.122+mTyh	357	347	370	378	369	357	385	413	420	317
saud+aa+371.179+alfDa\?g	535	582	603	625	632	642	650	655	660	647
saud+aa+374.483+Tbabh	498	615	680	706	709	656	611	566	543	604
saud+ii+376.201+syf	327	325	328	328	328	329	329	334	418	333
saud+aa+377.844+naDj	586	581	606	640	637	615	578	544	523	579
saud+ii+380.884+w\D-yfh	446	432	435	427	426	430	414	431	436	446
saud+aa+382.639+awTan	597	658	683	694	694	686	673	667	663	673
saud+uu+384.167+fTwr	453	499	515	524	519	517	515	518	518	517
saud+aa+385.554+alan	638	683	681	688	700	696	682	682	678	696
saud+aa+388.596+ratb	641	666	677	669	652	608	589	578	570	557
saud+aa+390.048+Tab\9e	653	658	679	690	684	640	579	545	521	608
saud+aa+391.559+wasTh	624	629	633	634	642	623	603	597	588	601
saud+uu+393.158+wDwh	417	423	432	434	435	430	423	420	431	428
saud+ii+396.153+yTyr	429	439	411	390	383	393	413	423	423	391
saud+aa+397.900+balTa\?grh	601	649	648	651	664	672	662	635	627	685
saud+aa+399.426+Samt	572	632	648	674	693	675	623	600	582	663
saud+uu+401.024+hw	398	389	384	382	379	378	386	400	406	373
saud+aa+402.227+bsaTh	563	632	646	667	664	641	630	624	618	583
saud+ii+404.732+qDyb	425	419	362	335	334	338	345	343	341	342
saud+aa+406.115+n\D-afh	577	620	645	650	645	626	625	654	660	620
saud+aa+407.899+ant\D-am	542	636	673	682	684	662	639	631	622	656
saud+ii+409.413+jzyrh	303	302	312	317	320	322	328	347	380	322
saud+ii+413.741+n\D-yf	404	362	350	349	357	376	375	378	377	415
saud+uu+415.108+fDwl	450	471	483	488	479	457	450	424	385	425
saud+uu+415.275+fDwl	469	490	499	497	492	481	469	461	461	469
saud+uu+416.805+skwt	396	417	431	457	455	448	436	424	419	425
saud+aa+418.149+mna\D-r	526	585	652	681	690	672	642	640	631	661
saud+aa+421.073+mwa\D-bh	602	633	642	641	646	629	605	544	528	626
saud+aa+422.843+antSar	468	540	604	640	655	654	651	639	635	639
saud+ii+424.274+mSyr	415	428	412	402	402	405	412	420	414	413
saud+aa+425.675+tab\9e	616	658	681	675	670	630	587	543	523	612
saud+ii+428.552+fTyrh	458	461	441	424	412	414	438	467	483	408
saud+aa+430.067+msa\9edh	544	590	616	633	643	662	687	707	715	679
saud+aa+433.066+mlabs	546	609	643	648	652	633	609	563	549	631
saud+ii+434.708+Sdyd	338	369	392	393	390	386	375	367	354	391
saud+aa+436.095+mtwaSl	531	584	609	624	633	620	632	655	656	616
saud+aa+437.534+ktab	503	573	654	696	705	693	675	647	622	681
saud+ii+440.457+nSyb	351	382	372	339	329	321	322	380	534	320
saud+aa+441.770+maDy	608	638	634	655	676	661	577	557	536	654
saud+ii+442.059+maDy	392	369	351	341	335	328	313	300	293	329
saud+ii+443.504+wsTy	382	380	344	331	327	327	315	302	378	329
saud+ii+444.759+wsyTh	348	336	342	347	346	340	349	356	363	318
saud+uu+447.922+\shrwT	460	445	424	422	446	451	476	515	512	460
saud+ii+450.810+tlyfwn	294	304	301	296	299	308	395	695	891	321
saud+uu+450.977+tlyfwn	432	454	506	567	610	630	637	622	608	626
saud+uu+454.038+ftwr	382	394	403	412	418	419	419	425	430	417
saud+aa+468.312+ba\?g	615	621	625	636	649	659	658	661	661	670
saud+aa+469.649+ta\?g	581	617	634	641	652	661	671	674	676	683
saud+aa+471.006+\tfa\?g	530	594	609	611	622	633	636	639	640	637
saud+ii+472.529+jym	264	262	257	262	271	286	300	304	308	293
saud+aa+476.263+dal	421	498	522	542	553	527	472	450	428	529
saud+ii+481.637+syn	304	277	272	287	304	314	306	307	307	328
saud+aa+484.139+Sad	498	526	539	543	547	550	532	516	510	553
saud+aa+485.422+Dad	479	510	542	566	569	560	539	532	524	551
saud+aa+486.832+Ta\?g	545	576	581	579	577	586	606	611	617	599
saud+aa+488.233+\D-a\?g	548	594	599	602	609	615	633	637	641	627
saud+aa+492.514+fa\?g	528	570	595	612	627	636	640	641	642	641
saud+aa+496.659+lam	472	499	508	515	512	471	410	392	369	459
saud+ii+498.064+mym	305	312	325	352	381	400	412	415	417	419
saud+uu+499.570+nwn	305	326	380	421	447	455	443	433	426	458
saud+aa+501.003+ha\?g	586	568	580	591	597	602	591	570	565	600
