abu+aa+44.103+awTan+	1529	1559	1459
abu+aa+48.498+alan+	1562	1579	1516
abu+aa+53.453+alnaSrh+	1317	1397	1289
abu+aa+57.170+n\D-afh+	1598	1659	1152
abu+uu+59.064+zhwr+	1587	1666	1281
abu+aa+62.760+anfSal+	1339	1341	1391
abu+aa+64.464+ant\D-am+	1331	1344	1162
abu+uu+65.957+fDwl+	1436	1497	1278
abu+aa+67.624+msa\9edh+	1392	1377	1401
abu+uu+70.714+awtwbys+	1410	1463	1398
abu+uu+70.890+awtwbys+	1298	1288	1358
abu+ii+71.016+awtwbys+	1915	1958	1780
abu+ii+78.673+rtyb+	1591	1525	1702
abu+aa+87.188+Samt+	1146	1175	1052
abu+aa+88.554+Tab\9e+	1061	1066	1012
abu+aa+90.782+balTa\?grh+	1307	1368	1250
abu+aa+92.214+tab+	1265	1219	1334
abu+aa+94.542+ratb+	1329	1367	1333
abu+ii+101.131+thmymh+	1670	1551	1854
abu+ii+107.395+thmymh+	1841	1764	2052
abu+aa+120.068+raTy+	1079	1082	1087
abu+ii+120.314+raTy+	2307	2357	2165
abu+ii+123.934+hy+	2161	2122	2245
abu+aa+125.408+rDa\?g+	1113	1121	1069
abu+ii+126.780+rTyb+	1652	1625	1810
abu+uu+132.796+stwr+	1545	1607	1290
abu+ii+134.559+sdyd+	2049	2022	2120
abu+aa+135.839+maDn+	1076	1073	1074
abu+aa+136.915+maD+	1000	981	1046
abu+ii+140.332+nDyf+	1832	1849	1862
abu+ii+144.533+nDyf+	2000	2020	1707
abu+uu+156.684+hw+	896	912	916
abu+ii+158.181+w\D-yfh+	1999	1972	2234
abu+ii+159.873+mTyh+	2081	2051	2231
abu+aa+161.904+bsaTh+	1173	1159	1192
abu+aa+170.141+mtwaSl+	1542	1692	1049
abu+uu+171.595+sTwr+	1417	1484	1216
abu+uu+175.313+mSwl+	1368	1422	1255
abu+uu+195.517+smwT+	1262	1362	915
abu+ii+205.247+tlyfwn+	1719	1699	2002
abu+uu+206.268+fTwr+	1573	1644	1249
abu+aa+207.491+naDr+	1182	1164	1198
abu+uu+228.519+fTwr+	1621	1718	1156
abu+ii+238.516+n\D-yf+	2002	2022	1852
abu+aa+243.333+mwa\D-bh+	1072	1062	1085
abu+aa+245.548+Tab+	988	948	1136
abu+aa+248.615+Tabh+	1081	1123	1064
abu+uu+256.195+Smwt+	1123	1201	1004
abu+aa+263.887+mna\D-r+	1084	1081	1072
abu+uu+267.229+wDw\?g+	1004	1030	629
abu+ii+268.392+wsyTh+	1695	1720	1673
abu+aa+269.728+faSl+	1409	1450	1069
abu+ii+271.917+w\D-y\?g+	2119	2008	2230
abu+ii+280.107+wDyh+	1923	1894	2030
abu+uu+286.446+aSwl+	1303	1343	1400
abu+aa+288.000+fTam+	1282	1291	1154
abu+aa+289.654+alfDa\?g+	1194	1187	1208
abu+aa+290.796+ktab+	1145	1116	1233
abu+aa+291.883+maDr+	1130	1103	1219
abu+aa+297.715+naDl+	1130	1121	1121
abu+aa+298.914+naDl+	1004	1129	1156
abu+aa+299.441+naDl+	1116	1117	1166
abu+aa+301.100+naDl+	1091	1143	1084
abu+aa+302.727+at\9eab+	1151	1140	1177
abu+ii+304.419+mSyr+	1858	1835	1705
abu+ii+308.024+mSyr+	1706	1680	1759
abu+ii+314.639+mSyr+	1531	1487	1575
abu+aa+319.923+rTanh+	1536	1549	1411
abu+ii+321.044+mTyr+	1861	1866	1588
abu+ii+330.965+w\D-yf+	2037	2072	1923
abu+aa+332.793+mlabs+	1227	1233	1289
abu+aa+334.101+tab\9e+	1278	1288	1308
abu+aa+335.404+mwaTn+	1091	1078	1116
abu+ii+336.828+h\D-ym+	1794	1719	1721
abu+uu+340.265+mh\D-wm+	1203	1215	1116
abu+ii+345.927+s\9eyd+	1768	1709	1861
abu+ii+347.153+nSyb+	1664	1614	1539
abu+aa+348.420+antSar+	1498	1539	1232
abu+ii+349.738+fTyrh+	1483	1426	1567
abu+aa+353.406+wsTy+	1222	1241	1203
abu+aa+357.331+njtryh+	1572	1596	1512
abu+aa+371.942+balTa\?grh+	1540	1582	1434
abu+aa+374.105+naDl+	1113	1101	1106
abu+aa+375.417+mtwaSl+	1217	1387	1194
abu+aa+376.524+mlabs+	1225	1239	1244
abu+ii+380.029+nSyb+	1900	1880	1741
abu+uu+382.410+zhwr+	1379	1453	1568
abu+aa+384.487+naDr+	1154	1153	1143
abu+aa+385.806+maDr+	1167	1173	1142
abu+aa+387.116+fTam+	1264	1274	1147
abu+ii+388.405+wsyTh+	1778	1752	1555
abu+ii+389.968+S\9eyd+	2122	2117	2207
abu+aa+391.010+maDn+	1147	1144	1054
abu+uu+392.248+awtwbys+	1529	1640	1346
abu+uu+392.423+awtwbys+	1242	1289	1415
abu+ii+392.555+awtwbys+	1900	1895	1837
abu+uu+395.218+mSwl+	1460	1497	1429
abu+aa+397.919+ant\D-am+	1330	1346	1176
abu+ii+399.077+wDy\?g+	2084	2072	2030
abu+ii+402.451+mSyr+	1879	1896	1474
abu+ii+403.945+mTyr+	1789	1798	1610
abu+aa+406.026+msa\9edh+	1362	1328	1398
abu+ii+407.481+nDyf+	2065	2074	1816
abu+uu+409.590+wDw\?g+	896	910	933
abu+uu+409.798+wDw\?g+	961	997	897
abu+ii+410.969+rtyb+	1663	1626	1589
abu+aa+412.205+anfSal+	1308	1311	1303
abu+aa+414.363+sTam+	1286	1311	1150
abu+ii+417.237+w\D-yf+	2032	2031	1907
abu+ii+419.887+fTyrh+	1603	1532	1701
abu+aa+421.328+alfDa\?g+	1227	1233	1237
abu+aa+424.045+Tab\9e+	1168	1165	1129
abu+aa+425.626+tab+	1239	1221	1230
abu+aa+432.963+ratb+	1340	1333	1430
abu+aa+435.560+rDa\?g+	1201	1206	1205
abu+uu+437.914+sTwr+	1326	1393	1165
abu+ii+439.574+raTy+	2174	2168	2153
abu+aa+442.633+tab\9e+	1175	1152	1224
abu+uu+444.185+smwt+	1272	1345	1301
abu+aa+449.530+n\D-afh+	1277	1322	1201
abu+ii+452.067+rTyb+	1541	1503	1521
abu+aa+454.582+rTanh+	1524	1537	1339
abu+aa+495.964+nmal+	1493	1492	1550
abu+aa+498.261+alan+	1670	1687	1574
abu+ii+500.148+hDym+	1850	1769	1906
abu+aa+503.245+Samt+	1228	1264	1074
abu+aa+504.627+antSar+	1324	1329	1293
abu+aa+505.492+Tab+	1100	1071	1159
abu+aa+506.708+mwa\D-bh+	1044	1032	1054
abu+aa+508.167+alnaSrh+	1588	1708	1099
abu+uu+509.760+Smwt+	1430	1599	954
abu+ii+512.183+thmymh+	1846	1692	2061
abu+ii+513.691+mTyh+	1987	1934	2163
abu+aa+516.071+awTan+	1638	1694	1454
abu+aa+517.281+mna\D-r+	1126	1131	1096
abu+uu+518.516+smwT+	929	933	938
abu+ii+519.664+w\D-yfh+	1944	1999	1923
abu+uu+522.201+fTwr+	1489	1548	1183
abu+ii+523.561+s\9eyd+	1975	1983	1838
abu+ii+525.978+hy+	2066	2035	2210
abu+ii+527.211+n\D-yf+	1885	1864	1747
abu+ii+528.248+tlyfwn+	1832	1946	1805
abu+uu+528.462+tlyfwn+	1443	1519	1308
abu+aa+529.509+faSl+	1687	1766	1152
abu+aa+533.488+bsaTh+	1092	1085	1100
abu+uu+534.852+stwr+	1560	1640	1281
abu+uu+536.192+aSwl+	1434	1487	1411
abu+aa+537.458+ktab+	1175	1156	1186
abu+aa+538.766+mwaTn+	1260	1327	1179
abu+uu+539.925+hw+	850	883	772
abu+uu+541.308+fDwl+	1290	1341	1247
abu+ii+542.572+sdyd+	2142	2145	2051
abu+aa+548.671+maDn+	1013	1009	893
abu+ii+551.177+n\D-yf+	1854	1827	1773
abu+ii+552.258+nSyb+	1723	1680	1503
abu+ii+553.561+rtyb+	1654	1618	1591
abu+aa+557.383+bsaTh+	1114	1164	1138
abu+ii+558.732+wsyTh+	1622	1634	1593
abu+uu+561.408+zhwr+	1670	1743	1322
abu+aa+562.626+naDr+	1167	1157	1185
abu+aa+563.915+fTam+	1176	1177	1087
abu+ii+566.122+s\9eyd+	2041	2039	2026
abu+ii+567.120+S\9eyd+	2047	2049	1753
abu+uu+568.071+awtwbys+	1595	1710	1358
abu+uu+568.218+awtwbys+	1251	1291	1330
abu+ii+568.378+awtwbys+	1937	1920	1941
abu+ii+570.315+hy+	1942	1856	2054
abu+ii+572.199+wDy\?g+	2226	2195	2266
abu+ii+573.083+mTyr+	1824	1796	1745
abu+ii+576.529+mTyh+	2038	2003	2177
abu+aa+577.813+ktab+	1209	1189	1221
abu+ii+580.362+mSyr+	1858	1830	1647
abu+aa+581.420+msa\9edh+	1318	1304	1357
abu+uu+582.862+smwT+	910	966	828
abu+aa+583.997+nDl+	1101	1094	1021
abu+aa+585.009+Tab\9e+	1081	1068	1120
abu+uu+587.170+wDw\?g+	1476	1622	943
abu+uu+587.381+wDw\?g+	928	951	780
abu+aa+588.443+anfSal+	1398	1404	1398
abu+aa+589.561+tab\9e+	1260	1253	1262
abu+aa+591.624+sTam+	1387	1410	1221
abu+aa+594.586+maDr+	1107	1106	1091
abu+uu+595.683+fDwl+	1338	1372	1350
abu+aa+596.775+balTa\?grh+	1509	1567	1414
abu+aa+599.023+awTan+	1560	1590	1495
abu+uu+599.814+sTwr+	1448	1520	1120
abu+ii+601.148+fTyrh+	1744	1646	1869
abu+aa+604.128+alan+	1658	1687	1555
abu+aa+606.023+mlabs+	1317	1331	1276
abu+aa+607.812+nmal+	1312	1309	1337
abu+aa+609.533+n\D-afh+	1283	1326	1212
abu+aa+610.416+rDa\?g+	1205	1217	1184
abu+aa+611.110+Samt+	1360	1383	1195
abu+aa+613.209+raTy+	1077	1059	1156
abu+ii+613.541+raTy+	2036	2016	2180
abu+uu+614.422+fTwr+	1426	1485	1135
abu+uu+615.871+smwt+	1232	1251	1137
abu+uu+617.074+Smwt+	971	995	1004
abu+uu+618.190+Smwt+	1237	1426	816
abu+ii+619.834+rTyb+	1750	1706	1762
abu+aa+621.596+faSl+	1284	1297	1143
abu+ii+622.519+w\D-yf+	1825	1803	1643
abu+aa+623.512+ant\D-am+	1441	1473	1161
abu+uu+625.655+stwr+	1530	1589	1281
abu+ii+626.812+hw(hy)+	1762	1743	1878
abu+aa+627.830+rTanh+	1509	1524	1431
abu+ii+628.720+nDym+	1974	1891	1945
abu+ii+629.720+sdyd+	2072	2050	1890
abu+aa+631.536+Tab+	1043	1020	1119
abu+aa+633.039+antSar+	1422	1454	1193
abu+aa+633.989+alnaSrh+	1312	1362	1180
abu+uu+634.988+aSwl+	1357	1399	1367
abu+ii+636.248+thmymh+	1896	1779	2165
abu+aa+637.146+tab+	1162	1132	1286
abu+ii+638.818+nDyf+	1844	1813	1786
abu+aa+639.558+mwaTn+	1069	1029	1160
abu+aa+640.753+mna\D-r+	1183	1177	1137
abu+aa+641.672+alfDa\?g+	1143	1132	1215
abu+ii+644.733+Sdyd+	1837	1808	1777
abu+uu+646.447+mSwl+	1360	1389	1374
abu+ii+647.455+tlyfwn+	1636	1818	1535
abu+uu+647.645+tlyfwn+	1499	1562	1337
abu+ii+649.195+w\D-yfh+	1890	1868	1888
abu+aa+678.137+ba\?g+	1295	1292	1301
abu+aa+680.043+ta\?g+	1336	1337	1324
abu+aa+681.177+\tfa\?g+	1354	1353	1366
abu+ii+682.400+jym+	1828	1738	2384
abu+aa+683.473+Ha\?g+	1333	1337	1314
abu+aa+684.740+xa\?g+	1186	1187	1217
abu+aa+685.722+dal+	1344	1344	1411
abu+aa+686.809+\dhal+	1431	1432	1483
abu+ii+690.111+syn+	2232	2206	2289
abu+ii+691.095+\shyn+	2189	2147	2322
abu+aa+692.784+Sad+	1251	1272	1193
abu+aa+693.998+Dad+	1204	1228	1177
abu+aa+694.931+Ta\?g+	1061	1085	1029
abu+aa+696.157+\D-a\?g+	1164	1174	1175
abu+aa+701.156+lam+	1262	1251	1257
abu+ii+701.886+mym+	1900	1817	2324
abu+aa+702.580+ha\?g+	1287	1285	1299
abu+uu+703.514+nwn+	1695	1868	1434
abu+aa+705.032+ha\?g+	1282	1278	1296
alohali+uu+20.756+aSwl+	1301	1339	1306
alohali+aa+26.785+mwaTn+	1021	1157	987
alohali+aa+30.173+awTan+	1541	1586	1566
alohali+aa+32.855+HaDr+	1215	1212	1247
alohali+aa+52.177+maD+	1250	1251	1296
alohali+aa+64.025+alfDa\?g+	1135	1209	1159
alohali+aa+69.753+baS+	1400	1439	1152
alohali+aa+73.018+antSar+	1366	1380	1256
alohali+aa+75.733+ratb+	1470	1502	1566
alohali+uu+78.583+fTwr+	1135	1153	1056
alohali+aa+81.659+wasTh+	1562	1648	1288
alohali+aa+86.366+Tbabh+	1307	1294	1317
alohali+aa+89.883+anfSal+	1256	1242	1236
alohali+ii+94.027+hy+	2267	2258	2255
alohali+uu+102.072+wDw\?g+	1002	1049	872
alohali+aa+105.671+tab+	1493	1501	1455
alohali+ii+108.801+tlyfwn+	1518	1714	1446
alohali+uu+108.950+tlyfwn+	1411	1517	1210
alohali+ii+113.054+qDyb+	2001	2010	2010
alohali+ii+116.032+jzyrh+	1627	1553	1791
alohali+aa+121.942+rDa\?g+	1189	1181	1214
alohali+uu+125.647+zhwr+	1223	1248	1144
alohali+aa+129.865+alnaSrh+	1537	1684	1332
alohali+aa+133.710+n\D-afh+	1450	1490	1142
alohali+aa+136.845+ant\D-am+	1339	1354	1266
alohali+ii+139.800+w\D-yfh+	1873	1872	1990
alohali+aa+149.451+mwa\D-bh+	1091	1075	1095
alohali+aa+153.036+tab\9e+	1477	1472	1466
alohali+aa+156.743+mna\D-r+	1165	1176	1169
alohali+aa+158.560+mna\D-r+	1245	1236	1280
alohali+uu+169.641+sTwr+	1087	1104	1024
alohali+ii+173.879+wsyTh+	1692	1661	1608
alohali+ii+176.952+n\D-yf+	1961	1957	1982
alohali+ii+182.320+mTyh+	1816	1794	1894
alohali+uu+188.628+\shrwT+	1054	1072	1063
alohali+aa+191.555+mtwaSl+	1479	1528	1190
alohali+ii+194.524+nSyb+	1910	1904	1791
alohali+uu+199.479+ftwr+	1394	1435	1175
alohali+uu+202.185+fDwl+	1192	1216	1202
alohali+ii+211.451+yTyr+	1884	1866	1829
alohali+aa+226.025+Tab\9e+	1141	1130	1134
alohali+aa+231.625+faSl+	1336	1399	1202
alohali+aa+234.585+alan+	1559	1559	1579
alohali+ii+237.829+fTyrh+	1433	1378	1583
alohali+uu+240.659+hw+	1059	1065	1070
alohali+aa+247.386+Samt+	1303	1325	1163
alohali+aa+249.856+maDy+	1172	1182	1109
alohali+ii+253.102+mtwDy\?g+	1890	1843	1929
alohali+aa+256.232+fTam+	1267	1283	1127
alohali+uu+259.185+skwt+	1334	1373	1371
alohali+aa+272.129+sTam+	1227	1239	1042
alohali+ii+275.285+mSyr+	1836	1825	1759
alohali+aa+278.693+bsaTh+	1166	1197	1158
alohali+aa+281.530+mlabs+	1400	1381	1439
alohali+aa+287.721+ktab+	1485	1484	1318
alohali+aa+290.600+naDj+	1265	1263	1146
alohali+ii+293.627+sdyd+	2026	2011	2004
alohali+ii+297.454+wsyTh+	1763	1777	1716
alohali+uu+300.259+aSwl+	1273	1306	1290
alohali+ii+302.856+w\D-yfh+	1874	1854	1912
alohali+ii+305.449+S\9eyd+	2092	2086	1959
alohali+aa+310.870+mwaTn+	1088	1118	1123
alohali+aa+313.167+HaDr+	1220	1217	1235
alohali+aa+315.730+faSl+	1325	1366	1187
alohali+aa+318.535+naDj+	1178	1266	1133
alohali+aa+326.014+fTam+	1251	1266	1210
alohali+aa+331.907+n\D-afh+	1288	1327	1149
alohali+aa+334.969+alnaSrh+	1512	1671	1378
alohali+aa+340.557+sTam+	1273	1280	1187
alohali+uu+343.483+fDwl+	1177	1194	1198
alohali+aa+352.086+alfDa\?g+	1118	1113	1119
alohali+aa+357.721+ktab+	1448	1435	1437
alohali+ii+360.300+tlyfwn+	1720	1691	1804
alohali+uu+360.462+tlyfwn+	1503	1550	1457
alohali+ii+363.461+mSyr+	1880	1870	1797
alohali+aa+368.898+mlabs+	1459	1458	1426
alohali+aa+371.639+alan+	1694	1707	1690
alohali+aa+373.561+baS+	1425	1465	1268
alohali+aa+375.755+ratb+	1453	1470	1548
alohali+aa+378.541+wasTh+	1471	1533	1255
alohali+aa+381.983+anfSal+	1225	1229	1304
alohali+ii+389.066+yTyr+	2098	2092	2019
alohali+uu+391.437+wDw\?g+	945	962	709
alohali+aa+398.132+tab+	1466	1469	1314
alohali+ii+400.818+qDyb+	2010	2000	1969
alohali+uu+407.320+zhwr+	1155	1177	1118
alohali+aa+410.305+bsaTh+	1209	1224	1215
alohali+aa+415.279+ant\D-am+	1317	1347	1531
alohali+aa+426.660+antSar+	1229	1232	1216
alohali+uu+429.063+skwt+	1318	1335	1424
alohali+aa+431.955+rDa\?g+	1125	1112	1215
alohali+aa+435.262+tab\9e+	1441	1435	1434
alohali+aa+438.154+msa\9edh+	1650	1661	1620
alohali+uu+444.543+sTwr+	1037	1054	952
alohali+uu+447.687+hw+	763	737	770
alohali+ii+450.642+n\D-yf+	2019	2004	2026
alohali+ii+459.627+jzyrh+	1530	1449	1711
alohali+uu+465.313+ftwr+	1091	1098	1071
alohali+uu+468.024+\shrwT+	1141	1289	894
alohali+aa+470.219+mtwaSl+	1444	1511	1105
alohali+aa+473.493+Tbabh+	1211	1196	1274
alohali+aa+477.082+mna\D-r+	1191	1189	1301
alohali+ii+481.210+nSyb+	1891	1882	1872
alohali+aa+484.156+Samt+	1262	1292	1141
alohali+uu+491.848+fTwr+	1097	1117	1030
alohali+ii+493.975+hy+	2225	2237	2252
alohali+aa+499.356+mwa\D-bh+	1196	1230	1247
alohali+aa+502.158+Tab\9e+	1128	1122	1125
alohali+ii+507.290+fTyrh+	1642	1576	1858
alohali+aa+509.826+maDy+	1267	1321	1178
alohali+ii+510.033+maDy+	1865	1836	1878
alohali+ii+512.291+Sdyd+	2164	2217	2001
alohali+ii+515.444+mtwDy\?g+	1977	2024	1905
alohali+aa+518.408+maD+	1143	1140	1158
alohali+aa+521.280+awTan+	1419	1469	1441
alohali+uu+523.552+aSwl+	1279	1330	1216
alohali+uu+528.669+zhwr+	965	977	969
alohali+aa+530.961+mwaTn+	1128	1199	1144
alohali+aa+533.552+maD+	1215	1258	1075
alohali+ii+539.578+mtwDy\?g+	2005	1934	2065
alohali+aa+542.104+faSl+	1417	1497	1155
alohali+uu+547.106+sTwr+	1139	1163	955
alohali+ii+549.663+sdyd+	2145	2116	2106
alohali+aa+552.671+fTam+	1263	1261	1217
alohali+aa+555.205+alnaSrh+	1508	1541	1244
alohali+aa+558.774+anfSal+	1086	1080	1169
alohali+aa+561.353+baS+	1313	1344	1094
alohali+aa+564.114+rDa\?g+	1191	1306	1034
alohali+ii+566.076+hy+	2186	2185	2160
alohali+aa+568.426+sTam+	1258	1266	1253
alohali+aa+570.579+tab+	1450	1448	1389
alohali+ii+579.410+mTyh+	1757	1698	1586
alohali+aa+587.421+alfDa\?g+	1141	1131	1143
alohali+aa+593.659+Tbabh+	1210	1193	1257
alohali+aa+598.222+naDj+	1110	1111	1085
alohali+aa+600.746+HaDr+	1165	1155	1176
alohali+ii+603.031+w\D-yfh+	1901	1881	1928
alohali+aa+605.272+awTan+	1356	1371	1325
alohali+uu+608.084+fTwr+	974	977	953
alohali+aa+610.838+alan+	1613	1627	1604
alohali+aa+616.295+ratb+	1348	1368	1420
alohali+aa+619.370+Tab\9e+	1129	1120	1127
alohali+aa+622.556+wasTh+	1316	1395	1183
alohali+uu+625.531+wDwh+	828	851	804
alohali+ii+631.385+yTyr+	1958	1950	1962
alohali+aa+637.875+Samt+	1223	1238	1222
alohali+uu+640.621+hw+	756	757	749
alohali+aa+643.465+bsaTh+	1121	1115	1135
alohali+ii+648.937+qDyb+	2038	2061	1975
alohali+aa+651.188+n\D-afh+	1268	1329	1102
alohali+aa+653.700+ant\D-am+	1138	1131	1156
alohali+ii+656.467+jzyrh+	1757	1663	1875
alohali+ii+664.977+n\D-yf+	1897	1888	1794
alohali+uu+668.007+fDwl+	1248	1273	1223
alohali+uu+670.779+skwt+	1272	1291	1395
alohali+aa+673.428+mna\D-r+	1178	1164	1209
alohali+aa+678.746+mwa\D-bh+	1029	1032	1127
alohali+aa+681.604+antSar+	1287	1304	1144
alohali+ii+684.530+mSyr+	1772	1762	1815
alohali+aa+687.517+tab\9e+	1332	1335	1392
alohali+ii+694.645+fTyrh+	1770	1722	1897
alohali+aa+704.735+mlabs+	1439	1432	1415
alohali+aa+710.021+mtwaSl+	1305	1391	1148
alohali+aa+712.619+ktab+	1523	1545	1453
alohali+ii+718.517+nSyb+	1946	1941	1811
alohali+aa+720.484+maDy+	1384	1444	1081
alohali+ii+725.520+wsyTh+	1807	1821	1747
alohali+uu+730.790+\shrwT+	1060	1081	946
alohali+ii+733.045+tlyfwn+	1909	1892	1976
alohali+uu+733.208+tlyfwn+	1545	1610	1518
alohali+uu+740.546+ftwr+	1295	1348	1043
alohali+aa+763.956+ba\?g+	1483	1481	1526
alohali+aa+765.835+ta\?g+	1572	1571	1566
alohali+aa+767.394+\tfa\?g+	1489	1491	1508
alohali+ii+769.049+jym+	2013	1942	2206
alohali+aa+770.616+Ha\?g+	1526	1526	1504
alohali+aa+772.507+xa\?g+	1231	1229	1258
alohali+aa+774.303+dal+	1656	1655	1657
alohali+aa+775.854+\dhal+	1578	1584	1550
alohali+aa+777.562+ra\?g+	1123	1125	1132
alohali+ii+781.370+syn+	2081	2046	2260
alohali+ii+783.448+\shyn+	2004	1955	2019
alohali+aa+785.438+Sad+	1382	1408	1443
alohali+aa+787.448+Dad+	1204	1215	1329
alohali+aa+789.941+Ta\?g+	1334	1400	1178
alohali+aa+792.469+\D-a\?g+	1280	1309	1167
alohali+aa+798.880+fa\?g+	1564	1570	1511
alohali+aa+806.487+lam+	1544	1552	1440
alohali+ii+808.549+mym+	1975	1916	2286
alohali+uu+810.745+nwn+	1655	1680	1471
alohali+aa+812.678+ha\?g+	1420	1415	1433
alotaiq+uu+36.829+aSwl+	1185	1228	878
alotaiq+aa+40.965+mwaTn+	1330	1490	1172
alotaiq+aa+43.229+awTan+	1544	1589	1326
alotaiq+aa+44.659+HaDr+	1276	1288	1149
alotaiq+aa+46.645+maD+	1161	1156	1100
alotaiq+aa+53.714+alfDa\?g+	1231	1214	1230
alotaiq+aa+55.917+baS+	1516	1557	1235
alotaiq+aa+57.448+antSar+	1414	1429	1302
alotaiq+aa+58.659+ratb+	1491	1511	1566
alotaiq+uu+59.954+fTwr+	1168	1198	1066
alotaiq+aa+61.188+wasTh+	1240	1401	1222
alotaiq+aa+64.681+Tbabh+	1093	1083	1096
alotaiq+aa+65.986+anfSal+	1215	1212	1218
alotaiq+ii+66.972+hy+	2372	2388	2345
alotaiq+aa+68.421+balTa\?grh+	1471	1544	1336
alotaiq+uu+69.914+wDw\?g+	961	1021	897
alotaiq+aa+70.898+tab+	1257	1242	1246
alotaiq+ii+72.040+tlyfwn+	1987	1888	1974
alotaiq+uu+72.219+tlyfwn+	1469	1508	1366
alotaiq+ii+74.709+qDyb+	2132	2112	2049
alotaiq+ii+76.070+jzyrh+	1660	1565	1720
alotaiq+aa+78.695+rDa\?g+	1202	1215	1180
alotaiq+uu+79.956+zhwr+	1268	1330	927
alotaiq+aa+81.049+alnaSrh+	1606	1705	1263
alotaiq+aa+82.642+n\D-afh+	1343	1360	1104
alotaiq+aa+83.829+ant\D-am+	1798	1898	986
alotaiq+ii+84.921+w\D-yfh+	2199	2176	2207
alotaiq+aa+90.378+mwa\D-bh+	1215	1185	996
alotaiq+aa+92.015+tab\9e+	1384	1392	1334
alotaiq+aa+93.551+mna\D-r+	1101	1091	1038
alotaiq+uu+100.588+sTwr+	1192	1243	902
alotaiq+ii+102.915+wsyTh+	1881	1879	1720
alotaiq+ii+104.582+n\D-yf+	2103	2082	2099
alotaiq+ii+105.623+mTyh+	2092	2048	2257
alotaiq+uu+109.124+\shrwT+	1098	1124	887
alotaiq+aa+110.337+mtwaSl+	1260	1499	1197
alotaiq+ii+111.797+nSyb+	2014	1994	1980
alotaiq+uu+113.175+ftwr+	1239	1268	948
alotaiq+uu+114.319+fDwl+	1156	1196	1103
alotaiq+ii+122.891+yTyr+	1920	1897	1909
alotaiq+aa+128.598+wsTy+	1216	1267	1137
alotaiq+aa+131.274+Tab\9e+	1242	1264	1222
alotaiq+aa+133.861+faSl+	1357	1439	1266
alotaiq+aa+135.146+alan+	1544	1557	1611
alotaiq+ii+136.262+fTyrh+	1840	1752	1931
alotaiq+uu+137.414+hw+	863	847	889
alotaiq+aa+140.514+Samt+	1398	1414	1216
alotaiq+aa+141.528+maDy+	1098	1131	1004
alotaiq+ii+141.709+maDy+	2268	2256	2285
alotaiq+uu+142.897+mtwDy\?g+	1064	1060	1090
alotaiq+ii+143.108+mtwDy\?g+	2313	2326	2299
alotaiq+aa+144.253+fTam+	1777	1875	1348
alotaiq+uu+145.453+skwt+	1281	1302	1276
alotaiq+aa+146.752+msa\9edh+	1499	1463	1512
alotaiq+aa+150.922+sTam+	1184	1208	1132
alotaiq+ii+186.424+mSyr+	1940	1921	1894
alotaiq+aa+187.791+bsaTh+	1445	1584	1147
alotaiq+aa+189.027+mlabs+	1541	1563	1371
alotaiq+aa+192.376+ktab+	1331	1331	1284
alotaiq+aa+193.420+naDj+	1206	1214	1063
alotaiq+ii+194.806+sdyd+	2210	2200	2226
alotaiq+ii+196.122+wsyTh+	1730	1684	1510
alotaiq+uu+197.323+aSwl+	832	833	871
alotaiq+ii+198.460+w\D-yfh+	1986	1897	2079
alotaiq+aa+202.897+mwaTn+	1059	1064	1038
alotaiq+aa+205.290+faSl+	1807	1928	1174
alotaiq+aa+206.478+naDj+	1013	1044	943
alotaiq+aa+209.930+fTam+	1266	1279	1122
alotaiq+aa+212.360+n\D-afh+	1296	1321	1133
alotaiq+aa+213.506+alnaSrh+	1574	1669	1222
alotaiq+aa+215.953+sTam+	1204	1201	1215
alotaiq+uu+217.032+fDwl+	1124	1149	1120
alotaiq+aa+221.732+alfDa\?g+	1218	1223	1216
alotaiq+aa+224.060+ktab+	1326	1324	1233
alotaiq+ii+224.912+tlyfwn+	2007	2001	1991
alotaiq+uu+225.061+tlyfwn+	1276	1292	1255
alotaiq+ii+226.284+mSyr+	1974	1972	1868
alotaiq+ii+227.469+sdyd+	2137	2131	2102
alotaiq+aa+228.587+mlabs+	1371	1378	1325
alotaiq+aa+229.740+alan+	1710	1760	1582
alotaiq+aa+230.607+baS+	1431	1467	1197
alotaiq+aa+231.864+ratb+	1454	1474	1468
alotaiq+aa+234.697+anfSal+	1247	1258	1235
alotaiq+ii+238.490+yTyr+	2019	2003	2014
alotaiq+uu+239.643+wDw\?g+	888	1000	847
alotaiq+aa+242.288+tab+	1321	1327	1275
alotaiq+ii+243.732+qDyb+	2037	2011	2080
alotaiq+uu+245.919+zhwr+	1504	1588	990
alotaiq+aa+247.054+bsaTh+	1177	1171	1190
alotaiq+aa+249.332+ant\D-am+	1412	1461	1077
alotaiq+aa+254.113+antSar+	1552	1613	1193
alotaiq+uu+255.245+skwt+	1297	1356	1282
alotaiq+aa+256.248+rDa\?g+	1154	1131	1170
alotaiq+aa+257.206+tab\9e+	1487	1491	1401
alotaiq+uu+261.199+sTwr+	1412	1487	920
alotaiq+uu+261.956+hw+	865	836	895
alotaiq+ii+263.006+n\D-yf+	2062	2031	2095
alotaiq+ii+265.128+mTyh+	2302	2291	2324
alotaiq+ii+266.234+jzyrh+	1661	1550	1792
alotaiq+uu+268.326+ftwr+	1378	1445	1045
alotaiq+uu+269.358+\shrwT+	1225	1295	832
alotaiq+aa+270.451+mtwaSl+	1522	1735	1154
alotaiq+aa+271.403+Tbabh+	1065	1056	1081
alotaiq+aa+272.461+mna\D-r+	1257	1277	965
alotaiq+ii+273.671+nSyb+	2051	2040	2073
alotaiq+aa+274.525+Samt+	1309	1325	1217
alotaiq+uu+276.569+fTwr+	1050	1060	1051
alotaiq+ii+277.441+hy+	2369	2375	2329
alotaiq+aa+279.440+mwa\D-bh+	1487	1756	961
alotaiq+aa+280.522+Tab\9e+	1214	1224	1242
alotaiq+ii+283.009+fTyrh+	1764	1668	1872
alotaiq+aa+285.315+maDy+	1113	1124	1114
alotaiq+ii+285.505+maDy+	2253	2255	2233
alotaiq+ii+286.689+Sdyd+	2138	2122	2138
alotaiq+uu+287.624+mtwDy\?g+	977	959	1038
alotaiq+ii+287.865+mtwDy\?g+	2289	2237	2320
alotaiq+aa+288.833+maD+	1105	1111	1076
alotaiq+ii+289.023+maD+	2210	2211	2203
alotaiq+aa+290.068+awTan+	1366	1386	1294
alotaiq+uu+290.999+aSwl+	1173	1199	1079
alotaiq+uu+293.010+zhwr+	1082	1103	1005
alotaiq+aa+294.162+mwaTn+	1107	1144	1144
alotaiq+aa+295.074+maD+	1615	1670	1072
alotaiq+ii+295.285+maD+	2226	2219	2275
alotaiq+uu+297.387+mtwDy\?g+	942	902	1005
alotaiq+ii+297.651+mtwDy\?g+	2224	2161	2281
alotaiq+aa+298.337+faSl+	1365	1562	1226
alotaiq+uu+300.417+sTwr+	1154	1196	912
alotaiq+ii+301.439+sdyd+	2184	2172	2220
alotaiq+aa+302.479+fTam+	1487	1536	1094
alotaiq+aa+303.507+alnaSrh+	1678	1804	1248
alotaiq+aa+304.909+anfSal+	1274	1273	1266
alotaiq+aa+305.834+baS+	1562	1622	1225
alotaiq+aa+306.970+rDa\?g+	1227	1250	1228
alotaiq+ii+308.161+hy+	2417	2439	2384
alotaiq+aa+309.187+sTam+	1528	1580	1183
alotaiq+aa+310.227+tab+	1469	1481	1298
alotaiq+ii+313.862+mTyh+	2266	2270	2267
alotaiq+aa+317.207+alfDa\?g+	1188	1174	1194
alotaiq+aa+319.361+Tbabh+	1069	1055	1103
alotaiq+aa+322.379+naDj+	1053	1047	1033
alotaiq+ii+324.055+w\D-yfh+	2223	2167	2271
alotaiq+aa+325.216+awTan+	1374	1407	1273
alotaiq+uu+326.229+fTwr+	1167	1201	983
alotaiq+aa+327.093+alan+	1420	1420	1431
alotaiq+aa+328.893+ratb+	1456	1573	1434
alotaiq+aa+329.982+Tab\9e+	1238	1236	1265
alotaiq+uu+332.060+wDwh+	923	1057	875
alotaiq+ii+333.976+yTyr+	2029	2003	2100
alotaiq+aa+335.032+balTa\?grh+	1389	1469	1309
alotaiq+aa+336.155+Samt+	1257	1259	1234
alotaiq+uu+337.058+hw+	927	927	857
alotaiq+aa+337.994+bsaTh+	1178	1155	1208
alotaiq+ii+339.929+qDyb+	2043	2017	2120
alotaiq+aa+340.732+n\D-afh+	1328	1382	1218
alotaiq+aa+341.813+ant\D-am+	1527	1587	1074
alotaiq+ii+342.666+jzyrh+	1696	1647	1731
alotaiq+ii+345.735+n\D-yf+	2123	2095	2193
alotaiq+uu+346.831+fDwl+	1076	1114	1044
alotaiq+uu+347.855+skwt+	1214	1248	1188
alotaiq+aa+348.886+mna\D-r+	1098	1123	956
alotaiq+aa+351.941+mwa\D-bh+	961	928	1026
alotaiq+aa+353.129+antSar+	1554	1610	1205
alotaiq+ii+354.169+mSyr+	1950	1925	2017
alotaiq+aa+355.140+tab\9e+	1387	1381	1408
alotaiq+ii+357.529+fTyrh+	1923	1854	2051
alotaiq+aa+360.634+mlabs+	1352	1345	1410
alotaiq+ii+361.727+Sdyd+	2178	2112	2195
alotaiq+aa+362.880+mtwaSl+	1079	1106	1035
alotaiq+aa+364.090+ktab+	1325	1349	1282
alotaiq+ii+373.213+nSyb+	2082	2039	2148
alotaiq+aa+374.477+maDy+	1298	1307	1106
alotaiq+ii+374.689+maDy+	2231	2201	2284
alotaiq+ii+376.992+wsyTh+	1815	1794	1918
alotaiq+uu+381.300+\shrwT+	1108	1143	884
alotaiq+ii+382.785+tlyfwn+	1860	1882	1836
alotaiq+uu+382.965+tlyfwn+	1153	1210	1218
alotaiq+uu+386.269+ftwr+	1126	1147	1062
alotaiq+aa+495.201+ba\?g+	1416	1418	1414
alotaiq+ii+497.840+jym+	1757	1616	2217
alotaiq+aa+501.642+\dhal+	1465	1471	1429
alotaiq+aa+502.638+ra\?g+	1247	1256	1214
alotaiq+ii+505.062+syn+	2114	2070	2350
alotaiq+ii+505.999+\shyn+	2119	2055	2226
alotaiq+aa+507.111+Sad+	1707	1755	1632
alotaiq+aa+508.099+Dad+	1457	1481	1501
alotaiq+aa+509.398+Ta\?g+	1260	1273	1179
alotaiq+aa+510.514+\D-a\?g+	1212	1309	1210
alotaiq+aa+513.146+fa\?g+	1385	1386	1376
alotaiq+aa+515.727+lam+	1406	1400	1402
alotaiq+ii+516.686+mym+	2151	2126	2246
alotaiq+uu+517.619+nwn+	1371	1401	1375
mohammed+uu+37.810+aSwl+	1337	1389	1205
mohammed+aa+41.930+mwaTn+	1094	1069	1174
mohammed+aa+44.033+awTan+	1529	1549	1521
mohammed+aa+48.583+maD+	1126	1116	1125
mohammed+aa+61.715+alfDa\?g+	1092	1091	1058
mohammed+aa+66.291+baS+	1271	1284	1236
mohammed+aa+68.743+antSar+	1258	1278	1158
mohammed+aa+71.386+ratb+	1447	1443	1588
mohammed+uu+74.628+fTwr+	857	868	860
mohammed+aa+88.416+wasTh+	1440	1477	1409
mohammed+aa+100.358+Tbabh+	1309	1307	1308
mohammed+aa+103.737+anfSal+	1251	1247	1306
mohammed+ii+106.076+hy+	2107	2009	2240
mohammed+aa+108.584+balTa\?grh+	1403	1449	1288
mohammed+uu+111.351+wDw\?g+	829	844	786
mohammed+aa+114.027+tab+	1311	1302	1234
mohammed+ii+116.742+tlyfwn+	1888	1889	1892
mohammed+uu+116.938+tlyfwn+	1560	1512	1333
mohammed+ii+119.555+qDyb+	2096	2060	2128
mohammed+ii+122.125+jzyrh+	1892	1808	2099
mohammed+aa+127.152+rDa\?g+	1043	1044	1057
mohammed+uu+129.678+zhwr+	943	958	826
mohammed+aa+131.865+alnaSrh+	1233	1365	1179
mohammed+aa+134.193+n\D-afh+	1202	1247	1174
mohammed+aa+137.117+ant\D-am+	1240	1240	1377
mohammed+ii+139.559+w\D-yfh+	2044	1998	2227
mohammed+aa+147.480+mwa\D-bh+	1159	1158	1124
mohammed+aa+153.367+mna\D-r+	1162	1157	1136
mohammed+uu+162.000+sTwr+	1237	1310	964
mohammed+ii+164.836+wsyTh+	1907	1929	1811
mohammed+ii+167.908+n\D-yf+	2101	2034	2293
mohammed+ii+170.687+mTyh+	2421	2442	1743
mohammed+uu+176.225+\shrwT+	934	949	944
mohammed+aa+178.976+mtwaSl+	1287	1325	1096
mohammed+ii+182.130+nSyb+	2148	2115	2092
mohammed+uu+184.843+ftwr+	1139	1172	1034
mohammed+uu+187.292+fDwl+	1424	1510	1288
mohammed+ii+196.267+yTyr+	2067	1967	2230
mohammed+aa+210.665+Tab\9e+	1200	1212	1133
mohammed+aa+217.711+faSl+	1188	1187	1201
mohammed+aa+220.749+alan+	1672	1684	1649
mohammed+uu+226.666+hw+	706	763	694
mohammed+aa+232.679+Samt+	1225	1231	1133
mohammed+aa+235.739+maDy+	1089	1091	1014
mohammed+ii+236.031+maDy+	2415	2383	2408
mohammed+aa+241.517+fTam+	1202	1230	1051
mohammed+uu+244.178+skwt+	1219	1244	1320
mohammed+aa+246.588+msa\9edh+	1562	1584	1531
mohammed+aa+256.759+sTam+	1132	1149	997
mohammed+ii+259.353+mSyr+	2073	2043	2217
mohammed+aa+262.251+bsaTh+	1254	1293	1165
mohammed+aa+264.851+mlabs+	1490	1488	1479
mohammed+aa+270.235+ktab+	1344	1330	1309
mohammed+aa+273.075+naDj+	1090	1073	1063
mohammed+ii+276.639+sdyd+	2033	1986	2365
mohammed+ii+279.510+wsyTh+	1911	1860	2072
mohammed+uu+282.344+aSwl+	1242	1290	1089
mohammed+ii+284.863+w\D-yfh+	1981	1923	2133
mohammed+aa+293.008+mwaTn+	1162	1153	1182
mohammed+aa+299.126+faSl+	1253	1255	1290
mohammed+aa+302.099+naDj+	1111	1080	1091
mohammed+aa+311.358+fTam+	1177	1199	1214
mohammed+aa+317.563+n\D-afh+	1210	1201	1145
mohammed+aa+320.204+alnaSrh+	1524	1546	1228
mohammed+aa+328.989+sTam+	1202	1194	1090
mohammed+uu+332.223+fDwl+	1256	1308	1304
mohammed+aa+341.209+alfDa\?g+	1124	1125	1136
mohammed+aa+347.962+ktab+	1293	1279	1354
mohammed+ii+351.067+tlyfwn+	1898	1867	1933
mohammed+uu+351.257+tlyfwn+	1216	1261	1083
mohammed+ii+354.235+mSyr+	1875	1796	1556
mohammed+ii+357.176+sdyd+	2341	2317	2346
mohammed+aa+360.209+mlabs+	1404	1408	1399
mohammed+aa+363.410+alan+	1626	1658	1629
mohammed+aa+365.794+baS+	1306	1332	1206
mohammed+aa+373.531+wasTh+	1410	1401	1488
mohammed+aa+378.356+anfSal+	1117	1110	1210
mohammed+ii+388.710+yTyr+	1962	1961	2117
mohammed+uu+391.943+wDw\?g+	813	839	779
mohammed+aa+395.346+balTa\?grh+	1353	1402	1215
mohammed+aa+398.268+tab+	1298	1285	1313
mohammed+aa+399.952+tab+	1250	1236	1238
mohammed+ii+402.833+qDyb+	1547	1497	1787
mohammed+uu+408.362+zhwr+	887	911	890
mohammed+aa+411.056+bsaTh+	1194	1204	1136
mohammed+aa+416.835+ant\D-am+	1161	1194	1340
mohammed+aa+427.673+antSar+	1027	1022	1062
mohammed+uu+430.933+skwt+	1150	1161	1407
mohammed+aa+433.588+rDa\?g+	1058	1063	1062
mohammed+aa+436.114+tab\9e+	1398	1414	1407
mohammed+uu+443.673+sTwr+	1139	1198	920
mohammed+uu+446.034+hw+	720	729	651
mohammed+ii+449.896+n\D-yf+	2114	2059	2259
mohammed+ii+455.143+mTyh+	2314	2283	2532
mohammed+ii+457.572+jzyrh+	2014	1847	2237
mohammed+uu+462.124+ftwr+	1147	1192	966
mohammed+uu+464.533+\shrwT+	1227	1271	1000
mohammed+aa+466.882+mtwaSl+	1265	1318	1169
mohammed+aa+471.865+Tbabh+	1282	1274	1260
mohammed+aa+473.193+Tbabh+	1272	1262	1249
mohammed+aa+481.371+mna\D-r+	1094	1093	1063
mohammed+ii+484.147+nSyb+	1816	1721	1807
mohammed+aa+486.303+Samt+	1237	1250	1223
mohammed+uu+491.690+fTwr+	1267	1332	953
mohammed+ii+494.526+hy+	1797	1735	2012
mohammed+aa+504.273+mwa\D-bh+	1194	1161	1155
mohammed+aa+506.995+Tab\9e+	1197	1201	1211
mohammed+ii+511.950+fTyrh+	2127	1970	2345
mohammed+aa+513.820+maDy+	1038	1015	995
mohammed+ii+514.098+maDy+	2385	2373	2460
mohammed+ii+516.279+Sdyd+	2286	2254	2548
mohammed+ii+518.860+mtwDy\?g+	1651	1646	1651
mohammed+aa+520.790+maD+	1132	1140	1053
mohammed+aa+523.950+maD+	1228	1267	1029
mohammed+aa+526.562+awTan+	1548	1586	1400
mohammed+uu+528.997+aSwl+	1179	1243	1096
mohammed+uu+533.648+zhwr+	810	829	823
mohammed+aa+535.683+mwaTn+	1153	1172	1110
mohammed+aa+539.017+maD+	1230	1197	1193
mohammed+aa+540.108+maD+	1138	1167	1014
mohammed+aa+547.879+faSl+	1289	1299	1230
mohammed+uu+552.561+sTwr+	1064	1095	935
mohammed+ii+554.866+sdyd+	2109	2033	2294
mohammed+aa+557.347+fTam+	1086	1104	1103
mohammed+aa+561.433+alnaSrh+	1584	1694	1141
mohammed+aa+564.132+anfSal+	1344	1354	1323
mohammed+aa+566.261+baS+	1252	1264	1212
mohammed+aa+568.664+rDa\?g+	1054	1056	1046
mohammed+ii+571.022+hy+	1961	1894	2161
mohammed+aa+573.167+sTam+	1054	1030	994
mohammed+aa+575.572+tab+	1282	1269	1307
mohammed+ii+582.031+mTyh+	2567	2566	2568
mohammed+aa+590.396+alfDa\?g+	1133	1126	1160
mohammed+aa+599.382+Tbabh+	1279	1265	1270
mohammed+aa+600.586+Tbabh+	1262	1253	1265
mohammed+ii+609.807+w\D-yfh+	2120	2056	2219
mohammed+aa+774.074+lam+	1342	1346	1408
mohammed+ii+775.317+mym+	1681	1675	2315
mohammed+uu+776.529+nwn+	1579	1676	1550
naif1+uu+15.644+aSwl+	1039	1170	834
naif1+aa+19.667+mwaTn+	1044	1133	1011
naif1+aa+21.401+awTan+	1384	1402	1355
naif1+aa+24.473+maD+	952	931	944
naif1+aa+31.452+alfDa\?g+	1052	1060	1042
naif1+aa+34.440+baS+	1494	1589	1084
naif1+aa+36.611+antSar+	1217	1421	1042
naif1+aa+38.078+ratb+	1351	1293	1428
naif1+uu+40.162+fTwr+	914	969	792
naif1+aa+41.591+wasTh+	1346	1436	1095
naif1+aa+43.496+Tbabh+	1199	1195	1228
naif1+aa+45.302+anfSal+	1198	1197	1245
naif1+ii+47.222+hy+	1941	1860	2037
naif1+aa+49.150+balTa\?grh+	1486	1543	1279
naif1+uu+50.869+wDw\?g+	1100	1199	565
naif1+aa+52.505+tab+	1323	1332	1299
naif1+ii+54.408+tlyfwn+	1900	1864	1941
naif1+uu+54.585+tlyfwn+	1365	1389	1235
naif1+ii+56.314+qDyb+	1874	1851	1951
naif1+ii+58.213+jzyrh+	1816	1701	1935
naif1+aa+62.145+rDa\?g+	1171	1187	1120
naif1+uu+64.048+zhwr+	1234	1293	889
naif1+aa+65.856+alnaSrh+	1460	1528	1148
naif1+aa+67.873+n\D-afh+	1429	1481	1077
naif1+aa+69.963+ant\D-am+	1279	1300	1199
naif1+ii+71.925+w\D-yfh+	1994	1986	1993
naif1+aa+77.720+mwa\D-bh+	1016	1010	880
naif1+aa+79.597+tab\9e+	1343	1347	1350
naif1+aa+81.573+mna\D-r+	969	939	897
naif1+uu+88.454+sTwr+	1299	1374	922
naif1+ii+90.159+wsyTh+	1655	1637	1552
naif1+ii+92.073+n\D-yf+	1849	1831	1862
naif1+ii+93.909+mTyh+	2121	2110	2222
naif1+uu+98.078+\shrwT+	1128	1177	866
naif1+aa+99.929+mtwaSl+	1288	1344	1113
naif1+ii+101.795+nSyb+	1945	1931	2010
naif1+uu+104.608+ftwr+	1115	1161	898
naif1+uu+106.417+fDwl+	1119	1184	1022
naif1+ii+111.923+yTyr+	1918	1904	1980
naif1+aa+119.890+Tab\9e+	1112	1110	1179
naif1+aa+123.135+faSl+	1498	1564	1051
naif1+aa+124.835+alan+	1505	1520	1525
naif1+ii+126.451+fTyrh+	1793	1756	1960
naif1+uu+128.062+hw+	768	833	597
naif1+aa+132.928+maDy+	991	972	939
naif1+ii+133.238+maDy+	2006	1888	2109
naif1+ii+135.129+mtwDy\?g+	1814	1860	1737
naif1+aa+136.898+fTam+	1212	1225	1180
naif1+uu+139.948+skwt+	1218	1301	939
naif1+aa+147.010+sTam+	1285	1312	1221
naif1+ii+148.942+mSyr+	1940	1903	2078
naif1+aa+150.697+bsaTh+	1029	1017	1058
naif1+aa+152.328+mlabs+	1354	1347	1322
naif1+ii+154.344+Sdyd+	1941	1908	2082
naif1+aa+157.468+ktab+	1345	1343	1362
naif1+aa+158.938+naDj+	1030	1001	1033
naif1+ii+160.759+sdyd+	1962	1933	2093
naif1+ii+164.413+wsyTh+	1686	1645	1704
naif1+uu+166.490+aSwl+	823	832	745
naif1+ii+168.372+w\D-yfh+	1862	1836	1911
naif1+aa+173.103+mwaTn+	1129	1143	1027
naif1+aa+175.648+faSl+	1445	1527	1164
naif1+aa+177.205+naDj+	1187	1190	1021
naif1+aa+181.962+fTam+	1265	1286	1178
naif1+aa+185.348+n\D-afh+	1583	1660	1113
naif1+aa+187.111+alnaSrh+	1494	1554	1044
naif1+aa+190.769+sTam+	1143	1147	1124
naif1+uu+192.240+fDwl+	1045	1087	840
naif1+aa+197.016+alfDa\?g+	1125	1164	1144
naif1+aa+200.450+ktab+	1325	1329	1287
naif1+ii+202.258+tlyfwn+	1485	1558	1378
naif1+uu+202.439+tlyfwn+	1138	1181	1100
naif1+ii+204.165+mSyr+	1948	1938	1847
naif1+ii+205.872+sdyd+	1974	1949	2015
naif1+aa+207.661+mlabs+	1377	1371	1371
naif1+aa+209.371+alan+	1457	1465	1529
naif1+aa+210.856+baS+	1509	1573	1116
naif1+aa+212.608+ratb+	1306	1417	1358
naif1+aa+214.239+wasTh+	1481	1578	1116
naif1+aa+216.334+anfSal+	1264	1284	1250
naif1+ii+221.796+yTyr+	1995	1983	2024
naif1+uu+223.555+wDw\?g+	790	817	690
naif1+aa+225.450+balTa\?grh+	1493	1537	1330
naif1+aa+227.372+tab+	1292	1280	1337
naif1+ii+229.359+qDyb+	2007	2001	2002
naif1+uu+232.715+zhwr+	1028	1066	863
naif1+aa+234.366+bsaTh+	1156	1163	1038
naif1+aa+237.602+ant\D-am+	1324	1353	1251
naif1+aa+244.170+antSar+	1276	1305	1088
naif1+uu+245.929+skwt+	1093	1148	936
naif1+aa+247.733+rDa\?g+	1263	1284	1107
naif1+aa+249.260+tab\9e+	1379	1381	1257
naif1+uu+257.575+sTwr+	1190	1253	935
naif1+uu+259.139+hw+	815	882	568
naif1+ii+260.691+n\D-yf+	1916	1903	1925
naif1+ii+264.083+mTyh+	2134	2144	2156
naif1+ii+265.839+jzyrh+	1546	1490	1771
naif1+uu+269.794+ftwr+	799	810	763
naif1+uu+271.422+\shrwT+	717	730	498
naif1+aa+273.251+mtwaSl+	1423	1473	1009
naif1+aa+275.056+Tbabh+	1164	1153	1196
naif1+aa+276.872+mna\D-r+	1061	1042	1001
naif1+ii+278.632+nSyb+	1941	1920	1983
naif1+aa+280.014+Samt+	1296	1323	1173
naif1+uu+283.803+fTwr+	978	1004	870
naif1+ii+285.283+hy+	1846	1779	1966
naif1+aa+289.112+mwa\D-bh+	989	967	1003
naif1+ii+294.105+fTyrh+	1695	1642	1933
naif1+aa+295.592+maDy+	1048	1034	896
naif1+ii+295.903+maDy+	2016	1881	2055
naif1+ii+297.314+Sdyd+	1975	1966	2020
naif1+ii+299.231+mtwDy\?g+	1886	2050	1972
naif1+aa+300.641+maD+	999	973	986
naif1+aa+302.417+awTan+	1344	1375	1321
naif1+uu+307.713+aSwl+	850	887	670
naif1+uu+310.583+zhwr+	793	1004	725
naif1+aa+311.738+mwaTn+	1102	1115	1047
naif1+aa+312.935+maD+	1035	1012	1004
naif1+ii+316.739+mtwDy\?g+	1979	1894	1934
naif1+aa+317.944+faSl+	1287	1317	1055
naif1+uu+320.948+sTwr+	1098	1148	877
naif1+ii+322.677+sdyd+	2054	2034	2111
naif1+aa+325.223+fTam+	1177	1190	1125
naif1+aa+326.921+alnaSrh+	1407	1443	1033
naif1+aa+328.818+anfSal+	1203	1210	1250
naif1+aa+330.075+baS+	1466	1543	1025
naif1+aa+331.598+rDa\?g+	1111	1117	1101
naif1+ii+333.051+hy+	1877	1823	2043
naif1+aa+334.534+sTam+	1183	1196	1141
naif1+aa+335.740+tab+	1265	1257	1336
naif1+ii+340.235+mTyh+	2023	1996	2107
naif1+aa+345.128+alfDa\?g+	1178	1203	1093
naif1+aa+348.256+Tbabh+	1227	1222	1178
naif1+aa+351.991+naDj+	1023	1002	1014
naif1+aa+353.448+HaDr+	937	919	934
naif1+ii+354.921+w\D-yfh+	1974	1965	1942
naif1+aa+356.566+awTan+	1336	1367	1343
naif1+uu+358.722+fTwr+	741	770	694
naif1+aa+360.285+alan+	1510	1524	1542
naif1+aa+363.417+ratb+	1369	1386	1398
naif1+aa+364.879+Tab\9e+	1190	1205	1170
naif1+aa+366.350+wasTh+	1493	1581	1154
naif1+uu+367.869+wDwh+	726	731	673
naif1+ii+370.936+yTyr+	1889	1864	1931
naif1+aa+373.226+balTa\?grh+	1509	1556	1365
naif1+aa+374.593+Samt+	1270	1289	1115
naif1+uu+376.146+hw+	853	914	757
naif1+aa+377.563+bsaTh+	1338	1382	952
naif1+ii+380.062+qDyb+	1987	1978	2035
naif1+aa+381.297+n\D-afh+	1355	1401	1066
naif1+aa+382.686+ant\D-am+	1245	1269	1210
naif1+ii+383.977+jzyrh+	1717	1593	1885
naif1+ii+387.984+n\D-yf+	1902	1892	1995
naif1+uu+389.375+fDwl+	1119	1181	1096
naif1+uu+390.971+skwt+	825	868	765
naif1+aa+392.341+mna\D-r+	995	979	912
naif1+aa+396.938+mwa\D-bh+	924	912	882
naif1+aa+398.777+antSar+	1168	1185	999
naif1+ii+400.086+mSyr+	1941	1921	2063
naif1+aa+401.400+tab\9e+	1324	1328	1286
naif1+ii+404.727+fTyrh+	1598	1538	1771
naif1+aa+409.119+mlabs+	1368	1370	1319
naif1+ii+410.670+Sdyd+	1861	1830	1938
naif1+aa+413.390+mtwaSl+	1444	1522	1075
naif1+aa+414.987+ktab+	1305	1302	1311
naif1+ii+418.569+nSyb+	1913	1913	1873
naif1+aa+419.950+maDy+	1003	990	961
naif1+ii+420.222+maDy+	2065	1872	2264
naif1+ii+422.805+wsyTh+	1681	1645	1810
naif1+uu+425.756+\shrwT+	740	750	756
naif1+ii+427.077+tlyfwn+	1580	1695	1496
naif1+uu+427.236+tlyfwn+	1038	1075	974
naif1+uu+432.225+ftwr+	884	906	802
naif1+aa+450.155+ba\?g+	1330	1330	1321
naif1+aa+451.327+ta\?g+	1364	1367	1359
naif1+ii+453.933+jym+	1670	1601	1893
naif1+aa+457.731+dal+	1433	1445	1455
naif1+aa+459.047+\dhal+	1368	1366	1346
naif1+ii+463.333+syn+	2046	2011	2248
naif1+ii+464.742+\shyn+	1751	1688	2026
naif1+aa+465.999+Sad+	1306	1335	1369
naif1+aa+467.611+Dad+	1098	1120	1065
naif1+aa+469.032+Ta\?g+	1234	1266	1094
naif1+aa+470.995+\D-a\?g+	1123	1130	1115
naif1+aa+475.050+fa\?g+	1326	1323	1347
naif1+aa+479.109+lam+	1354	1356	1289
naif1+ii+480.375+mym+	1391	1186	826
naif1+uu+481.562+nwn+	1045	1088	1041
naif1+aa+482.727+ha\?g+	1337	1340	1308
naif2+uu+12.270+aSwl+	1131	1163	1185
naif2+aa+15.138+mwaTn+	1019	1038	1052
naif2+aa+16.601+awTan+	1383	1417	1282
naif2+aa+19.301+maD+	1047	1029	1016
naif2+aa+24.977+alfDa\?g+	1042	1037	1106
naif2+aa+27.378+baS+	1398	1449	1087
naif2+aa+29.135+antSar+	1169	1176	1093
naif2+aa+30.428+ratb+	1363	1380	1442
naif2+uu+32.365+fTwr+	1116	1206	876
naif2+aa+33.777+wasTh+	1328	1391	1065
naif2+aa+35.520+Tbabh+	1241	1238	1254
naif2+aa+37.304+anfSal+	1278	1289	1290
naif2+ii+38.840+hy+	1827	1763	1956
naif2+aa+40.402+balTa\?grh+	1301	1329	1181
naif2+uu+41.755+wDw\?g+	864	879	755
naif2+aa+43.111+tab+	1303	1295	1341
naif2+ii+44.717+tlyfwn+	1592	1557	1583
naif2+uu+44.909+tlyfwn+	1224	1272	1155
naif2+ii+46.338+qDyb+	2004	1995	1984
naif2+ii+48.032+jzyrh+	1680	1592	1920
naif2+aa+51.001+rDa\?g+	1027	1025	1086
naif2+uu+52.481+zhwr+	1059	1107	881
naif2+aa+53.890+alnaSrh+	1461	1509	1144
naif2+aa+55.428+n\D-afh+	1136	1159	1109
naif2+aa+57.047+ant\D-am+	1257	1274	1188
naif2+ii+58.394+w\D-yfh+	1859	1844	1935
naif2+aa+64.335+mwa\D-bh+	914	907	919
naif2+aa+65.751+tab\9e+	1288	1274	1332
naif2+aa+68.185+mna\D-r+	1031	1007	1021
naif2+uu+73.783+sTwr+	998	1048	901
naif2+ii+75.563+wsyTh+	1670	1659	1581
naif2+ii+77.328+n\D-yf+	1923	1911	2007
naif2+ii+78.893+mTyh+	1915	1838	2045
naif2+uu+82.461+\shrwT+	1082	1139	913
naif2+aa+84.025+mtwaSl+	1464	1525	980
naif2+ii+85.806+nSyb+	1953	1935	1888
naif2+uu+88.538+ftwr+	915	937	822
naif2+uu+90.087+fDwl+	1007	1075	882
naif2+ii+95.367+yTyr+	1853	1833	1964
naif2+aa+102.713+Tab\9e+	1184	1198	1139
naif2+aa+105.212+faSl+	1248	1270	1036
naif2+aa+107.423+alan+	1489	1486	1500
naif2+ii+108.864+fTyrh+	1675	1627	1827
naif2+uu+110.188+hw+	922	957	860
naif2+aa+112.758+Samt+	1287	1326	1139
naif2+aa+114.219+maDy+	1031	1019	1032
naif2+ii+114.541+maDy+	2235	2265	2149
naif2+ii+116.272+mtwDy\?g+	1523	1534	1495
naif2+aa+117.894+fTam+	1185	1188	1194
naif2+uu+119.357+skwt+	1286	1352	1124
naif2+aa+125.548+sTam+	1174	1193	1184
naif2+ii+127.001+mSyr+	1967	1960	2011
naif2+aa+128.591+bsaTh+	1104	1105	1077
naif2+aa+130.092+mlabs+	1320	1312	1391
naif2+ii+132.082+Sdyd+	2015	2010	2004
naif2+aa+133.670+ktab+	1321	1308	1373
naif2+aa+135.456+naDj+	1053	1054	1010
naif2+ii+137.291+sdyd+	2019	2015	2009
naif2+ii+138.897+wsyTh+	1675	1652	1787
naif2+uu+140.550+aSwl+	1116	1166	1094
naif2+ii+142.067+w\D-yfh+	1952	1948	1979
naif2+aa+146.487+mwaTn+	1089	1087	1087
naif2+aa+148.939+faSl+	1127	1133	1070
naif2+aa+150.190+naDj+	1080	1062	1045
naif2+aa+154.256+fTam+	1286	1309	1246
naif2+aa+157.024+n\D-afh+	1301	1324	1136
naif2+aa+158.473+alnaSrh+	1340	1361	1096
naif2+aa+161.660+sTam+	1178	1189	1130
naif2+uu+163.196+fDwl+	1058	1111	849
naif2+aa+168.173+alfDa\?g+	1119	1114	1186
naif2+aa+170.924+ktab+	1297	1279	1329
naif2+ii+172.347+tlyfwn+	1642	1661	1531
naif2+uu+172.533+tlyfwn+	1064	1138	933
naif2+ii+173.858+mSyr+	1915	1885	1999
naif2+ii+175.325+sdyd+	1930	1909	2004
naif2+aa+176.571+mlabs+	1426	1426	1414
naif2+aa+178.047+alan+	1494	1506	1506
naif2+aa+179.273+baS+	1269	1299	1075
naif2+aa+180.529+ratb+	1341	1363	1384
naif2+aa+181.747+wasTh+	1247	1269	1093
naif2+aa+183.315+anfSal+	1204	1212	1228
naif2+ii+187.290+yTyr+	2005	1988	2094
naif2+uu+188.707+wDw\?g+	779	807	707
naif2+aa+190.328+balTa\?grh+	1406	1449	1272
naif2+aa+191.677+tab+	1318	1314	1402
naif2+ii+193.476+qDyb+	1911	1900	1998
naif2+uu+196.008+zhwr+	939	973	825
naif2+aa+197.269+bsaTh+	1034	1028	1039
naif2+aa+200.210+ant\D-am+	1169	1182	1150
naif2+aa+205.763+antSar+	1165	1178	1100
naif2+uu+207.185+skwt+	1168	1237	926
naif2+aa+208.542+rDa\?g+	1150	1163	1120
naif2+aa+209.695+tab\9e+	1304	1304	1344
naif2+uu+215.669+sTwr+	1121	1170	948
naif2+uu+216.872+hw+	1060	1089	1009
naif2+ii+217.926+n\D-yf+	1904	1888	1999
naif2+ii+220.352+mTyh+	1911	1877	2061
naif2+ii+221.741+jzyrh+	1471	1417	1655
naif2+uu+224.792+ftwr+	1061	1099	947
naif2+uu+226.201+\shrwT+	1119	1160	926
naif2+aa+227.549+mtwaSl+	1615	1699	999
naif2+aa+229.095+Tbabh+	1222	1222	1226
naif2+aa+230.547+mna\D-r+	1002	981	949
naif2+ii+232.028+nSyb+	1998	1981	2019
naif2+aa+233.452+Samt+	1315	1358	1188
naif2+uu+237.454+fTwr+	1117	1183	905
naif2+ii+238.560+hy+	1751	1696	1897
naif2+aa+241.305+mwa\D-bh+	945	929	916
naif2+aa+242.666+Tab\9e+	1110	1110	1157
naif2+ii+245.496+fTyrh+	1549	1486	1729
naif2+aa+246.859+maDy+	1075	1076	952
naif2+ii+247.166+maDy+	2203	2087	2199
naif2+ii+248.301+Sdyd+	1967	1943	1979
naif2+ii+249.945+mtwDy\?g+	1645	1611	1714
naif2+aa+251.235+maD+	1009	1000	981
naif2+aa+252.966+awTan+	1280	1303	1270
naif2+uu+254.497+aSwl+	1066	1151	1119
naif2+uu+257.541+zhwr+	907	937	870
naif2+aa+258.941+mwaTn+	966	962	969
naif2+aa+260.335+maD+	1016	1001	1050
naif2+ii+263.751+mtwDy\?g+	1622	1634	1619
naif2+aa+264.922+faSl+	1478	1548	1036
naif2+uu+267.896+sTwr+	1095	1146	907
naif2+ii+269.278+sdyd+	1991	1975	1968
naif2+aa+270.836+fTam+	1210	1227	1215
naif2+aa+272.857+alnaSrh+	1316	1348	968
naif2+aa+274.555+anfSal+	1273	1283	1310
naif2+aa+275.562+baS+	1132	1130	1106
naif2+aa+277.039+rDa\?g+	1162	1161	1180
naif2+ii+278.558+hy+	1799	1724	1898
naif2+aa+280.015+sTam+	1218	1227	1178
naif2+aa+281.283+tab+	1316	1304	1319
naif2+ii+285.488+mTyh+	1924	1865	2067
naif2+aa+289.629+alfDa\?g+	1110	1110	1101
naif2+aa+292.592+Tbabh+	1220	1209	1247
naif2+aa+295.247+naDj+	1025	996	943
naif2+ii+297.804+w\D-yfh+	1876	1861	1883
naif2+aa+299.402+awTan+	1327	1354	1269
naif2+uu+301.212+fTwr+	1237	1299	978
naif2+aa+302.454+alan+	1488	1492	1480
naif2+aa+304.911+ratb+	1414	1442	1436
naif2+aa+306.302+Tab\9e+	1091	1096	1115
naif2+aa+307.695+wasTh+	1538	1603	1118
naif2+uu+309.252+wDwh+	910	963	889
naif2+ii+311.803+yTyr+	1854	1834	1875
naif2+aa+313.009+balTa\?grh+	1391	1433	1246
naif2+aa+314.356+Samt+	1269	1294	1159
naif2+uu+315.435+hw+	864	934	780
naif2+aa+316.618+bsaTh+	1108	1111	1048
naif2+ii+319.039+qDyb+	1962	1950	2075
naif2+aa+320.181+n\D-afh+	1241	1258	1125
naif2+aa+321.850+ant\D-am+	1199	1218	1197
naif2+ii+323.136+jzyrh+	1598	1553	1839
naif2+ii+327.026+n\D-yf+	1939	1937	2072
naif2+uu+328.381+fDwl+	834	866	802
naif2+uu+330.035+skwt+	814	915	670
naif2+aa+331.194+mna\D-r+	1040	1030	1002
naif2+aa+334.180+mwa\D-bh+	952	940	960
naif2+aa+336.028+antSar+	1247	1269	1147
naif2+ii+337.460+mSyr+	1816	1793	1859
naif2+aa+338.604+tab\9e+	1349	1340	1387
naif2+ii+341.168+fTyrh+	1531	1474	1671
naif2+aa+345.242+mlabs+	1319	1309	1378
naif2+ii+346.718+Sdyd+	2026	2015	2095
naif2+aa+348.087+mtwaSl+	1210	1252	995
naif2+aa+350.205+ktab+	1298	1290	1362
naif2+ii+353.397+nSyb+	2028	2030	1978
naif2+aa+354.651+maDy+	1012	995	1008
naif2+ii+354.937+maDy+	1995	1919	2157
naif2+ii+357.202+wsyTh+	1699	1643	1868
naif2+uu+359.812+\shrwT+	1057	1104	914
naif2+ii+361.088+tlyfwn+	1563	1594	1492
naif2+uu+361.261+tlyfwn+	1213	1259	1157
naif2+uu+364.368+ftwr+	1032	1071	893
naif2+aa+375.662+ba\?g+	1333	1324	1324
naif2+aa+376.786+ta\?g+	1428	1418	1475
naif2+ii+379.111+jym+	1714	1636	1757
naif2+aa+382.551+dal+	1436	1452	1475
naif2+aa+383.758+\dhal+	1437	1443	1448
naif2+ii+387.454+syn+	1326	1374	1569
naif2+ii+388.794+\shyn+	1668	1536	1463
naif2+aa+389.959+Sad+	1262	1290	1391
naif2+aa+391.331+Dad+	1208	1230	1219
naif2+aa+392.616+Ta\?g+	1123	1146	1058
naif2+aa+393.974+\D-a\?g+	1078	1086	1101
naif2+aa+397.679+fa\?g+	1364	1360	1368
naif2+aa+401.739+lam+	1370	1363	1393
naif2+ii+402.951+mym+	1606	1515	1459
naif2+uu+404.227+nwn+	1291	1320	1263
naif2+aa+405.461+ha\?g+	1329	1323	1347
saud+uu+3.284+aSwl+	1129	1234	949
saud+aa+6.801+mwaTn+	1169	1214	1143
saud+aa+8.686+awTan+	1447	1519	1355
saud+aa+12.070+maD+	1277	1301	1062
saud+aa+20.528+alfDa\?g+	1081	1073	1069
saud+aa+24.672+baS+	1474	1518	1202
saud+aa+27.065+antSar+	1294	1312	1135
saud+aa+28.751+ratb+	1430	1444	1538
saud+uu+30.553+fTwr+	1268	1312	1023
saud+aa+36.297+Tbabh+	1236	1232	1234
saud+aa+38.443+anfSal+	1553	1567	1596
saud+ii+39.799+hy+	2429	2428	2410
saud+aa+42.479+balTa\?grh+	1363	1433	1256
saud+uu+44.085+wDw\?g+	930	999	743
saud+aa+45.921+tab+	1339	1330	1315
saud+ii+48.657+tlyfwn+	1696	1704	1658
saud+uu+48.823+tlyfwn+	1161	1250	1047
saud+ii+50.697+qDyb+	1901	1865	1712
saud+ii+52.715+jzyrh+	1394	1328	1463
saud+aa+55.479+rDa\?g+	1139	1133	1143
saud+uu+56.967+zhwr+	1380	1434	1096
saud+aa+58.503+alnaSrh+	1656	1862	1235
saud+aa+60.314+n\D-afh+	1280	1347	1124
saud+aa+62.324+ant\D-am+	1626	1716	1069
saud+ii+63.975+w\D-yfh+	1948	1903	1941
saud+aa+69.891+mwa\D-bh+	1126	1213	1116
saud+aa+71.958+tab\9e+	1296	1287	1268
saud+aa+74.207+mna\D-r+	1165	1156	1159
saud+uu+80.749+sTwr+	1402	1472	1070
saud+ii+82.952+wsyTh+	1442	1479	1354
saud+ii+84.870+n\D-yf+	1799	1750	1815
saud+ii+86.961+mTyh+	2249	2212	2451
saud+uu+91.203+\shrwT+	1109	1150	1081
saud+aa+93.354+mtwaSl+	1222	1315	1172
saud+ii+95.797+nSyb+	1882	1842	1890
saud+uu+98.230+ftwr+	1538	1606	1142
saud+uu+100.226+fDwl+	1412	1433	1438
saud+ii+106.301+yTyr+	1809	1783	1816
saud+aa+116.709+Tab\9e+	1253	1261	1242
saud+aa+120.853+faSl+	1350	1373	1254
saud+aa+123.536+alan+	1667	1685	1685
saud+ii+125.081+fTyrh+	1645	1514	1797
saud+uu+126.672+hw+	892	1003	693
saud+aa+130.088+Samt+	1250	1259	1162
saud+aa+132.003+maDy+	1169	1170	1086
saud+ii+132.235+maDy+	2093	2122	2148
saud+ii+134.303+mtwDy\?g+	2033	2048	2024
saud+aa+135.951+fTam+	1576	1645	1820
saud+uu+137.781+skwt+	1477	1501	1550
saud+ii+149.379+mSyr+	1937	1868	2049
saud+aa+151.465+bsaTh+	1276	1282	1175
saud+aa+153.329+mlabs+	1362	1373	1347
saud+aa+156.907+ktab+	1324	1318	1294
saud+aa+158.601+naDj+	1180	1176	1136
saud+ii+172.656+wsyTh+	2066	1940	2209
saud+uu+174.664+aSwl+	1525	1577	1540
saud+ii+176.382+w\D-yfh+	1962	1889	2222
saud+aa+181.965+mwaTn+	1170	1189	1177
saud+aa+185.441+faSl+	1300	1322	1205
saud+aa+187.137+naDj+	1129	1122	1098
saud+aa+193.268+fTam+	1719	1801	1121
saud+aa+197.419+n\D-afh+	1213	1276	1129
saud+aa+200.411+alnaSrh+	1315	1354	1328
saud+ii+202.465+syf+	1917	1876	1992
saud+aa+204.539+sTam+	1344	1347	1162
saud+uu+206.379+fDwl+	1312	1387	1144
saud+aa+212.313+alfDa\?g+	1139	1133	1151
saud+aa+216.348+ktab+	1340	1335	1307
saud+ii+218.377+tlyfwn+	1749	1716	1741
saud+uu+218.550+tlyfwn+	1328	1373	1224
saud+ii+221.139+mSyr+	2028	1995	2185
saud+ii+223.322+sdyd+	2316	2240	2423
saud+aa+225.104+mlabs+	1292	1326	1283
saud+aa+226.974+alan+	1566	1601	1568
saud+aa+228.709+baS+	1150	1185	1144
saud+aa+230.397+ratb+	1335	1429	1199
saud+aa+234.742+anfSal+	1340	1368	1244
saud+ii+240.569+yTyr+	2044	1980	2130
saud+uu+242.806+wDw\?g+	743	892	729
saud+aa+245.141+balTa\?grh+	1258	1283	1165
saud+aa+247.147+tab+	1420	1401	1437
saud+ii+249.020+qDyb+	2039	1960	2149
saud+uu+252.615+zhwr+	832	889	743
saud+aa+254.398+bsaTh+	1253	1261	1161
saud+aa+258.484+ant\D-am+	1134	1126	1136
saud+aa+265.799+antSar+	1191	1202	1188
saud+uu+267.541+skwt+	1336	1367	1401
saud+aa+269.382+rDa\?g+	1107	1102	1110
saud+aa+271.132+tab\9e+	1199	1201	1273
saud+aa+272.919+msa\9edh+	1462	1474	1432
saud+uu+276.609+sTwr+	1046	1113	956
saud+uu+278.302+hw+	685	714	674
saud+ii+280.060+n\D-yf+	1885	1856	2024
saud+ii+283.712+mTyh+	2258	2212	2466
saud+ii+285.502+jzyrh+	1948	1826	2169
saud+uu+289.530+ftwr+	1299	1388	1069
saud+uu+291.485+\shrwT+	920	955	807
saud+aa+293.443+mtwaSl+	1301	1328	1203
saud+aa+295.402+Tbabh+	1282	1270	1287
saud+aa+297.246+mna\D-r+	1143	1129	1144
saud+ii+299.069+nSyb+	1966	1936	2105
saud+aa+300.852+Samt+	1321	1343	1223
saud+uu+304.428+fTwr+	1246	1326	974
saud+ii+306.026+hy+	2515	2279	2539
saud+aa+310.764+mwa\D-bh+	1040	1006	1122
saud+aa+312.430+Tab\9e+	1284	1301	1253
saud+ii+316.072+fTyrh+	2108	1962	2374
saud+aa+317.701+maDy+	1267	1294	1105
saud+ii+317.988+maDy+	2170	2156	2189
saud+ii+319.472+Sdyd+	2199	2146	2151
saud+ii+321.591+mtwDy\?g+	2416	2384	2358
saud+aa+322.897+maD+	1086	1071	1085
saud+uu+324.679+awTan+	1108	1211	1009
saud+aa+324.898+awTan+	1414	1447	1283
saud+uu+329.996+aSwl+	2000	2148	1177
saud+uu+330.255+aSwl+	1147	1203	908
saud+uu+333.494+zhwr+	964	1023	890
saud+aa+335.353+mwaTn+	1159	1155	1172
saud+aa+337.306+maD+	1132	1122	1154
saud+ii+341.331+mtwDy\?g+	1981	2024	1955
saud+aa+342.897+faSl+	1365	1403	1166
saud+uu+346.313+sTwr+	1158	1268	1015
saud+ii+347.995+sdyd+	2034	2027	2025
saud+aa+349.711+fTam+	1194	1181	1222
saud+aa+351.425+alnaSrh+	1278	1357	1280
saud+aa+353.406+anfSal+	1226	1221	1197
saud+aa+355.021+baS+	1224	1230	1193
saud+aa+356.693+rDa\?g+	1148	1144	1143
saud+ii+358.126+hy+	2399	2289	2403
saud+aa+359.592+sTam+	1170	1152	1178
saud+aa+361.285+tab+	1161	1154	1176
saud+ii+366.122+mTyh+	2145	2098	2381
saud+aa+371.179+alfDa\?g+	1145	1145	1148
saud+aa+374.483+Tbabh+	1243	1234	1244
saud+ii+376.201+syf+	2133	2104	2202
saud+aa+377.844+naDj+	1159	1202	1164
saud+ii+380.884+w\D-yfh+	1874	1843	1878
saud+aa+382.639+awTan+	1173	1209	1144
saud+uu+384.167+fTwr+	1251	1288	1024
saud+aa+385.554+alan+	1265	1286	1165
saud+aa+388.596+ratb+	1578	1607	1636
saud+aa+390.048+Tab\9e+	1268	1284	1235
saud+aa+391.559+wasTh+	1264	1280	1205
saud+uu+393.158+wDwh+	790	917	765
saud+ii+396.153+yTyr+	1991	1957	2113
saud+aa+397.900+balTa\?grh+	1481	1529	1286
saud+aa+399.426+Samt+	1309	1323	1259
saud+uu+401.024+hw+	874	932	642
saud+aa+402.227+bsaTh+	1282	1290	1203
saud+ii+404.732+qDyb+	2028	1977	2191
saud+aa+406.115+n\D-afh+	1072	1087	1119
saud+aa+407.899+ant\D-am+	1304	1320	1150
saud+ii+409.413+jzyrh+	1991	1855	2212
saud+ii+413.741+n\D-yf+	1903	1840	1968
saud+uu+415.108+fDwl+	1196	1171	1007
saud+uu+415.275+fDwl+	1017	1104	924
saud+uu+416.805+skwt+	1147	1167	1035
saud+aa+418.149+mna\D-r+	1161	1162	1154
saud+aa+421.073+mwa\D-bh+	1070	1061	1132
saud+aa+422.843+antSar+	1203	1204	1194
saud+ii+424.274+mSyr+	1870	1823	1974
saud+aa+425.675+tab\9e+	1229	1241	1193
saud+ii+428.552+fTyrh+	1781	1690	2031
saud+aa+430.067+msa\9edh+	1386	1395	1348
saud+aa+433.066+mlabs+	1210	1200	1242
saud+ii+434.708+Sdyd+	2132	2100	2145
saud+aa+436.095+mtwaSl+	1217	1236	1139
saud+aa+437.534+ktab+	1171	1144	1202
saud+ii+440.457+nSyb+	2096	2145	2170
saud+aa+441.770+maDy+	1056	1040	1164
saud+ii+442.059+maDy+	2025	2028	2036
saud+ii+443.504+wsTy+	2042	1979	2555
saud+ii+444.759+wsyTh+	2212	2016	2459
saud+uu+447.922+\shrwT+	1235	1290	1079
saud+ii+450.810+tlyfwn+	2137	2211	1960
saud+uu+450.977+tlyfwn+	1082	1164	1123
saud+uu+454.038+ftwr+	1021	1038	982
saud+aa+468.312+ba\?g+	1417	1413	1425
saud+aa+469.649+ta\?g+	1452	1446	1447
saud+aa+471.006+\tfa\?g+	1490	1483	1489
saud+ii+472.529+jym+	2023	1950	2274
saud+aa+476.263+dal+	1736	1726	1819
saud+ii+481.637+syn+	2138	2070	2135
saud+aa+484.139+Sad+	1198	1242	1019
saud+aa+485.422+Dad+	1159	1211	1021
saud+aa+486.832+Ta\?g+	1029	1047	1004
saud+aa+488.233+\D-a\?g+	1114	1133	1041
saud+aa+492.514+fa\?g+	1357	1351	1355
saud+aa+496.659+lam+	1586	1546	1537
saud+ii+498.064+mym+	2329	2259	2814
saud+uu+499.570+nwn+	1561	1551	1192
saud+aa+501.003+ha\?g+	1598	1590	1579
