abu+aa+44.103+awTan+	1149	1133	1177
abu+aa+48.498+alan+	1469	1452	1441
abu+aa+53.453+alnaSrh+	1396	1386	1369
abu+aa+57.170+n\D-afh+	1027	1054	1088
abu+uu+59.064+zhwr+	877	876	880
abu+aa+62.760+anfSal+	1268	1247	1229
abu+aa+64.464+ant\D-am+	1171	1183	1230
abu+uu+65.957+fDwl+	897	902	902
abu+aa+67.624+msa\9edh+	1414	1428	1449
abu+uu+70.714+awtwbys+	1249	1292	1331
abu+uu+70.890+awtwbys+	1394	1387	1364
abu+ii+71.016+awtwbys+	1873	1972	2070
abu+ii+78.673+rtyb+	2109	2115	2160
abu+aa+87.188+Samt+	1050	1045	1034
abu+aa+88.554+Tab\9e+	1095	1144	1150
abu+aa+90.782+balTa\?grh+	1046	1093	1137
abu+aa+92.214+tab+	1515	1478	1447
abu+aa+94.542+ratb+	1230	1217	1240
abu+ii+101.131+thmymh+	1755	1916	2025
abu+ii+107.395+thmymh+	2229	2200	2192
abu+aa+120.068+raTy+	1073	1103	1118
abu+ii+120.314+raTy+	1576	1787	1924
abu+ii+123.934+hy+	2171	2200	2235
abu+aa+125.408+rDa\?g+	992	998	1014
abu+ii+126.780+rTyb+	1554	1787	1929
abu+uu+132.796+stwr+	1414	1263	1152
abu+ii+134.559+sdyd+	1905	2001	2080
abu+aa+135.839+maDn+	1120	1158	1158
abu+aa+136.915+maD+	942	1013	1056
abu+ii+140.332+nDyf+	1487	1712	1882
abu+ii+144.533+nDyf+	1542	1771	1925
abu+uu+156.684+hw+	937	897	872
abu+ii+158.181+w\D-yfh+	1238	1422	1676
abu+ii+159.873+mTyh+	1621	1901	2071
abu+aa+161.904+bsaTh+	1200	1202	1222
abu+aa+170.141+mtwaSl+	1029	1072	1099
abu+uu+171.595+sTwr+	1006	983	941
abu+uu+175.313+mSwl+	855	914	887
abu+uu+195.517+smwT+	1446	1025	914
abu+ii+205.247+tlyfwn+	1589	1599	1620
abu+uu+206.268+fTwr+	976	963	971
abu+aa+207.491+naDr+	1306	1221	1212
abu+uu+228.519+fTwr+	985	954	959
abu+ii+238.516+n\D-yf+	1521	1744	1886
abu+aa+243.333+mwa\D-bh+	1133	1149	1164
abu+aa+245.548+Tab+	1088	1116	1139
abu+aa+248.615+Tabh+	1022	1050	1059
abu+uu+256.195+Smwt+	1487	1135	913
abu+aa+263.887+mna\D-r+	1303	1233	1192
abu+uu+267.229+wDw\?g+	970	922	913
abu+ii+268.392+wsyTh+	1877	1906	1897
abu+aa+269.728+faSl+	1088	1097	1088
abu+ii+271.917+w\D-y\?g+	1379	1615	1815
abu+ii+280.107+wDyh+	1535	1759	1917
abu+uu+286.446+aSwl+	1107	1020	916
abu+aa+288.000+fTam+	1135	1212	1233
abu+aa+289.654+alfDa\?g+	1022	1069	1097
abu+aa+290.796+ktab+	1565	1517	1475
abu+aa+291.883+maDr+	1221	1216	1231
abu+aa+297.715+naDl+	1315	1303	1268
abu+aa+298.914+naDl+	1191	1192	1186
abu+aa+299.441+naDl+	1270	1279	1250
abu+aa+301.100+naDl+	1246	1224	1203
abu+aa+302.727+at\9eab+	1307	1323	1316
abu+ii+304.419+mSyr+	1676	1945	2100
abu+ii+308.024+mSyr+	1523	1709	1810
abu+ii+314.639+mSyr+	1540	1615	1627
abu+aa+319.923+rTanh+	1074	1165	1222
abu+ii+321.044+mTyr+	1503	1769	1874
abu+ii+330.965+w\D-yf+	1630	1838	1986
abu+aa+332.793+mlabs+	1420	1413	1398
abu+aa+334.101+tab\9e+	1596	1536	1506
abu+aa+335.404+mwaTn+	981	1040	1103
abu+ii+336.828+h\D-ym+	1522	1824	2048
abu+uu+340.265+mh\D-wm+	1070	1025	1021
abu+ii+345.927+s\9eyd+	1890	2005	2119
abu+ii+347.153+nSyb+	1508	1809	1949
abu+aa+348.420+antSar+	1243	1225	1218
abu+ii+349.738+fTyrh+	1629	1797	1905
abu+aa+353.406+wsTy+	1038	1097	1117
abu+aa+357.331+njtryh+	1451	1408	1359
abu+aa+371.942+balTa\?grh+	1159	1196	1213
abu+aa+374.105+naDl+	1342	1329	1307
abu+aa+375.417+mtwaSl+	1011	1029	1059
abu+aa+376.524+mlabs+	1438	1423	1379
abu+ii+380.029+nSyb+	1738	1989	2112
abu+uu+382.410+zhwr+	995	928	916
abu+aa+384.487+naDr+	1373	1346	1301
abu+aa+385.806+maDr+	1156	1165	1163
abu+aa+387.116+fTam+	1069	1136	1181
abu+ii+388.405+wsyTh+	1834	1889	1888
abu+ii+389.968+S\9eyd+	1829	2065	2201
abu+aa+391.010+maDn+	1198	1195	1185
abu+uu+392.248+awtwbys+	1193	1237	1279
abu+uu+392.423+awtwbys+	1417	1394	1392
abu+ii+392.555+awtwbys+	1941	1986	2085
abu+uu+395.218+mSwl+	1026	936	942
abu+aa+397.919+ant\D-am+	1157	1170	1182
abu+ii+399.077+wDy\?g+	1432	1689	1900
abu+ii+402.451+mSyr+	1642	1832	1917
abu+ii+403.945+mTyr+	1586	1757	1861
abu+aa+406.026+msa\9edh+	1478	1471	1475
abu+ii+407.481+nDyf+	1719	1954	2049
abu+uu+409.590+wDw\?g+	903	918	915
abu+uu+409.798+wDw\?g+	996	980	973
abu+ii+410.969+rtyb+	2107	2318	2321
abu+aa+412.205+anfSal+	1175	1178	1187
abu+aa+414.363+sTam+	1069	1127	1153
abu+ii+417.237+w\D-yf+	1449	1695	1903
abu+ii+419.887+fTyrh+	1651	1784	1940
abu+aa+421.328+alfDa\?g+	1032	1053	1103
abu+aa+424.045+Tab\9e+	1109	1148	1181
abu+aa+425.626+tab+	1505	1476	1423
abu+aa+432.963+ratb+	1207	1212	1229
abu+aa+435.560+rDa\?g+	989	1053	1103
abu+uu+437.914+sTwr+	1009	984	940
abu+ii+439.574+raTy+	1596	1727	1833
abu+aa+442.633+tab\9e+	1554	1503	1459
abu+uu+444.185+smwt+	1556	1337	1065
abu+aa+449.530+n\D-afh+	1100	1112	1126
abu+ii+452.067+rTyb+	1711	1877	1944
abu+aa+454.582+rTanh+	1060	1107	1159
abu+aa+495.964+nmal+	1317	1363	1382
abu+aa+498.261+alan+	1503	1494	1494
abu+ii+500.148+hDym+	1584	1924	2143
abu+aa+503.245+Samt+	1128	1153	1164
abu+aa+504.627+antSar+	1226	1249	1253
abu+aa+505.492+Tab+	1081	1130	1152
abu+aa+506.708+mwa\D-bh+	969	980	1040
abu+aa+508.167+alnaSrh+	1303	1287	1263
abu+uu+509.760+Smwt+	1473	1280	1088
abu+ii+512.183+thmymh+	2201	2391	2372
abu+ii+513.691+mTyh+	1462	1771	2089
abu+aa+516.071+awTan+	1055	1102	1156
abu+aa+517.281+mna\D-r+	1274	1258	1216
abu+uu+518.516+smwT+	1310	1385	930
abu+ii+519.664+w\D-yfh+	1322	1476	1641
abu+uu+522.201+fTwr+	966	974	1007
abu+ii+523.561+s\9eyd+	2020	2066	2052
abu+ii+525.978+hy+	2224	2156	2171
abu+ii+527.211+n\D-yf+	1527	1869	2069
abu+ii+528.248+tlyfwn+	1719	1822	1868
abu+uu+528.462+tlyfwn+	987	929	909
abu+aa+529.509+faSl+	1230	1182	1151
abu+aa+533.488+bsaTh+	1102	1153	1139
abu+uu+534.852+stwr+	1355	1208	1106
abu+uu+536.192+aSwl+	1104	1083	1014
abu+aa+537.458+ktab+	1527	1444	1371
abu+aa+538.766+mwaTn+	901	963	1010
abu+uu+539.925+hw+	995	965	826
abu+uu+541.308+fDwl+	826	836	838
abu+ii+542.572+sdyd+	1897	1987	2082
abu+aa+548.671+maDn+	1133	1150	1147
abu+ii+551.177+n\D-yf+	1373	1678	1903
abu+ii+552.258+nSyb+	1809	1993	2236
abu+ii+553.561+rtyb+	1977	2077	2116
abu+aa+557.383+bsaTh+	1213	1206	1208
abu+ii+558.732+wsyTh+	1810	1852	1856
abu+uu+561.408+zhwr+	956	995	1110
abu+aa+562.626+naDr+	1243	1228	1219
abu+aa+563.915+fTam+	1152	1189	1190
abu+ii+566.122+s\9eyd+	1951	2104	2149
abu+ii+567.120+S\9eyd+	1981	2045	2091
abu+uu+568.071+awtwbys+	1568	1495	1425
abu+uu+568.218+awtwbys+	1497	1432	1414
abu+ii+568.378+awtwbys+	2001	2026	2075
abu+ii+570.315+hy+	2227	2225	2222
abu+ii+572.199+wDy\?g+	1558	1941	2132
abu+ii+573.083+mTyr+	1581	1836	2017
abu+ii+576.529+mTyh+	1708	2450	2417
abu+aa+577.813+ktab+	1513	1417	1357
abu+ii+580.362+mSyr+	1648	1922	2028
abu+aa+581.420+msa\9edh+	1457	1457	1459
abu+uu+582.862+smwT+	780	802	833
abu+aa+583.997+nDl+	1356	1334	1274
abu+aa+585.009+Tab\9e+	1151	1198	1202
abu+uu+587.170+wDw\?g+	952	983	995
abu+uu+587.381+wDw\?g+	867	893	901
abu+aa+588.443+anfSal+	1149	1188	1190
abu+aa+589.561+tab\9e+	1518	1485	1433
abu+aa+591.624+sTam+	1134	1212	1249
abu+aa+594.586+maDr+	1170	1164	1169
abu+uu+595.683+fDwl+	900	894	892
abu+aa+596.775+balTa\?grh+	1127	1143	1165
abu+aa+599.023+awTan+	1082	1129	1159
abu+uu+599.814+sTwr+	990	1011	986
abu+ii+601.148+fTyrh+	1541	1654	1765
abu+aa+604.128+alan+	1442	1410	1417
abu+aa+606.023+mlabs+	1394	1398	1370
abu+aa+607.812+nmal+	1331	1337	1351
abu+aa+609.533+n\D-afh+	1092	1110	1151
abu+aa+610.416+rDa\?g+	951	1052	1096
abu+aa+611.110+Samt+	1093	1091	1129
abu+aa+613.209+raTy+	1106	1102	1139
abu+ii+613.541+raTy+	1743	2097	2199
abu+uu+614.422+fTwr+	851	854	900
abu+uu+615.871+smwt+	1234	1247	1144
abu+uu+617.074+Smwt+	1156	919	846
abu+uu+618.190+Smwt+	1603	951	841
abu+ii+619.834+rTyb+	1502	1737	1955
abu+aa+621.596+faSl+	1192	1177	1180
abu+ii+622.519+w\D-yf+	1468	1742	2043
abu+aa+623.512+ant\D-am+	1092	1145	1180
abu+uu+625.655+stwr+	1376	1256	1121
abu+ii+626.812+hw(hy)+	1803	1828	1887
abu+aa+627.830+rTanh+	1118	1202	1233
abu+ii+628.720+nDym+	1452	1851	2308
abu+ii+629.720+sdyd+	2068	2221	2264
abu+aa+631.536+Tab+	1193	1222	1227
abu+aa+633.039+antSar+	1196	1197	1208
abu+aa+633.989+alnaSrh+	1384	1388	1346
abu+uu+634.988+aSwl+	998	992	977
abu+ii+636.248+thmymh+	2338	2325	2339
abu+aa+637.146+tab+	1508	1468	1439
abu+ii+638.818+nDyf+	1543	1814	1996
abu+aa+639.558+mwaTn+	1032	1083	1111
abu+aa+640.753+mna\D-r+	1274	1325	1277
abu+aa+641.672+alfDa\?g+	1072	1111	1137
abu+ii+644.733+Sdyd+	1681	1879	1969
abu+uu+646.447+mSwl+	1132	1088	1027
abu+ii+647.455+tlyfwn+	1663	1697	1755
abu+uu+647.645+tlyfwn+	1019	984	979
abu+ii+649.195+w\D-yfh+	1621	1837	1992
abu+aa+678.137+ba\?g+	1331	1327	1328
abu+aa+680.043+ta\?g+	1582	1476	1400
abu+aa+681.177+\tfa\?g+	1405	1379	1377
abu+ii+682.400+jym+	2271	2320	2264
abu+aa+683.473+Ha\?g+	1086	1336	1333
abu+aa+684.740+xa\?g+	1255	1202	1168
abu+aa+685.722+dal+	1408	1422	1364
abu+aa+686.809+\dhal+	1396	1354	1335
abu+ii+690.111+syn+	2517	2461	2368
abu+ii+691.095+\shyn+	2251	2337	2396
abu+aa+692.784+Sad+	971	995	1042
abu+aa+693.998+Dad+	999	1028	1060
abu+aa+694.931+Ta\?g+	997	987	1028
abu+aa+696.157+\D-a\?g+	996	973	997
abu+aa+701.156+lam+	1384	1373	1357
abu+ii+701.886+mym+	2274	2295	2303
abu+aa+702.580+ha\?g+	1361	1381	1346
abu+uu+703.514+nwn+	1298	1137	960
abu+aa+705.032+ha\?g+	1176	1316	1321
alohali+uu+20.756+aSwl+	1065	973	893
alohali+aa+26.785+mwaTn+	1075	1050	1064
alohali+aa+30.173+awTan+	1145	1146	1134
alohali+aa+32.855+HaDr+	1365	1292	1268
alohali+aa+52.177+maD+	1283	1178	1195
alohali+aa+64.025+alfDa\?g+	1081	1136	1149
alohali+aa+69.753+baS+	1050	1095	1116
alohali+aa+73.018+antSar+	1342	1313	1296
alohali+aa+75.733+ratb+	1129	1193	1210
alohali+uu+78.583+fTwr+	1016	1075	1076
alohali+aa+81.659+wasTh+	1471	1086	1104
alohali+aa+86.366+Tbabh+	1292	1353	1376
alohali+aa+89.883+anfSal+	1221	1177	1147
alohali+ii+94.027+hy+	2055	2034	2048
alohali+uu+102.072+wDw\?g+	1023	1019	970
alohali+aa+105.671+tab+	1650	1609	1566
alohali+ii+108.801+tlyfwn+	1602	1596	1568
alohali+uu+108.950+tlyfwn+	1086	1058	1070
alohali+ii+113.054+qDyb+	1446	1674	1847
alohali+ii+116.032+jzyrh+	1894	1914	1940
alohali+aa+121.942+rDa\?g+	1165	1189	1184
alohali+uu+125.647+zhwr+	1055	1019	995
alohali+aa+129.865+alnaSrh+	1508	1439	1416
alohali+aa+133.710+n\D-afh+	1191	1231	1206
alohali+aa+136.845+ant\D-am+	1274	1291	1259
alohali+ii+139.800+w\D-yfh+	1417	1651	1846
alohali+aa+149.451+mwa\D-bh+	1297	1210	1159
alohali+aa+153.036+tab\9e+	1669	1623	1591
alohali+aa+156.743+mna\D-r+	1204	1210	1186
alohali+aa+158.560+mna\D-r+	1530	1521	1449
alohali+uu+169.641+sTwr+	1054	1084	1076
alohali+ii+173.879+wsyTh+	1728	1811	1869
alohali+ii+176.952+n\D-yf+	1446	1697	1877
alohali+ii+182.320+mTyh+	1823	1927	1991
alohali+uu+188.628+\shrwT+	1129	1052	995
alohali+aa+191.555+mtwaSl+	1130	1109	1101
alohali+ii+194.524+nSyb+	1692	1811	1889
alohali+uu+199.479+ftwr+	1366	1191	1148
alohali+uu+202.185+fDwl+	961	999	991
alohali+ii+211.451+yTyr+	1308	1681	1880
alohali+aa+226.025+Tab\9e+	1129	1179	1207
alohali+aa+231.625+faSl+	1148	1175	1192
alohali+aa+234.585+alan+	1636	1580	1562
alohali+ii+237.829+fTyrh+	1429	1634	1769
alohali+uu+240.659+hw+	1034	1031	1036
alohali+aa+247.386+Samt+	1148	1153	1156
alohali+aa+249.856+maDy+	1794	1448	1122
alohali+ii+253.102+mtwDy\?g+	1317	1533	1750
alohali+aa+256.232+fTam+	1068	1121	1164
alohali+uu+259.185+skwt+	1088	978	974
alohali+aa+272.129+sTam+	1114	1151	1184
alohali+ii+275.285+mSyr+	1691	1830	1918
alohali+aa+278.693+bsaTh+	1189	1211	1216
alohali+aa+281.530+mlabs+	1612	1558	1519
alohali+aa+287.721+ktab+	1698	1646	1620
alohali+aa+290.600+naDj+	1587	1423	1358
alohali+ii+293.627+sdyd+	1965	2022	2073
alohali+ii+297.454+wsyTh+	1772	1860	1915
alohali+uu+300.259+aSwl+	1114	1047	1022
alohali+ii+302.856+w\D-yfh+	1281	1527	1743
alohali+ii+305.449+S\9eyd+	2010	2124	2173
alohali+aa+310.870+mwaTn+	1619	1486	1261
alohali+aa+313.167+HaDr+	1401	1362	1350
alohali+aa+315.730+faSl+	1150	1180	1191
alohali+aa+318.535+naDj+	1316	1202	1197
alohali+aa+326.014+fTam+	1094	1127	1142
alohali+aa+331.907+n\D-afh+	1179	1200	1207
alohali+aa+334.969+alnaSrh+	1411	1452	1401
alohali+aa+340.557+sTam+	1138	1177	1204
alohali+uu+343.483+fDwl+	1147	1139	1132
alohali+aa+352.086+alfDa\?g+	1117	1132	1144
alohali+aa+357.721+ktab+	1690	1657	1630
alohali+ii+360.300+tlyfwn+	1847	1850	1847
alohali+uu+360.462+tlyfwn+	1018	1028	1038
alohali+ii+363.461+mSyr+	1757	1908	1965
alohali+aa+368.898+mlabs+	1632	1543	1515
alohali+aa+371.639+alan+	1550	1520	1507
alohali+aa+373.561+baS+	1062	1126	1138
alohali+aa+375.755+ratb+	1096	1136	1167
alohali+aa+378.541+wasTh+	1078	1104	1121
alohali+aa+381.983+anfSal+	1166	1181	1178
alohali+ii+389.066+yTyr+	1559	1866	2041
alohali+uu+391.437+wDw\?g+	1099	1101	1090
alohali+aa+398.132+tab+	1620	1578	1551
alohali+ii+400.818+qDyb+	1454	1752	1960
alohali+uu+407.320+zhwr+	934	934	911
alohali+aa+410.305+bsaTh+	1246	1232	1198
alohali+aa+415.279+ant\D-am+	1224	1208	1185
alohali+aa+426.660+antSar+	1220	1206	1219
alohali+uu+429.063+skwt+	1033	1028	1053
alohali+aa+431.955+rDa\?g+	1130	1111	1101
alohali+aa+435.262+tab\9e+	1637	1607	1588
alohali+aa+438.154+msa\9edh+	1634	1567	1524
alohali+uu+444.543+sTwr+	1060	1063	1056
alohali+uu+447.687+hw+	1018	994	939
alohali+ii+450.642+n\D-yf+	1523	1751	1922
alohali+ii+459.627+jzyrh+	1983	2035	2059
alohali+uu+465.313+ftwr+	1289	1158	1080
alohali+uu+468.024+\shrwT+	1063	990	914
alohali+aa+470.219+mtwaSl+	1044	1020	997
alohali+aa+473.493+Tbabh+	1276	1325	1354
alohali+aa+477.082+mna\D-r+	1391	1281	1230
alohali+ii+481.210+nSyb+	1534	1722	1860
alohali+aa+484.156+Samt+	1154	1137	1122
alohali+uu+491.848+fTwr+	1033	1032	987
alohali+ii+493.975+hy+	2004	2019	2051
alohali+aa+499.356+mwa\D-bh+	1307	920	1034
alohali+aa+502.158+Tab\9e+	1090	1156	1190
alohali+ii+507.290+fTyrh+	1332	1599	1810
alohali+aa+509.826+maDy+	1559	1346	1218
alohali+ii+510.033+maDy+	1628	1752	1931
alohali+ii+512.291+Sdyd+	1975	2069	2127
alohali+ii+515.444+mtwDy\?g+	1058	1167	1239
alohali+aa+518.408+maD+	1187	1159	1151
alohali+aa+521.280+awTan+	1172	1170	1156
alohali+uu+523.552+aSwl+	999	932	845
alohali+uu+528.669+zhwr+	898	831	845
alohali+aa+530.961+mwaTn+	1195	1061	1076
alohali+aa+533.552+maD+	1606	1406	1259
alohali+ii+539.578+mtwDy\?g+	1404	1490	1619
alohali+aa+542.104+faSl+	1108	1145	1152
alohali+uu+547.106+sTwr+	955	1001	964
alohali+ii+549.663+sdyd+	2029	2091	2148
alohali+aa+552.671+fTam+	1141	1151	1149
alohali+aa+555.205+alnaSrh+	1478	1349	1272
alohali+aa+558.774+anfSal+	1202	1172	1146
alohali+aa+561.353+baS+	1022	1098	1117
alohali+aa+564.114+rDa\?g+	1048	1066	1084
alohali+ii+566.076+hy+	2113	2085	2089
alohali+aa+568.426+sTam+	1093	1147	1183
alohali+aa+570.579+tab+	1727	1655	1575
alohali+ii+579.410+mTyh+	1811	1668	2044
alohali+aa+587.421+alfDa\?g+	1100	1121	1148
alohali+aa+593.659+Tbabh+	1261	1294	1337
alohali+aa+598.222+naDj+	1383	1366	1304
alohali+aa+600.746+HaDr+	1299	1301	1293
alohali+ii+603.031+w\D-yfh+	1322	1552	1784
alohali+aa+605.272+awTan+	1081	1131	1152
alohali+uu+608.084+fTwr+	1016	1066	1018
alohali+aa+610.838+alan+	1544	1567	1547
alohali+aa+616.295+ratb+	1115	1143	1166
alohali+aa+619.370+Tab\9e+	1003	1084	1148
alohali+aa+622.556+wasTh+	1043	1095	1133
alohali+uu+625.531+wDwh+	1032	988	984
alohali+ii+631.385+yTyr+	1132	1445	1737
alohali+aa+637.875+Samt+	1103	1127	1122
alohali+uu+640.621+hw+	1119	1085	1021
alohali+aa+643.465+bsaTh+	1217	1204	1193
alohali+ii+648.937+qDyb+	1391	1652	1872
alohali+aa+651.188+n\D-afh+	1054	1103	1127
alohali+aa+653.700+ant\D-am+	1166	1181	1187
alohali+ii+656.467+jzyrh+	1976	2004	2009
alohali+ii+664.977+n\D-yf+	1490	1763	1903
alohali+uu+668.007+fDwl+	1138	1067	1031
alohali+uu+670.779+skwt+	1016	992	1017
alohali+aa+673.428+mna\D-r+	1431	1412	1369
alohali+aa+678.746+mwa\D-bh+	1357	1411	1267
alohali+aa+681.604+antSar+	1300	1245	1202
alohali+ii+684.530+mSyr+	1594	1716	1816
alohali+aa+687.517+tab\9e+	1536	1507	1445
alohali+ii+694.645+fTyrh+	1302	1474	1631
alohali+aa+704.735+mlabs+	1606	1593	1556
alohali+aa+710.021+mtwaSl+	1035	1074	1077
alohali+aa+712.619+ktab+	1788	1744	1702
alohali+ii+718.517+nSyb+	1602	1780	1917
alohali+aa+720.484+maDy+	1354	1154	1158
alohali+ii+725.520+wsyTh+	1604	1732	1829
alohali+uu+730.790+\shrwT+	932	899	844
alohali+ii+733.045+tlyfwn+	1960	1972	1983
alohali+uu+733.208+tlyfwn+	1021	956	958
alohali+uu+740.546+ftwr+	1268	1205	1145
alohali+aa+763.956+ba\?g+	1476	1511	1513
alohali+aa+765.835+ta\?g+	1755	1682	1647
alohali+aa+767.394+\tfa\?g+	1614	1587	1543
alohali+ii+769.049+jym+	2198	2215	2223
alohali+aa+770.616+Ha\?g+	1565	1537	1516
alohali+aa+772.507+xa\?g+	1318	1302	1288
alohali+aa+774.303+dal+	1701	1653	1625
alohali+aa+775.854+\dhal+	1665	1655	1644
alohali+aa+777.562+ra\?g+	1043	1068	1101
alohali+ii+781.370+syn+	2151	2201	2218
alohali+ii+783.448+\shyn+	2177	2217	2231
alohali+aa+785.438+Sad+	1074	1051	1056
alohali+aa+787.448+Dad+	1126	1122	1113
alohali+aa+789.941+Ta\?g+	1039	1088	1109
alohali+aa+792.469+\D-a\?g+	1102	1139	1161
alohali+aa+798.880+fa\?g+	1450	1467	1483
alohali+aa+806.487+lam+	1674	1633	1581
alohali+ii+808.549+mym+	2244	2301	2344
alohali+uu+810.745+nwn+	1741	1847	1842
alohali+aa+812.678+ha\?g+	1572	1517	1495
alotaiq+uu+36.829+aSwl+	1031	973	891
alotaiq+aa+40.965+mwaTn+	1112	1115	1162
alotaiq+aa+43.229+awTan+	1144	1160	1174
alotaiq+aa+44.659+HaDr+	1334	1294	1276
alotaiq+aa+46.645+maD+	1105	1168	1185
alotaiq+aa+53.714+alfDa\?g+	1012	1076	1130
alotaiq+aa+55.917+baS+	1145	1209	1221
alotaiq+aa+57.448+antSar+	1212	1215	1246
alotaiq+aa+58.659+ratb+	1237	1248	1255
alotaiq+uu+59.954+fTwr+	931	914	941
alotaiq+aa+61.188+wasTh+	912	960	1015
alotaiq+aa+64.681+Tbabh+	1145	1202	1222
alotaiq+aa+65.986+anfSal+	1195	1228	1259
alotaiq+ii+66.972+hy+	2208	2231	2251
alotaiq+aa+68.421+balTa\?grh+	1135	1169	1188
alotaiq+uu+69.914+wDw\?g+	974	997	977
alotaiq+aa+70.898+tab+	1488	1356	1334
alotaiq+ii+72.040+tlyfwn+	1842	1985	2043
alotaiq+uu+72.219+tlyfwn+	1031	1022	1026
alotaiq+ii+74.709+qDyb+	1372	1776	2035
alotaiq+ii+76.070+jzyrh+	1918	1970	1991
alotaiq+aa+78.695+rDa\?g+	1061	1077	1102
alotaiq+uu+79.956+zhwr+	1006	981	932
alotaiq+aa+81.049+alnaSrh+	1334	1313	1273
alotaiq+aa+82.642+n\D-afh+	986	1088	1134
alotaiq+aa+83.829+ant\D-am+	1009	1074	1136
alotaiq+ii+84.921+w\D-yfh+	1534	1936	2155
alotaiq+aa+90.378+mwa\D-bh+	983	1032	1075
alotaiq+aa+92.015+tab\9e+	1484	1387	1392
alotaiq+aa+93.551+mna\D-r+	1485	1365	1304
alotaiq+uu+100.588+sTwr+	957	925	908
alotaiq+ii+102.915+wsyTh+	2029	2085	2121
alotaiq+ii+104.582+n\D-yf+	1585	1963	2153
alotaiq+ii+105.623+mTyh+	1416	1866	2169
alotaiq+uu+109.124+\shrwT+	1087	1020	982
alotaiq+aa+110.337+mtwaSl+	1016	1061	1098
alotaiq+ii+111.797+nSyb+	1699	1958	2094
alotaiq+uu+113.175+ftwr+	1271	1182	1093
alotaiq+uu+114.319+fDwl+	868	920	943
alotaiq+ii+122.891+yTyr+	1590	1886	2049
alotaiq+aa+128.598+wsTy+	1135	1159	1171
alotaiq+aa+131.274+Tab\9e+	1213	1220	1220
alotaiq+aa+133.861+faSl+	1182	1200	1204
alotaiq+aa+135.146+alan+	1464	1433	1409
alotaiq+ii+136.262+fTyrh+	1504	1732	1893
alotaiq+uu+137.414+hw+	1138	1102	1056
alotaiq+aa+140.514+Samt+	1255	1278	1281
alotaiq+aa+141.528+maDy+	1133	1206	1203
alotaiq+ii+141.709+maDy+	1213	1388	1690
alotaiq+uu+142.897+mtwDy\?g+	1063	1032	1033
alotaiq+ii+143.108+mtwDy\?g+	1409	1696	1961
alotaiq+aa+144.253+fTam+	1141	1165	1206
alotaiq+uu+145.453+skwt+	1193	1136	1073
alotaiq+aa+146.752+msa\9edh+	1726	1671	1644
alotaiq+aa+150.922+sTam+	1157	1180	1197
alotaiq+ii+186.424+mSyr+	2014	2120	2152
alotaiq+aa+187.791+bsaTh+	1226	1212	1193
alotaiq+aa+189.027+mlabs+	1382	1413	1402
alotaiq+aa+192.376+ktab+	1665	1589	1458
alotaiq+aa+193.420+naDj+	1568	1466	1366
alotaiq+ii+194.806+sdyd+	2113	2206	2249
alotaiq+ii+196.122+wsyTh+	2036	2126	2169
alotaiq+uu+197.323+aSwl+	958	978	987
alotaiq+ii+198.460+w\D-yfh+	1269	1692	1999
alotaiq+aa+202.897+mwaTn+	943	977	1004
alotaiq+aa+205.290+faSl+	1130	1151	1159
alotaiq+aa+206.478+naDj+	1350	1276	1244
alotaiq+aa+209.930+fTam+	1148	1158	1172
alotaiq+aa+212.360+n\D-afh+	1008	1083	1149
alotaiq+aa+213.506+alnaSrh+	1350	1331	1287
alotaiq+aa+215.953+sTam+	1191	1209	1208
alotaiq+uu+217.032+fDwl+	917	867	870
alotaiq+aa+221.732+alfDa\?g+	1001	1049	1108
alotaiq+aa+224.060+ktab+	1610	1512	1429
alotaiq+ii+224.912+tlyfwn+	2008	2040	2077
alotaiq+uu+225.061+tlyfwn+	977	981	988
alotaiq+ii+226.284+mSyr+	1812	2003	2100
alotaiq+ii+227.469+sdyd+	2011	2092	2150
alotaiq+aa+228.587+mlabs+	1414	1415	1393
alotaiq+aa+229.740+alan+	1501	1487	1450
alotaiq+aa+230.607+baS+	1117	1148	1163
alotaiq+aa+231.864+ratb+	1256	1259	1244
alotaiq+aa+234.697+anfSal+	1213	1221	1218
alotaiq+ii+238.490+yTyr+	1571	1993	2162
alotaiq+uu+239.643+wDw\?g+	910	956	945
alotaiq+aa+242.288+tab+	1552	1400	1350
alotaiq+ii+243.732+qDyb+	1274	1687	2029
alotaiq+uu+245.919+zhwr+	998	952	918
alotaiq+aa+247.054+bsaTh+	1162	1164	1139
alotaiq+aa+249.332+ant\D-am+	952	1082	1145
alotaiq+aa+254.113+antSar+	1217	1203	1197
alotaiq+uu+255.245+skwt+	1029	1016	1009
alotaiq+aa+256.248+rDa\?g+	989	1044	1090
alotaiq+aa+257.206+tab\9e+	1629	1504	1450
alotaiq+uu+261.199+sTwr+	975	917	890
alotaiq+uu+261.956+hw+	1141	1090	1055
alotaiq+ii+263.006+n\D-yf+	1276	1689	2023
alotaiq+ii+265.128+mTyh+	1496	1748	1959
alotaiq+ii+266.234+jzyrh+	1898	1953	1978
alotaiq+uu+268.326+ftwr+	1196	1097	1033
alotaiq+uu+269.358+\shrwT+	1006	967	948
alotaiq+aa+270.451+mtwaSl+	962	984	1014
alotaiq+aa+271.403+Tbabh+	1098	1156	1185
alotaiq+aa+272.461+mna\D-r+	1230	1222	1192
alotaiq+ii+273.671+nSyb+	1375	1682	1915
alotaiq+aa+274.525+Samt+	1238	1225	1214
alotaiq+uu+276.569+fTwr+	966	978	965
alotaiq+ii+277.441+hy+	2153	2168	2200
alotaiq+aa+279.440+mwa\D-bh+	977	1004	1024
alotaiq+aa+280.522+Tab\9e+	1195	1225	1243
alotaiq+ii+283.009+fTyrh+	1819	1904	1980
alotaiq+aa+285.315+maDy+	1200	1221	1209
alotaiq+ii+285.505+maDy+	1288	1470	1713
alotaiq+ii+286.689+Sdyd+	1923	2065	2156
alotaiq+uu+287.624+mtwDy\?g+	1071	1050	1022
alotaiq+ii+287.865+mtwDy\?g+	1258	1355	1635
alotaiq+aa+288.833+maD+	1138	1180	1193
alotaiq+ii+289.023+maD+	1179	1282	1466
alotaiq+aa+290.068+awTan+	1061	1111	1145
alotaiq+uu+290.999+aSwl+	1043	1034	971
alotaiq+uu+293.010+zhwr+	1002	972	953
alotaiq+aa+294.162+mwaTn+	975	1017	1082
alotaiq+aa+295.074+maD+	1096	1159	1175
alotaiq+ii+295.285+maD+	1327	1524	1768
alotaiq+uu+297.387+mtwDy\?g+	1015	999	1004
alotaiq+ii+297.651+mtwDy\?g+	1390	1619	1876
alotaiq+aa+298.337+faSl+	1162	1187	1188
alotaiq+uu+300.417+sTwr+	973	959	897
alotaiq+ii+301.439+sdyd+	2048	2120	2174
alotaiq+aa+302.479+fTam+	1115	1144	1165
alotaiq+aa+303.507+alnaSrh+	1431	1395	1354
alotaiq+aa+304.909+anfSal+	1225	1209	1209
alotaiq+aa+305.834+baS+	1116	1184	1198
alotaiq+aa+306.970+rDa\?g+	1014	1041	1105
alotaiq+ii+308.161+hy+	2317	2324	2336
alotaiq+aa+309.187+sTam+	1166	1181	1180
alotaiq+aa+310.227+tab+	1646	1523	1459
alotaiq+ii+313.862+mTyh+	1786	1942	2063
alotaiq+aa+317.207+alfDa\?g+	995	1051	1100
alotaiq+aa+319.361+Tbabh+	1057	1133	1182
alotaiq+aa+322.379+naDj+	1520	1426	1334
alotaiq+ii+324.055+w\D-yfh+	1711	1912	2055
alotaiq+aa+325.216+awTan+	1062	1069	1091
alotaiq+uu+326.229+fTwr+	909	886	905
alotaiq+aa+327.093+alan+	1533	1513	1469
alotaiq+aa+328.893+ratb+	1219	1212	1213
alotaiq+aa+329.982+Tab\9e+	1221	1227	1255
alotaiq+uu+332.060+wDwh+	942	949	927
alotaiq+ii+333.976+yTyr+	1604	1954	2103
alotaiq+aa+335.032+balTa\?grh+	1165	1171	1186
alotaiq+aa+336.155+Samt+	1169	1196	1203
alotaiq+uu+337.058+hw+	1108	1083	1038
alotaiq+aa+337.994+bsaTh+	1222	1218	1201
alotaiq+ii+339.929+qDyb+	1239	1657	1983
alotaiq+aa+340.732+n\D-afh+	1012	1100	1151
alotaiq+aa+341.813+ant\D-am+	1087	1179	1201
alotaiq+ii+342.666+jzyrh+	1950	1986	2016
alotaiq+ii+345.735+n\D-yf+	1430	1774	2037
alotaiq+uu+346.831+fDwl+	786	856	890
alotaiq+uu+347.855+skwt+	1036	1013	989
alotaiq+aa+348.886+mna\D-r+	1348	1279	1227
alotaiq+aa+351.941+mwa\D-bh+	948	980	1019
alotaiq+aa+353.129+antSar+	1163	1182	1194
alotaiq+ii+354.169+mSyr+	1520	1826	2025
alotaiq+aa+355.140+tab\9e+	1680	1610	1536
alotaiq+ii+357.529+fTyrh+	1821	1948	2032
alotaiq+aa+360.634+mlabs+	1331	1384	1379
alotaiq+ii+361.727+Sdyd+	1981	2094	2163
alotaiq+aa+362.880+mtwaSl+	1135	1064	1004
alotaiq+aa+364.090+ktab+	1651	1539	1433
alotaiq+ii+373.213+nSyb+	1779	1990	2119
alotaiq+aa+374.477+maDy+	1173	1203	1195
alotaiq+ii+374.689+maDy+	1370	1693	1931
alotaiq+ii+376.992+wsyTh+	2001	2164	2229
alotaiq+uu+381.300+\shrwT+	1035	999	981
alotaiq+ii+382.785+tlyfwn+	1922	1941	1964
alotaiq+uu+382.965+tlyfwn+	989	989	996
alotaiq+uu+386.269+ftwr+	1181	1080	1022
alotaiq+aa+495.201+ba\?g+	1378	1436	1449
alotaiq+ii+497.840+jym+	2201	2325	2403
alotaiq+aa+501.642+\dhal+	1501	1485	1406
alotaiq+aa+502.638+ra\?g+	1163	1121	1143
alotaiq+ii+505.062+syn+	2100	2238	2363
alotaiq+ii+505.999+\shyn+	2215	2262	2334
alotaiq+aa+507.111+Sad+	1224	1234	1251
alotaiq+aa+508.099+Dad+	1084	1126	1181
alotaiq+aa+509.398+Ta\?g+	1088	1100	1104
alotaiq+aa+510.514+\D-a\?g+	1147	1153	1157
alotaiq+aa+513.146+fa\?g+	1396	1389	1389
alotaiq+aa+515.727+lam+	1414	1441	1445
alotaiq+ii+516.686+mym+	2067	2216	2274
alotaiq+uu+517.619+nwn+	1532	1290	1170
mohammed+uu+37.810+aSwl+	969	956	926
mohammed+aa+41.930+mwaTn+	993	1239	1157
mohammed+aa+44.033+awTan+	1174	1162	1290
mohammed+aa+48.583+maD+	1391	1350	1221
mohammed+aa+61.715+alfDa\?g+	1108	1139	1108
mohammed+aa+66.291+baS+	990	1099	1166
mohammed+aa+68.743+antSar+	1216	1176	1105
mohammed+aa+71.386+ratb+	1224	1298	1334
mohammed+uu+74.628+fTwr+	1033	982	949
mohammed+aa+88.416+wasTh+	974	1018	1144
mohammed+aa+100.358+Tbabh+	1264	1282	1394
mohammed+aa+103.737+anfSal+	1254	1260	1261
mohammed+ii+106.076+hy+	2140	2137	2115
mohammed+aa+108.584+balTa\?grh+	1116	1176	1196
mohammed+uu+111.351+wDw\?g+	962	916	878
mohammed+aa+114.027+tab+	1716	1615	1489
mohammed+ii+116.742+tlyfwn+	1943	1971	2030
mohammed+uu+116.938+tlyfwn+	960	1021	1019
mohammed+ii+119.555+qDyb+	1692	2047	2262
mohammed+ii+122.125+jzyrh+	1980	2075	2103
mohammed+aa+127.152+rDa\?g+	1009	1050	1037
mohammed+uu+129.678+zhwr+	894	882	794
mohammed+aa+131.865+alnaSrh+	1578	1488	1367
mohammed+aa+134.193+n\D-afh+	1142	1224	1249
mohammed+aa+137.117+ant\D-am+	1187	1191	1177
mohammed+ii+139.559+w\D-yfh+	1721	1997	2176
mohammed+aa+147.480+mwa\D-bh+	963	1019	1292
mohammed+aa+153.367+mna\D-r+	1590	1479	1427
mohammed+uu+162.000+sTwr+	981	960	904
mohammed+ii+164.836+wsyTh+	2064	2115	2151
mohammed+ii+167.908+n\D-yf+	1878	2198	2298
mohammed+ii+170.687+mTyh+	1775	2053	2290
mohammed+uu+176.225+\shrwT+	1086	1054	917
mohammed+aa+178.976+mtwaSl+	901	965	1083
mohammed+ii+182.130+nSyb+	2057	2183	2271
mohammed+uu+184.843+ftwr+	1231	1085	931
mohammed+uu+187.292+fDwl+	895	927	907
mohammed+ii+196.267+yTyr+	2065	2336	2303
mohammed+aa+210.665+Tab\9e+	1169	1198	1201
mohammed+aa+217.711+faSl+	1177	1224	1363
mohammed+aa+220.749+alan+	1619	1519	1485
mohammed+uu+226.666+hw+	788	737	658
mohammed+aa+232.679+Samt+	1071	1078	1113
mohammed+aa+235.739+maDy+	977	1042	1156
mohammed+ii+236.031+maDy+	1665	2032	2311
mohammed+aa+241.517+fTam+	1153	1139	1163
mohammed+uu+244.178+skwt+	969	915	914
mohammed+aa+246.588+msa\9edh+	1703	1602	1551
mohammed+aa+256.759+sTam+	1209	1359	1355
mohammed+ii+259.353+mSyr+	1874	2095	2173
mohammed+aa+262.251+bsaTh+	1615	1487	1441
mohammed+aa+264.851+mlabs+	1760	1700	1639
mohammed+aa+270.235+ktab+	1961	1671	1534
mohammed+aa+273.075+naDj+	1652	1458	1405
mohammed+ii+276.639+sdyd+	2098	2194	2226
mohammed+ii+279.510+wsyTh+	2059	2102	2129
mohammed+uu+282.344+aSwl+	949	813	793
mohammed+ii+284.863+w\D-yfh+	1647	2025	2140
mohammed+aa+293.008+mwaTn+	1007	1179	1316
mohammed+aa+299.126+faSl+	1181	1312	1269
mohammed+aa+302.099+naDj+	1543	1381	1341
mohammed+aa+311.358+fTam+	1192	1215	1177
mohammed+aa+317.563+n\D-afh+	1125	1204	1210
mohammed+aa+320.204+alnaSrh+	1617	1549	1430
mohammed+aa+328.989+sTam+	1108	1300	1349
mohammed+uu+332.223+fDwl+	1029	1020	904
mohammed+aa+341.209+alfDa\?g+	1101	1156	1179
mohammed+aa+347.962+ktab+	1812	1713	1596
mohammed+ii+351.067+tlyfwn+	1982	2065	2094
mohammed+uu+351.257+tlyfwn+	1006	832	1309
mohammed+ii+354.235+mSyr+	2097	2251	2354
mohammed+ii+357.176+sdyd+	2195	2300	2364
mohammed+aa+360.209+mlabs+	1701	1703	1633
mohammed+aa+363.410+alan+	1569	1526	1531
mohammed+aa+365.794+baS+	1166	1209	1195
mohammed+aa+373.531+wasTh+	1146	1236	1251
mohammed+aa+378.356+anfSal+	1194	1184	1155
mohammed+ii+388.710+yTyr+	1906	2117	2180
mohammed+uu+391.943+wDw\?g+	991	886	880
mohammed+aa+395.346+balTa\?grh+	1111	1115	1162
mohammed+aa+398.268+tab+	1750	1580	1494
mohammed+aa+399.952+tab+	1653	1545	1442
mohammed+ii+402.833+qDyb+	1697	2077	2082
mohammed+uu+408.362+zhwr+	828	798	792
mohammed+aa+411.056+bsaTh+	1502	1406	1372
mohammed+aa+416.835+ant\D-am+	1040	1222	1554
mohammed+aa+427.673+antSar+	1141	1177	1162
mohammed+uu+430.933+skwt+	843	844	895
mohammed+aa+433.588+rDa\?g+	1123	1169	1140
mohammed+aa+436.114+tab\9e+	1747	1670	1554
mohammed+uu+443.673+sTwr+	1002	947	918
mohammed+uu+446.034+hw+	930	805	784
mohammed+ii+449.896+n\D-yf+	1845	2047	1963
mohammed+ii+455.143+mTyh+	1786	2114	2228
mohammed+ii+457.572+jzyrh+	2183	2306	2316
mohammed+uu+462.124+ftwr+	1267	1092	939
mohammed+uu+464.533+\shrwT+	951	908	899
mohammed+aa+466.882+mtwaSl+	983	1025	1024
mohammed+aa+471.865+Tbabh+	1328	1368	1365
mohammed+aa+473.193+Tbabh+	1461	1453	1420
mohammed+aa+481.371+mna\D-r+	1537	1418	1295
mohammed+ii+484.147+nSyb+	2258	2249	2258
mohammed+aa+486.303+Samt+	1006	1091	1099
mohammed+uu+491.690+fTwr+	1060	1021	972
mohammed+ii+494.526+hy+	2003	2163	2131
mohammed+aa+504.273+mwa\D-bh+	1031	1052	1075
mohammed+aa+506.995+Tab\9e+	1307	1296	1200
mohammed+ii+511.950+fTyrh+	1880	2079	2166
mohammed+aa+513.820+maDy+	1093	1309	1342
mohammed+ii+514.098+maDy+	1877	2224	2121
mohammed+ii+516.279+Sdyd+	2184	2344	2404
mohammed+ii+518.860+mtwDy\?g+	1461	1563	1621
mohammed+aa+520.790+maD+	953	1318	1328
mohammed+aa+523.950+maD+	1072	1242	1259
mohammed+aa+526.562+awTan+	1054	1393	1456
mohammed+uu+528.997+aSwl+	1035	990	899
mohammed+uu+533.648+zhwr+	846	833	818
mohammed+aa+535.683+mwaTn+	1163	1280	1440
mohammed+aa+539.017+maD+	1100	1295	1253
mohammed+aa+540.108+maD+	967	1007	1104
mohammed+aa+547.879+faSl+	1130	1298	1413
mohammed+uu+552.561+sTwr+	1038	991	950
mohammed+ii+554.866+sdyd+	2270	2337	2416
mohammed+aa+557.347+fTam+	1055	1147	1265
mohammed+aa+561.433+alnaSrh+	1482	1397	1280
mohammed+aa+564.132+anfSal+	1305	1261	1229
mohammed+aa+566.261+baS+	1071	1095	1156
mohammed+aa+568.664+rDa\?g+	1161	1179	1130
mohammed+ii+571.022+hy+	2006	2022	2096
mohammed+aa+573.167+sTam+	1246	1402	1344
mohammed+aa+575.572+tab+	1683	1530	1467
mohammed+ii+582.031+mTyh+	1740	2186	2316
mohammed+aa+590.396+alfDa\?g+	1169	1174	1216
mohammed+aa+599.382+Tbabh+	1428	1358	1353
mohammed+aa+600.586+Tbabh+	1178	1257	1302
mohammed+ii+609.807+w\D-yfh+	1708	2239	2506
mohammed+aa+774.074+lam+	1775	1750	1597
mohammed+ii+775.317+mym+	2022	1901	2294
mohammed+uu+776.529+nwn+	1614	1255	1028
naif1+uu+15.644+aSwl+	1134	1429	2116
naif1+aa+19.667+mwaTn+	815	949	1000
naif1+aa+21.401+awTan+	1006	1025	1080
naif1+aa+24.473+maD+	1093	1137	1149
naif1+aa+31.452+alfDa\?g+	906	919	958
naif1+aa+34.440+baS+	1117	1129	1126
naif1+aa+36.611+antSar+	1069	1093	1076
naif1+aa+38.078+ratb+	1189	1203	1233
naif1+uu+40.162+fTwr+	758	702	617
naif1+aa+41.591+wasTh+	894	985	1057
naif1+aa+43.496+Tbabh+	1266	1259	1267
naif1+aa+45.302+anfSal+	1055	1104	1118
naif1+ii+47.222+hy+	2127	1981	2044
naif1+aa+49.150+balTa\?grh+	968	1003	1024
naif1+uu+50.869+wDw\?g+	643	601	621
naif1+aa+52.505+tab+	1298	1314	1299
naif1+ii+54.408+tlyfwn+	1917	1941	1956
naif1+uu+54.585+tlyfwn+	797	789	796
naif1+ii+56.314+qDyb+	1283	1640	1852
naif1+ii+58.213+jzyrh+	1663	1764	1846
naif1+aa+62.145+rDa\?g+	988	1082	1091
naif1+uu+64.048+zhwr+	1868	2002	1520
naif1+aa+65.856+alnaSrh+	1363	1407	1326
naif1+aa+67.873+n\D-afh+	936	1007	1031
naif1+aa+69.963+ant\D-am+	879	1011	1062
naif1+ii+71.925+w\D-yfh+	1092	1513	1886
naif1+aa+77.720+mwa\D-bh+	993	1045	1063
naif1+aa+79.597+tab\9e+	1524	1390	1344
naif1+aa+81.573+mna\D-r+	1446	1432	1342
naif1+uu+88.454+sTwr+	808	799	751
naif1+ii+90.159+wsyTh+	1636	1787	1871
naif1+ii+92.073+n\D-yf+	1257	1555	1753
naif1+ii+93.909+mTyh+	1380	1751	1955
naif1+uu+98.078+\shrwT+	755	724	754
naif1+aa+99.929+mtwaSl+	948	1004	1056
naif1+ii+101.795+nSyb+	1592	1794	1925
naif1+uu+104.608+ftwr+	825	830	769
naif1+uu+106.417+fDwl+	804	777	704
naif1+ii+111.923+yTyr+	1504	1751	1906
naif1+aa+119.890+Tab\9e+	917	996	1012
naif1+aa+123.135+faSl+	1081	1116	1132
naif1+aa+124.835+alan+	1474	1447	1444
naif1+ii+126.451+fTyrh+	1515	1798	1949
naif1+uu+128.062+hw+	600	604	635
naif1+aa+132.928+maDy+	1141	1207	1197
naif1+ii+133.238+maDy+	1502	1639	1774
naif1+ii+135.129+mtwDy\?g+	1303	1374	1461
naif1+aa+136.898+fTam+	954	996	1035
naif1+uu+139.948+skwt+	800	805	757
naif1+aa+147.010+sTam+	950	1008	1025
naif1+ii+148.942+mSyr+	1643	1930	2061
naif1+aa+150.697+bsaTh+	1081	1130	1107
naif1+aa+152.328+mlabs+	1466	1450	1396
naif1+ii+154.344+Sdyd+	1931	2004	2044
naif1+aa+157.468+ktab+	1695	1551	1472
naif1+aa+158.938+naDj+	1396	1344	1313
naif1+ii+160.759+sdyd+	1960	2017	2071
naif1+ii+164.413+wsyTh+	1660	1838	1942
naif1+uu+166.490+aSwl+	903	932	842
naif1+ii+168.372+w\D-yfh+	1387	1812	2002
naif1+aa+173.103+mwaTn+	1028	1086	1117
naif1+aa+175.648+faSl+	1044	1101	1099
naif1+aa+177.205+naDj+	1409	1357	1256
naif1+aa+181.962+fTam+	962	1030	1065
naif1+aa+185.348+n\D-afh+	877	983	1059
naif1+aa+187.111+alnaSrh+	1311	1279	1264
naif1+aa+190.769+sTam+	961	1063	1089
naif1+uu+192.240+fDwl+	808	762	688
naif1+aa+197.016+alfDa\?g+	982	987	978
naif1+aa+200.450+ktab+	1614	1490	1407
naif1+ii+202.258+tlyfwn+	1616	1640	1656
naif1+uu+202.439+tlyfwn+	834	804	822
naif1+ii+204.165+mSyr+	1544	1865	1973
naif1+ii+205.872+sdyd+	2009	2072	2099
naif1+aa+207.661+mlabs+	1514	1415	1379
naif1+aa+209.371+alan+	1453	1433	1418
naif1+aa+210.856+baS+	1151	1135	1139
naif1+aa+212.608+ratb+	1159	1170	1184
naif1+aa+214.239+wasTh+	1100	1129	1131
naif1+aa+216.334+anfSal+	1096	1162	1158
naif1+ii+221.796+yTyr+	1499	1784	1950
naif1+uu+223.555+wDw\?g+	810	788	793
naif1+aa+225.450+balTa\?grh+	1081	1107	1125
naif1+aa+227.372+tab+	1496	1444	1390
naif1+ii+229.359+qDyb+	1398	1737	1922
naif1+uu+232.715+zhwr+	1344	1615	985
naif1+aa+234.366+bsaTh+	1069	1151	1155
naif1+aa+237.602+ant\D-am+	1024	1131	1151
naif1+aa+244.170+antSar+	1032	1138	1119
naif1+uu+245.929+skwt+	739	723	641
naif1+aa+247.733+rDa\?g+	989	1093	1105
naif1+aa+249.260+tab\9e+	1767	1335	1330
naif1+uu+257.575+sTwr+	840	826	830
naif1+uu+259.139+hw+	774	798	795
naif1+ii+260.691+n\D-yf+	1125	1496	1795
naif1+ii+264.083+mTyh+	1186	1509	1768
naif1+ii+265.839+jzyrh+	1718	1789	1862
naif1+uu+269.794+ftwr+	970	762	777
naif1+uu+271.422+\shrwT+	742	755	698
naif1+aa+273.251+mtwaSl+	945	1020	1051
naif1+aa+275.056+Tbabh+	1163	1216	1222
naif1+aa+276.872+mna\D-r+	1328	1316	1251
naif1+ii+278.632+nSyb+	1602	1884	2002
naif1+aa+280.014+Samt+	1097	1127	1131
naif1+uu+283.803+fTwr+	813	761	722
naif1+ii+285.283+hy+	2026	2071	2030
naif1+aa+289.112+mwa\D-bh+	1044	1092	1110
naif1+ii+294.105+fTyrh+	1396	1640	1831
naif1+aa+295.592+maDy+	1142	1209	1198
naif1+ii+295.903+maDy+	1637	1760	1855
naif1+ii+297.314+Sdyd+	1879	1924	1954
naif1+ii+299.231+mtwDy\?g+	1453	1584	1695
naif1+aa+300.641+maD+	1111	1176	1175
naif1+aa+302.417+awTan+	1044	1151	1162
naif1+uu+307.713+aSwl+	766	721	699
naif1+uu+310.583+zhwr+	865	833	832
naif1+aa+311.738+mwaTn+	896	1002	1055
naif1+aa+312.935+maD+	1063	1184	1182
naif1+ii+316.739+mtwDy\?g+	1461	1543	1625
naif1+aa+317.944+faSl+	1127	1129	1098
naif1+uu+320.948+sTwr+	741	814	839
naif1+ii+322.677+sdyd+	2036	2070	2102
naif1+aa+325.223+fTam+	922	994	1016
naif1+aa+326.921+alnaSrh+	1341	1253	1193
naif1+aa+328.818+anfSal+	1032	1081	1086
naif1+aa+330.075+baS+	1131	1159	1147
naif1+aa+331.598+rDa\?g+	925	971	993
naif1+ii+333.051+hy+	2035	2057	2129
naif1+aa+334.534+sTam+	939	998	1051
naif1+aa+335.740+tab+	1455	1341	1340
naif1+ii+340.235+mTyh+	1226	1610	1891
naif1+aa+345.128+alfDa\?g+	900	1038	1058
naif1+aa+348.256+Tbabh+	1186	1233	1219
naif1+aa+351.991+naDj+	1335	1236	1191
naif1+aa+353.448+HaDr+	1322	1233	1190
naif1+ii+354.921+w\D-yfh+	1334	1674	1887
naif1+aa+356.566+awTan+	948	1014	1029
naif1+uu+358.722+fTwr+	836	821	787
naif1+aa+360.285+alan+	1379	1361	1363
naif1+aa+363.417+ratb+	1035	1139	1165
naif1+aa+364.879+Tab\9e+	962	1013	1066
naif1+aa+366.350+wasTh+	970	1042	1104
naif1+uu+367.869+wDwh+	750	769	764
naif1+ii+370.936+yTyr+	1534	1813	1947
naif1+aa+373.226+balTa\?grh+	974	1071	1101
naif1+aa+374.593+Samt+	1075	1086	1094
naif1+uu+376.146+hw+	673	753	733
naif1+aa+377.563+bsaTh+	1086	1086	1083
naif1+ii+380.062+qDyb+	1190	1511	1725
naif1+aa+381.297+n\D-afh+	870	962	999
naif1+aa+382.686+ant\D-am+	833	954	1006
naif1+ii+383.977+jzyrh+	1742	1826	1873
naif1+ii+387.984+n\D-yf+	1102	1528	1798
naif1+uu+389.375+fDwl+	886	833	806
naif1+uu+390.971+skwt+	687	856	851
naif1+aa+392.341+mna\D-r+	1355	1283	1238
naif1+aa+396.938+mwa\D-bh+	1199	1118	1112
naif1+aa+398.777+antSar+	1002	1065	1081
naif1+ii+400.086+mSyr+	1597	1813	1958
naif1+aa+401.400+tab\9e+	1470	1360	1334
naif1+ii+404.727+fTyrh+	1357	1586	1724
naif1+aa+409.119+mlabs+	1406	1389	1361
naif1+ii+410.670+Sdyd+	1907	1941	1981
naif1+aa+413.390+mtwaSl+	874	905	973
naif1+aa+414.987+ktab+	1510	1405	1330
naif1+ii+418.569+nSyb+	1523	1742	1854
naif1+aa+419.950+maDy+	1172	1207	1234
naif1+ii+420.222+maDy+	1504	1665	1813
naif1+ii+422.805+wsyTh+	1562	1753	1843
naif1+uu+425.756+\shrwT+	883	904	911
naif1+ii+427.077+tlyfwn+	1727	1748	1755
naif1+uu+427.236+tlyfwn+	931	915	892
naif1+uu+432.225+ftwr+	1021	848	789
naif1+aa+450.155+ba\?g+	1315	1343	1332
naif1+aa+451.327+ta\?g+	1483	1423	1385
naif1+ii+453.933+jym+	1940	2000	2046
naif1+aa+457.731+dal+	1500	1454	1421
naif1+aa+459.047+\dhal+	1454	1451	1428
naif1+ii+463.333+syn+	1886	2021	2160
naif1+ii+464.742+\shyn+	2121	2236	2240
naif1+aa+465.999+Sad+	976	1002	1020
naif1+aa+467.611+Dad+	922	988	972
naif1+aa+469.032+Ta\?g+	949	1006	1008
naif1+aa+470.995+\D-a\?g+	887	966	1005
naif1+aa+475.050+fa\?g+	1276	1308	1327
naif1+aa+479.109+lam+	1505	1453	1425
naif1+ii+480.375+mym+	2272	2284	2295
naif1+uu+481.562+nwn+	1297	1061	916
naif1+aa+482.727+ha\?g+	1312	1301	1308
naif2+uu+12.270+aSwl+	882	838	884
naif2+aa+15.138+mwaTn+	938	1038	1092
naif2+aa+16.601+awTan+	989	1052	1073
naif2+aa+19.301+maD+	1141	1166	1188
naif2+aa+24.977+alfDa\?g+	939	989	1021
naif2+aa+27.378+baS+	1168	1188	1194
naif2+aa+29.135+antSar+	986	1082	1114
naif2+aa+30.428+ratb+	1055	1135	1161
naif2+uu+32.365+fTwr+	2684	2328	2347
naif2+aa+33.777+wasTh+	997	1057	1110
naif2+aa+35.520+Tbabh+	1105	1175	1194
naif2+aa+37.304+anfSal+	1014	1096	1125
naif2+ii+38.840+hy+	2197	2118	2101
naif2+aa+40.402+balTa\?grh+	986	1047	1074
naif2+uu+41.755+wDw\?g+	473	1672	1834
naif2+aa+43.111+tab+	1510	1386	1369
naif2+ii+44.717+tlyfwn+	1775	1837	1851
naif2+uu+44.909+tlyfwn+	904	760	693
naif2+ii+46.338+qDyb+	1270	1622	1868
naif2+ii+48.032+jzyrh+	1566	1678	1849
naif2+aa+51.001+rDa\?g+	960	1031	1055
naif2+uu+52.481+zhwr+	848	910	933
naif2+aa+53.890+alnaSrh+	1374	1314	1281
naif2+aa+55.428+n\D-afh+	922	1029	1063
naif2+aa+57.047+ant\D-am+	893	999	1046
naif2+ii+58.394+w\D-yfh+	1165	1425	1662
naif2+aa+64.335+mwa\D-bh+	1017	1093	1113
naif2+aa+65.751+tab\9e+	1453	1418	1376
naif2+aa+68.185+mna\D-r+	1333	1312	1274
naif2+uu+73.783+sTwr+	693	643	628
naif2+ii+75.563+wsyTh+	1531	1685	1744
naif2+ii+77.328+n\D-yf+	1244	1523	1758
naif2+ii+78.893+mTyh+	1310	1697	1930
naif2+uu+82.461+\shrwT+	778	833	810
naif2+aa+84.025+mtwaSl+	1002	1058	1085
naif2+ii+85.806+nSyb+	1456	1779	1949
naif2+uu+88.538+ftwr+	1043	946	795
naif2+uu+90.087+fDwl+	1218	1245	930
naif2+ii+95.367+yTyr+	1362	1621	1783
naif2+aa+102.713+Tab\9e+	958	1001	1030
naif2+aa+105.212+faSl+	1163	1178	1178
naif2+aa+107.423+alan+	1414	1425	1425
naif2+ii+108.864+fTyrh+	1418	1616	1792
naif2+uu+110.188+hw+	788	754	672
naif2+aa+112.758+Samt+	958	1026	1022
naif2+aa+114.219+maDy+	1027	1186	1239
naif2+ii+114.541+maDy+	1417	1587	1782
naif2+ii+116.272+mtwDy\?g+	1189	1258	1312
naif2+aa+117.894+fTam+	932	1024	1043
naif2+uu+119.357+skwt+	899	833	825
naif2+aa+125.548+sTam+	963	1043	1083
naif2+ii+127.001+mSyr+	1424	1689	1894
naif2+aa+128.591+bsaTh+	1010	1104	1134
naif2+aa+130.092+mlabs+	1440	1431	1413
naif2+ii+132.082+Sdyd+	1900	1965	2011
naif2+aa+133.670+ktab+	1572	1470	1418
naif2+aa+135.456+naDj+	1264	1231	1198
naif2+ii+137.291+sdyd+	1934	2000	2024
naif2+ii+138.897+wsyTh+	1531	1651	1738
naif2+uu+140.550+aSwl+	1378	872	871
naif2+ii+142.067+w\D-yfh+	1186	1530	1810
naif2+aa+146.487+mwaTn+	980	1008	1048
naif2+aa+148.939+faSl+	1069	1122	1131
naif2+aa+150.190+naDj+	1348	1302	1242
naif2+aa+154.256+fTam+	990	1095	1079
naif2+aa+157.024+n\D-afh+	943	1008	1081
naif2+aa+158.473+alnaSrh+	1249	1242	1234
naif2+aa+161.660+sTam+	989	1030	1044
naif2+uu+163.196+fDwl+	785	1240	979
naif2+aa+168.173+alfDa\?g+	927	1029	1086
naif2+aa+170.924+ktab+	1567	1513	1459
naif2+ii+172.347+tlyfwn+	1778	1835	1854
naif2+uu+172.533+tlyfwn+	843	757	751
naif2+ii+173.858+mSyr+	1135	1531	1809
naif2+ii+175.325+sdyd+	1891	2016	2046
naif2+aa+176.571+mlabs+	1474	1421	1396
naif2+aa+178.047+alan+	1462	1417	1408
naif2+aa+179.273+baS+	1086	1127	1126
naif2+aa+180.529+ratb+	936	1036	1127
naif2+aa+181.747+wasTh+	925	995	1051
naif2+aa+183.315+anfSal+	964	1020	1042
naif2+ii+187.290+yTyr+	1545	1829	1964
naif2+uu+188.707+wDw\?g+	844	781	789
naif2+aa+190.328+balTa\?grh+	957	1034	1074
naif2+aa+191.677+tab+	1471	1386	1380
naif2+ii+193.476+qDyb+	1222	1538	1738
naif2+uu+196.008+zhwr+	944	1583	1353
naif2+aa+197.269+bsaTh+	1030	1081	1103
naif2+aa+200.210+ant\D-am+	915	1042	1074
naif2+aa+205.763+antSar+	1094	1096	1106
naif2+uu+207.185+skwt+	788	805	775
naif2+aa+208.542+rDa\?g+	957	1015	1021
naif2+aa+209.695+tab\9e+	1313	1318	1309
naif2+uu+215.669+sTwr+	897	822	769
naif2+uu+216.872+hw+	861	773	733
naif2+ii+217.926+n\D-yf+	1050	1449	1784
naif2+ii+220.352+mTyh+	1315	1699	1934
naif2+ii+221.741+jzyrh+	1751	1878	1921
naif2+uu+224.792+ftwr+	1152	904	772
naif2+uu+226.201+\shrwT+	857	797	709
naif2+aa+227.549+mtwaSl+	915	1004	1044
naif2+aa+229.095+Tbabh+	1149	1193	1215
naif2+aa+230.547+mna\D-r+	1287	1240	1209
naif2+ii+232.028+nSyb+	1670	1874	1976
naif2+aa+233.452+Samt+	959	1010	986
naif2+uu+237.454+fTwr+	947	1246	876
naif2+ii+238.560+hy+	2151	2061	2064
naif2+aa+241.305+mwa\D-bh+	996	1070	1088
naif2+aa+242.666+Tab\9e+	957	1011	1030
naif2+ii+245.496+fTyrh+	1436	1645	1754
naif2+aa+246.859+maDy+	1089	1118	1171
naif2+ii+247.166+maDy+	1611	1746	1903
naif2+ii+248.301+Sdyd+	1862	1937	2015
naif2+ii+249.945+mtwDy\?g+	1186	1290	1404
naif2+aa+251.235+maD+	1126	1161	1159
naif2+aa+252.966+awTan+	970	1051	1082
naif2+uu+254.497+aSwl+	901	948	755
naif2+uu+257.541+zhwr+	1531	1522	1003
naif2+aa+258.941+mwaTn+	978	1037	1051
naif2+aa+260.335+maD+	1098	1146	1189
naif2+ii+263.751+mtwDy\?g+	1222	1266	1317
naif2+aa+264.922+faSl+	1148	1157	1134
naif2+uu+267.896+sTwr+	881	830	783
naif2+ii+269.278+sdyd+	1924	1991	2041
naif2+aa+270.836+fTam+	997	1027	1027
naif2+aa+272.857+alnaSrh+	1347	1318	1239
naif2+aa+274.555+anfSal+	980	1043	1074
naif2+aa+275.562+baS+	1141	1193	1225
naif2+aa+277.039+rDa\?g+	974	1028	1090
naif2+ii+278.558+hy+	1876	2119	2168
naif2+aa+280.015+sTam+	979	1067	1129
naif2+aa+281.283+tab+	1554	1428	1416
naif2+ii+285.488+mTyh+	1376	1740	2000
naif2+aa+289.629+alfDa\?g+	917	1013	1034
naif2+aa+292.592+Tbabh+	1240	1242	1284
naif2+aa+295.247+naDj+	1479	1304	1291
naif2+ii+297.804+w\D-yfh+	1272	1620	1857
naif2+aa+299.402+awTan+	951	1014	1077
naif2+uu+301.212+fTwr+	888	811	815
naif2+aa+302.454+alan+	1464	1434	1419
naif2+aa+304.911+ratb+	1031	1104	1137
naif2+aa+306.302+Tab\9e+	996	1040	1063
naif2+aa+307.695+wasTh+	954	995	1061
naif2+uu+309.252+wDwh+	909	1067	926
naif2+ii+311.803+yTyr+	1474	1768	1907
naif2+aa+313.009+balTa\?grh+	981	1038	1056
naif2+aa+314.356+Samt+	975	1000	1036
naif2+uu+315.435+hw+	473	633	632
naif2+aa+316.618+bsaTh+	1040	1109	1132
naif2+ii+319.039+qDyb+	1275	1588	1778
naif2+aa+320.181+n\D-afh+	967	1047	1087
naif2+aa+321.850+ant\D-am+	924	1009	1065
naif2+ii+323.136+jzyrh+	1632	1737	1870
naif2+ii+327.026+n\D-yf+	1286	1562	1754
naif2+uu+328.381+fDwl+	1056	1171	1135
naif2+uu+330.035+skwt+	732	602	593
naif2+aa+331.194+mna\D-r+	1334	1327	1274
naif2+aa+334.180+mwa\D-bh+	1021	1048	1067
naif2+aa+336.028+antSar+	1093	1104	1104
naif2+ii+337.460+mSyr+	1346	1638	1832
naif2+aa+338.604+tab\9e+	1492	1423	1423
naif2+ii+341.168+fTyrh+	1349	1538	1655
naif2+aa+345.242+mlabs+	1454	1444	1404
naif2+ii+346.718+Sdyd+	1811	1866	1918
naif2+aa+348.087+mtwaSl+	1044	1057	1068
naif2+aa+350.205+ktab+	1612	1456	1405
naif2+ii+353.397+nSyb+	1238	1510	1735
naif2+aa+354.651+maDy+	1164	1157	1167
naif2+ii+354.937+maDy+	1487	1633	1766
naif2+ii+357.202+wsyTh+	1529	1739	1873
naif2+uu+359.812+\shrwT+	727	804	765
naif2+ii+361.088+tlyfwn+	1790	1797	1811
naif2+uu+361.261+tlyfwn+	933	921	905
naif2+uu+364.368+ftwr+	1188	1007	945
naif2+aa+375.662+ba\?g+	1420	1407	1398
naif2+aa+376.786+ta\?g+	1493	1488	1499
naif2+ii+379.111+jym+	1953	1962	2041
naif2+aa+382.551+dal+	1568	1451	1407
naif2+aa+383.758+\dhal+	1479	1447	1455
naif2+ii+387.454+syn+	1834	2137	1963
naif2+ii+388.794+\shyn+	2299	2301	2296
naif2+aa+389.959+Sad+	907	962	997
naif2+aa+391.331+Dad+	861	928	974
naif2+aa+392.616+Ta\?g+	981	1033	1026
naif2+aa+393.974+\D-a\?g+	928	1014	1036
naif2+aa+397.679+fa\?g+	1289	1366	1375
naif2+aa+401.739+lam+	1522	1495	1473
naif2+ii+402.951+mym+	1813	2454	2402
naif2+uu+404.227+nwn+	1317	1152	1222
naif2+aa+405.461+ha\?g+	1327	1315	1329
saud+uu+3.284+aSwl+	988	960	922
saud+aa+6.801+mwaTn+	996	1031	1063
saud+aa+8.686+awTan+	972	1052	1101
saud+aa+12.070+maD+	1135	1157	1161
saud+aa+20.528+alfDa\?g+	1059	1089	1099
saud+aa+24.672+baS+	1127	1150	1152
saud+aa+27.065+antSar+	1147	1138	1137
saud+aa+28.751+ratb+	1055	1093	1118
saud+uu+30.553+fTwr+	947	951	919
saud+aa+36.297+Tbabh+	1230	1273	1273
saud+aa+38.443+anfSal+	1094	1105	1137
saud+ii+39.799+hy+	2407	2384	2402
saud+aa+42.479+balTa\?grh+	1114	1107	1098
saud+uu+44.085+wDw\?g+	919	839	802
saud+aa+45.921+tab+	1723	1550	1533
saud+ii+48.657+tlyfwn+	1870	1952	1977
saud+uu+48.823+tlyfwn+	949	967	1016
saud+ii+50.697+qDyb+	1607	1865	2053
saud+ii+52.715+jzyrh+	2013	2060	2100
saud+aa+55.479+rDa\?g+	1123	1136	1137
saud+uu+56.967+zhwr+	873	915	909
saud+aa+58.503+alnaSrh+	1386	1326	1265
saud+aa+60.314+n\D-afh+	1120	1131	1132
saud+aa+62.324+ant\D-am+	1117	1141	1140
saud+ii+63.975+w\D-yfh+	1316	1625	1885
saud+aa+69.891+mwa\D-bh+	1013	1058	1087
saud+aa+71.958+tab\9e+	1637	1559	1461
saud+aa+74.207+mna\D-r+	1579	1520	1419
saud+uu+80.749+sTwr+	968	932	901
saud+ii+82.952+wsyTh+	1863	1937	1940
saud+ii+84.870+n\D-yf+	1731	1984	2097
saud+ii+86.961+mTyh+	1710	2170	2383
saud+uu+91.203+\shrwT+	989	930	933
saud+aa+93.354+mtwaSl+	1053	1087	1111
saud+ii+95.797+nSyb+	1767	2071	2221
saud+uu+98.230+ftwr+	1360	1151	1095
saud+uu+100.226+fDwl+	919	928	951
saud+ii+106.301+yTyr+	1703	2052	2163
saud+aa+116.709+Tab\9e+	1071	1079	1111
saud+aa+120.853+faSl+	1073	1096	1115
saud+aa+123.536+alan+	1631	1547	1486
saud+ii+125.081+fTyrh+	1758	1976	2080
saud+uu+126.672+hw+	690	710	703
saud+aa+130.088+Samt+	1064	1067	1108
saud+aa+132.003+maDy+	1155	1182	1185
saud+ii+132.235+maDy+	1461	1672	1850
saud+ii+134.303+mtwDy\?g+	1686	1754	1823
saud+aa+135.951+fTam+	1138	1165	1171
saud+uu+137.781+skwt+	944	906	927
saud+ii+149.379+mSyr+	1721	1959	2083
saud+aa+151.465+bsaTh+	1500	1384	1299
saud+aa+153.329+mlabs+	1744	1643	1541
saud+aa+156.907+ktab+	1787	1697	1582
saud+aa+158.601+naDj+	1663	1558	1431
saud+ii+172.656+wsyTh+	1969	2105	2199
saud+uu+174.664+aSwl+	971	891	862
saud+ii+176.382+w\D-yfh+	1582	1934	2121
saud+aa+181.965+mwaTn+	1099	1137	1181
saud+aa+185.441+faSl+	1139	1155	1146
saud+aa+187.137+naDj+	1369	1293	1244
saud+aa+193.268+fTam+	1108	1166	1201
saud+aa+197.419+n\D-afh+	1142	1155	1164
saud+aa+200.411+alnaSrh+	1535	1443	1365
saud+ii+202.465+syf+	2078	2111	2154
saud+aa+204.539+sTam+	1117	1174	1199
saud+uu+206.379+fDwl+	897	914	869
saud+aa+212.313+alfDa\?g+	1075	1093	1110
saud+aa+216.348+ktab+	1734	1648	1553
saud+ii+218.377+tlyfwn+	2047	2062	2050
saud+uu+218.550+tlyfwn+	979	1037	1006
saud+ii+221.139+mSyr+	1675	1984	2124
saud+ii+223.322+sdyd+	2129	2238	2362
saud+aa+225.104+mlabs+	1591	1517	1458
saud+aa+226.974+alan+	1286	1228	1208
saud+aa+228.709+baS+	1082	1125	1138
saud+aa+230.397+ratb+	1146	1117	1114
saud+aa+234.742+anfSal+	1028	1094	1132
saud+ii+240.569+yTyr+	2006	2238	2315
saud+uu+242.806+wDw\?g+	734	787	817
saud+aa+245.141+balTa\?grh+	1095	1095	1101
saud+aa+247.147+tab+	1727	1609	1536
saud+ii+249.020+qDyb+	1666	1952	2132
saud+uu+252.615+zhwr+	727	755	782
saud+aa+254.398+bsaTh+	1446	1364	1304
saud+aa+258.484+ant\D-am+	1144	1157	1157
saud+aa+265.799+antSar+	1126	1143	1161
saud+uu+267.541+skwt+	841	822	812
saud+aa+269.382+rDa\?g+	1093	1092	1101
saud+aa+271.132+tab\9e+	1344	1278	1231
saud+aa+272.919+msa\9edh+	1577	1498	1460
saud+uu+276.609+sTwr+	992	1004	941
saud+uu+278.302+hw+	763	762	742
saud+ii+280.060+n\D-yf+	1453	1726	1904
saud+ii+283.712+mTyh+	1793	2236	2473
saud+ii+285.502+jzyrh+	2020	2133	2211
saud+uu+289.530+ftwr+	1357	1217	1085
saud+uu+291.485+\shrwT+	1144	1052	988
saud+aa+293.443+mtwaSl+	1065	1106	1129
saud+aa+295.402+Tbabh+	1393	1394	1359
saud+aa+297.246+mna\D-r+	1632	1532	1388
saud+ii+299.069+nSyb+	1508	1760	1983
saud+aa+300.852+Samt+	1111	1127	1155
saud+uu+304.428+fTwr+	867	759	656
saud+ii+306.026+hy+	2514	2531	2550
saud+aa+310.764+mwa\D-bh+	1132	1102	1090
saud+aa+312.430+Tab\9e+	1114	1138	1140
saud+ii+316.072+fTyrh+	1616	1981	2227
saud+aa+317.701+maDy+	1181	1174	1168
saud+ii+317.988+maDy+	1763	1878	1982
saud+ii+319.472+Sdyd+	2212	2250	2357
saud+ii+321.591+mtwDy\?g+	1767	1872	1967
saud+aa+322.897+maD+	1163	1156	1165
saud+uu+324.679+awTan+	843	782	724
saud+aa+324.898+awTan+	1110	1148	1138
saud+uu+329.996+aSwl+	704	587	693
saud+uu+330.255+aSwl+	996	1007	963
saud+uu+333.494+zhwr+	737	698	645
saud+aa+335.353+mwaTn+	1154	1157	1170
saud+aa+337.306+maD+	1192	1156	1173
saud+ii+341.331+mtwDy\?g+	1721	1767	1804
saud+aa+342.897+faSl+	1007	1064	1095
saud+uu+346.313+sTwr+	1019	1026	977
saud+ii+347.995+sdyd+	2107	2164	2195
saud+aa+349.711+fTam+	1173	1210	1271
saud+aa+351.425+alnaSrh+	1467	1420	1362
saud+aa+353.406+anfSal+	1148	1172	1181
saud+aa+355.021+baS+	1083	1141	1178
saud+aa+356.693+rDa\?g+	1126	1148	1158
saud+ii+358.126+hy+	2262	2296	2273
saud+aa+359.592+sTam+	1137	1183	1207
saud+aa+361.285+tab+	1369	1342	1283
saud+ii+366.122+mTyh+	1802	2146	2315
saud+aa+371.179+alfDa\?g+	1095	1100	1127
saud+aa+374.483+Tbabh+	1190	1227	1286
saud+ii+376.201+syf+	2020	2077	2121
saud+aa+377.844+naDj+	1309	1252	1212
saud+ii+380.884+w\D-yfh+	1302	1607	1834
saud+aa+382.639+awTan+	1070	1097	1091
saud+uu+384.167+fTwr+	1034	1054	1050
saud+aa+385.554+alan+	1521	1349	1226
saud+aa+388.596+ratb+	1153	1152	1163
saud+aa+390.048+Tab\9e+	1125	1131	1107
saud+aa+391.559+wasTh+	1024	1033	1070
saud+uu+393.158+wDwh+	889	806	776
saud+ii+396.153+yTyr+	1489	1765	1962
saud+aa+397.900+balTa\?grh+	1144	1137	1154
saud+aa+399.426+Samt+	1146	1154	1182
saud+uu+401.024+hw+	780	750	719
saud+aa+402.227+bsaTh+	1328	1290	1261
saud+ii+404.732+qDyb+	1818	2048	2172
saud+aa+406.115+n\D-afh+	1117	1132	1152
saud+aa+407.899+ant\D-am+	1166	1178	1185
saud+ii+409.413+jzyrh+	2121	2167	2197
saud+ii+413.741+n\D-yf+	1860	2066	2158
saud+uu+415.108+fDwl+	1051	1058	1046
saud+uu+415.275+fDwl+	952	935	898
saud+uu+416.805+skwt+	978	936	907
saud+aa+418.149+mna\D-r+	1624	1447	1351
saud+aa+421.073+mwa\D-bh+	1086	1098	1100
saud+aa+422.843+antSar+	1223	1215	1202
saud+ii+424.274+mSyr+	1430	1672	1860
saud+aa+425.675+tab\9e+	1377	1260	1195
saud+ii+428.552+fTyrh+	1509	1780	1944
saud+aa+430.067+msa\9edh+	1576	1487	1388
saud+aa+433.066+mlabs+	1726	1545	1418
saud+ii+434.708+Sdyd+	1996	2080	2140
saud+aa+436.095+mtwaSl+	894	999	1048
saud+aa+437.534+ktab+	1597	1495	1382
saud+ii+440.457+nSyb+	1530	1772	2026
saud+aa+441.770+maDy+	1264	1171	1158
saud+ii+442.059+maDy+	1673	1759	1856
saud+ii+443.504+wsTy+	1530	1742	1899
saud+ii+444.759+wsyTh+	1956	2048	2207
saud+uu+447.922+\shrwT+	859	841	836
saud+ii+450.810+tlyfwn+	2103	2136	2160
saud+uu+450.977+tlyfwn+	913	852	847
saud+uu+454.038+ftwr+	1375	1264	1157
saud+aa+468.312+ba\?g+	1594	1548	1508
saud+aa+469.649+ta\?g+	1678	1633	1591
saud+aa+471.006+\tfa\?g+	1751	1724	1664
saud+ii+472.529+jym+	2460	2490	2502
saud+aa+476.263+dal+	1883	1912	1873
saud+ii+481.637+syn+	2263	2433	2570
saud+aa+484.139+Sad+	1008	919	920
saud+aa+485.422+Dad+	958	900	866
saud+aa+486.832+Ta\?g+	1039	1017	945
saud+aa+488.233+\D-a\?g+	1044	984	964
saud+aa+492.514+fa\?g+	1543	1504	1470
saud+aa+496.659+lam+	1827	1867	1869
saud+ii+498.064+mym+	2746	2711	2668
saud+uu+499.570+nwn+	1323	1256	1854
saud+aa+501.003+ha\?g+	1723	1710	1700
