abu+aa+44.103+awTan	1149	1133	1177	1235	1307	1395	1463	1529	1559	1459
abu+aa+48.498+alan	1469	1452	1441	1429	1446	1477	1531	1562	1579	1516
abu+aa+53.453+alnaSrh	1396	1386	1369	1339	1320	1309	1298	1317	1397	1289
abu+aa+57.170+n\D-afh	1027	1054	1088	1129	1166	1172	1389	1598	1659	1152
abu+uu+59.064+zhwr	877	876	880	916	1003	1145	1382	1587	1666	1281
abu+aa+62.760+anfSal	1268	1247	1229	1248	1291	1329	1335	1339	1341	1391
abu+aa+64.464+ant\D-am	1171	1183	1230	1248	1235	1210	1273	1331	1344	1162
abu+uu+65.957+fDwl	897	902	902	885	961	1107	1289	1436	1497	1278
abu+aa+67.624+msa\9edh	1414	1428	1449	1445	1430	1413	1403	1392	1377	1401
abu+uu+70.714+awtwbys	1249	1292	1331	1359	1384	1389	1391	1410	1463	1398
abu+uu+70.890+awtwbys	1394	1387	1364	1346	1336	1338	1320	1298	1288	1358
abu+ii+71.016+awtwbys	1873	1972	2070	2061	1990	1887	1880	1915	1958	1780
abu+ii+78.673+rtyb	2109	2115	2160	2135	2050	1878	1726	1591	1525	1702
abu+aa+87.188+Samt	1050	1045	1034	1047	1057	1066	1090	1146	1175	1052
abu+aa+88.554+Tab\9e	1095	1144	1150	1160	1130	1088	1065	1061	1066	1012
abu+aa+90.782+balTa\?grh	1046	1093	1137	1159	1182	1214	1256	1307	1368	1250
abu+aa+92.214+tab	1515	1478	1447	1430	1409	1368	1333	1265	1219	1334
abu+aa+94.542+ratb	1230	1217	1240	1282	1311	1318	1313	1329	1367	1333
abu+ii+101.131+thmymh	1755	1916	2025	2056	2035	1934	1794	1670	1551	1854
abu+ii+107.395+thmymh	2229	2200	2192	2201	2194	2124	1979	1841	1764	2052
abu+aa+120.068+raTy	1073	1103	1118	1134	1128	1110	1094	1079	1082	1087
abu+ii+120.314+raTy	1576	1787	1924	2034	2095	2150	2217	2307	2357	2165
abu+ii+123.934+hy	2171	2200	2235	2266	2268	2257	2236	2161	2122	2245
abu+aa+125.408+rDa\?g	992	998	1014	1035	1051	1070	1106	1113	1121	1069
abu+ii+126.780+rTyb	1554	1787	1929	1987	1978	1893	1779	1652	1625	1810
abu+uu+132.796+stwr	1414	1263	1152	1110	1142	1194	1362	1545	1607	1290
abu+ii+134.559+sdyd	1905	2001	2080	2135	2153	2142	2112	2049	2022	2120
abu+aa+135.839+maDn	1120	1158	1158	1135	1111	1083	1044	1076	1073	1074
abu+aa+136.915+maD	942	1013	1056	1078	1082	1068	1031	1000	981	1046
abu+ii+140.332+nDyf	1487	1712	1882	1983	1990	1938	1870	1832	1849	1862
abu+ii+144.533+nDyf	1542	1771	1925	1972	1919	1826	1833	2000	2020	1707
abu+uu+156.684+hw	937	897	872	846	854	877	892	896	912	916
abu+ii+158.181+w\D-yfh	1238	1422	1676	1887	2006	2118	2066	1999	1972	2234
abu+ii+159.873+mTyh	1621	1901	2071	2168	2223	2229	2165	2081	2051	2231
abu+aa+161.904+bsaTh	1200	1202	1222	1238	1234	1212	1184	1173	1159	1192
abu+aa+170.141+mtwaSl	1029	1072	1099	1130	1150	1110	1359	1542	1692	1049
abu+uu+171.595+sTwr	1006	983	941	945	1008	1117	1290	1417	1484	1216
abu+uu+175.313+mSwl	855	914	887	874	943	1083	1200	1368	1422	1255
abu+uu+195.517+smwT	1446	1025	914	900	941	1147	1255	1262	1362	915
abu+ii+205.247+tlyfwn	1589	1599	1620	1644	1657	1755	1748	1719	1699	2002
abu+uu+206.268+fTwr	976	963	971	1020	1087	1174	1406	1573	1644	1249
abu+aa+207.491+naDr	1306	1221	1212	1233	1241	1211	1194	1182	1164	1198
abu+uu+228.519+fTwr	985	954	959	984	1018	1149	1409	1621	1718	1156
abu+ii+238.516+n\D-yf	1521	1744	1886	1949	1952	1916	1907	2002	2022	1852
abu+aa+243.333+mwa\D-bh	1133	1149	1164	1157	1137	1117	1087	1072	1062	1085
abu+aa+245.548+Tab	1088	1116	1139	1160	1168	1116	1016	988	948	1136
abu+aa+248.615+Tabh	1022	1050	1059	1066	1066	1062	1062	1081	1123	1064
abu+uu+256.195+Smwt	1487	1135	913	863	918	988	1071	1123	1201	1004
abu+aa+263.887+mna\D-r	1303	1233	1192	1164	1130	1106	1081	1084	1081	1072
abu+uu+267.229+wDw\?g	970	922	913	886	854	797	917	1004	1030	629
abu+ii+268.392+wsyTh	1877	1906	1897	1869	1818	1736	1700	1695	1720	1673
abu+aa+269.728+faSl	1088	1097	1088	1101	1139	1175	1316	1409	1450	1069
abu+ii+271.917+w\D-y\?g	1379	1615	1815	1971	2077	2163	2195	2119	2008	2230
abu+ii+280.107+wDyh	1535	1759	1917	2008	2064	2033	2012	1923	1894	2030
abu+uu+286.446+aSwl	1107	1020	916	886	998	1152	1253	1303	1343	1400
abu+aa+288.000+fTam	1135	1212	1233	1237	1231	1202	1242	1282	1291	1154
abu+aa+289.654+alfDa\?g	1022	1069	1097	1139	1183	1207	1181	1194	1187	1208
abu+aa+290.796+ktab	1565	1517	1475	1429	1377	1301	1224	1145	1116	1233
abu+aa+291.883+maDr	1221	1216	1231	1250	1253	1234	1150	1130	1103	1219
abu+aa+297.715+naDl	1315	1303	1268	1247	1209	1155	1143	1130	1121	1121
abu+aa+298.914+naDl	1191	1192	1186	1165	1127	1102	1067	1004	1129	1156
abu+aa+299.441+naDl	1270	1279	1250	1239	1218	1183	1137	1116	1117	1166
abu+aa+301.100+naDl	1246	1224	1203	1117	1035	1026	995	1091	1143	1084
abu+aa+302.727+at\9eab	1307	1323	1316	1294	1257	1227	1199	1151	1140	1177
abu+ii+304.419+mSyr	1676	1945	2100	2111	2024	1881	1872	1858	1835	1705
abu+ii+308.024+mSyr	1523	1709	1810	1858	1863	1807	1737	1706	1680	1759
abu+ii+314.639+mSyr	1540	1615	1627	1615	1595	1579	1554	1531	1487	1575
abu+aa+319.923+rTanh	1074	1165	1222	1273	1333	1397	1488	1536	1549	1411
abu+ii+321.044+mTyr	1503	1769	1874	1893	1847	1751	1769	1861	1866	1588
abu+ii+330.965+w\D-yf	1630	1838	1986	2064	2065	2017	1960	2037	2072	1923
abu+aa+332.793+mlabs	1420	1413	1398	1388	1371	1334	1270	1227	1233	1289
abu+aa+334.101+tab\9e	1596	1536	1506	1467	1415	1365	1291	1278	1288	1308
abu+aa+335.404+mwaTn	981	1040	1103	1143	1168	1139	1107	1091	1078	1116
abu+ii+336.828+h\D-ym	1522	1824	2048	2221	2232	2044	1875	1794	1719	1721
abu+uu+340.265+mh\D-wm	1070	1025	1021	1075	1112	1121	1176	1203	1215	1116
abu+ii+345.927+s\9eyd	1890	2005	2119	2154	2125	2006	1855	1768	1709	1861
abu+ii+347.153+nSyb	1508	1809	1949	2000	1956	1793	1718	1664	1614	1539
abu+aa+348.420+antSar	1243	1225	1218	1232	1257	1243	1421	1498	1539	1232
abu+ii+349.738+fTyrh	1629	1797	1905	1925	1857	1728	1603	1483	1426	1567
abu+aa+353.406+wsTy	1038	1097	1117	1113	1125	1142	1201	1222	1241	1203
abu+aa+357.331+njtryh	1451	1408	1359	1350	1390	1437	1476	1572	1596	1512
abu+aa+371.942+balTa\?grh	1159	1196	1213	1236	1292	1358	1448	1540	1582	1434
abu+aa+374.105+naDl	1342	1329	1307	1267	1222	1162	1125	1113	1101	1106
abu+aa+375.417+mtwaSl	1011	1029	1059	1089	1122	1145	1115	1217	1387	1194
abu+aa+376.524+mlabs	1438	1423	1379	1354	1333	1261	1195	1225	1239	1244
abu+ii+380.029+nSyb	1738	1989	2112	2127	2050	1898	1925	1900	1880	1741
abu+uu+382.410+zhwr	995	928	916	945	977	1127	1284	1379	1453	1568
abu+aa+384.487+naDr	1373	1346	1301	1256	1207	1174	1108	1154	1153	1143
abu+aa+385.806+maDr	1156	1165	1163	1163	1139	1143	1155	1167	1173	1142
abu+aa+387.116+fTam	1069	1136	1181	1205	1208	1201	1251	1264	1274	1147
abu+ii+388.405+wsyTh	1834	1889	1888	1840	1749	1719	1762	1778	1752	1555
abu+ii+389.968+S\9eyd	1829	2065	2201	2271	2232	2171	2138	2122	2117	2207
abu+aa+391.010+maDn	1198	1195	1185	1182	1167	1124	1090	1147	1144	1054
abu+uu+392.248+awtwbys	1193	1237	1279	1330	1360	1359	1365	1529	1640	1346
abu+uu+392.423+awtwbys	1417	1394	1392	1410	1424	1415	1363	1242	1289	1415
abu+ii+392.555+awtwbys	1941	1986	2085	2098	2028	1929	1915	1900	1895	1837
abu+uu+395.218+mSwl	1026	936	942	992	1126	1281	1398	1460	1497	1429
abu+aa+397.919+ant\D-am	1157	1170	1182	1213	1224	1234	1288	1330	1346	1176
abu+ii+399.077+wDy\?g	1432	1689	1900	2082	2150	2140	2135	2084	2072	2030
abu+ii+402.451+mSyr	1642	1832	1917	1928	1844	1718	1844	1879	1896	1474
abu+ii+403.945+mTyr	1586	1757	1861	1887	1835	1733	1713	1789	1798	1610
abu+aa+406.026+msa\9edh	1478	1471	1475	1465	1443	1420	1394	1362	1328	1398
abu+ii+407.481+nDyf	1719	1954	2049	2066	2031	1943	1971	2065	2074	1816
abu+uu+409.590+wDw\?g	903	918	915	917	923	922	903	896	910	933
abu+uu+409.798+wDw\?g	996	980	973	950	922	909	920	961	997	897
abu+ii+410.969+rtyb	2107	2318	2321	2179	1972	1816	1671	1663	1626	1589
abu+aa+412.205+anfSal	1175	1178	1187	1218	1259	1277	1303	1308	1311	1303
abu+aa+414.363+sTam	1069	1127	1153	1158	1154	1194	1253	1286	1311	1150
abu+ii+417.237+w\D-yf	1449	1695	1903	2036	2044	1987	1940	2032	2031	1907
abu+ii+419.887+fTyrh	1651	1784	1940	1993	1946	1839	1728	1603	1532	1701
abu+aa+421.328+alfDa\?g	1032	1053	1103	1158	1181	1212	1222	1227	1233	1237
abu+aa+424.045+Tab\9e	1109	1148	1181	1187	1184	1160	1163	1168	1165	1129
abu+aa+425.626+tab	1505	1476	1423	1395	1363	1305	1260	1239	1221	1230
abu+aa+432.963+ratb	1207	1212	1229	1277	1342	1364	1353	1340	1333	1430
abu+aa+435.560+rDa\?g	989	1053	1103	1143	1172	1187	1174	1201	1206	1205
abu+uu+437.914+sTwr	1009	984	940	915	917	1009	1162	1326	1393	1165
abu+ii+439.574+raTy	1596	1727	1833	1918	1969	2065	2145	2174	2168	2153
abu+aa+442.633+tab\9e	1554	1503	1459	1410	1357	1296	1233	1175	1152	1224
abu+uu+444.185+smwt	1556	1337	1065	1023	1087	1169	1225	1272	1345	1301
abu+aa+449.530+n\D-afh	1100	1112	1126	1146	1165	1178	1196	1277	1322	1201
abu+ii+452.067+rTyb	1711	1877	1944	1937	1851	1708	1566	1541	1503	1521
abu+aa+454.582+rTanh	1060	1107	1159	1217	1273	1340	1465	1524	1537	1339
abu+aa+495.964+nmal	1317	1363	1382	1404	1459	1489	1493	1493	1492	1550
abu+aa+498.261+alan	1503	1494	1494	1524	1560	1580	1630	1670	1687	1574
abu+ii+500.148+hDym	1584	1924	2143	2244	2285	2118	1925	1850	1769	1906
abu+aa+503.245+Samt	1128	1153	1164	1175	1167	1140	1174	1228	1264	1074
abu+aa+504.627+antSar	1226	1249	1253	1264	1277	1290	1275	1324	1329	1293
abu+aa+505.492+Tab	1081	1130	1152	1159	1168	1162	1130	1100	1071	1159
abu+aa+506.708+mwa\D-bh	969	980	1040	1086	1106	1083	1057	1044	1032	1054
abu+aa+508.167+alnaSrh	1303	1287	1263	1240	1232	1177	1436	1588	1708	1099
abu+uu+509.760+Smwt	1473	1280	1088	964	946	934	1089	1430	1599	954
abu+ii+512.183+thmymh	2201	2391	2372	2379	2353	2185	2022	1846	1692	2061
abu+ii+513.691+mTyh	1462	1771	2089	2281	2373	2270	2124	1987	1934	2163
abu+aa+516.071+awTan	1055	1102	1156	1214	1287	1405	1575	1638	1694	1454
abu+aa+517.281+mna\D-r	1274	1258	1216	1174	1138	1114	1107	1126	1131	1096
abu+uu+518.516+smwT	1310	1385	930	862	888	904	893	929	933	938
abu+ii+519.664+w\D-yfh	1322	1476	1641	1781	1869	1905	1902	1944	1999	1923
abu+uu+522.201+fTwr	966	974	1007	1038	1087	1124	1321	1489	1548	1183
abu+ii+523.561+s\9eyd	2020	2066	2052	2029	1973	1936	1964	1975	1983	1838
abu+ii+525.978+hy	2224	2156	2171	2204	2239	2226	2157	2066	2035	2210
abu+ii+527.211+n\D-yf	1527	1869	2069	2101	2040	1936	1892	1885	1864	1747
abu+ii+528.248+tlyfwn	1719	1822	1868	1896	1913	1860	1783	1832	1946	1805
abu+uu+528.462+tlyfwn	987	929	909	914	991	1127	1345	1443	1519	1308
abu+aa+529.509+faSl	1230	1182	1151	1143	1169	1300	1577	1687	1766	1152
abu+aa+533.488+bsaTh	1102	1153	1139	1140	1142	1115	1101	1092	1085	1100
abu+uu+534.852+stwr	1355	1208	1106	1035	1067	1150	1434	1560	1640	1281
abu+uu+536.192+aSwl	1104	1083	1014	985	1072	1212	1364	1434	1487	1411
abu+aa+537.458+ktab	1527	1444	1371	1338	1306	1255	1198	1175	1156	1186
abu+aa+538.766+mwaTn	901	963	1010	1071	1135	1148	1140	1260	1327	1179
abu+uu+539.925+hw	995	965	826	771	773	783	802	850	883	772
abu+uu+541.308+fDwl	826	836	838	865	956	1082	1200	1290	1341	1247
abu+ii+542.572+sdyd	1897	1987	2082	2133	2135	2147	2183	2142	2145	2051
abu+aa+548.671+maDn	1133	1150	1147	1127	1075	1021	1003	1013	1009	893
abu+ii+551.177+n\D-yf	1373	1678	1903	2032	2025	1956	1895	1854	1827	1773
abu+ii+552.258+nSyb	1809	1993	2236	2255	2098	1834	1754	1723	1680	1503
abu+ii+553.561+rtyb	1977	2077	2116	2061	1944	1788	1686	1654	1618	1591
abu+aa+557.383+bsaTh	1213	1206	1208	1196	1190	1160	1116	1114	1164	1138
abu+ii+558.732+wsyTh	1810	1852	1856	1830	1777	1692	1628	1622	1634	1593
abu+uu+561.408+zhwr	956	995	1110	1134	1164	1212	1454	1670	1743	1322
abu+aa+562.626+naDr	1243	1228	1219	1208	1198	1194	1176	1167	1157	1185
abu+aa+563.915+fTam	1152	1189	1190	1188	1168	1138	1155	1176	1177	1087
abu+ii+566.122+s\9eyd	1951	2104	2149	2143	2091	2070	2054	2041	2039	2026
abu+ii+567.120+S\9eyd	1981	2045	2091	2136	2064	1989	2021	2047	2049	1753
abu+uu+568.071+awtwbys	1568	1495	1425	1415	1396	1384	1420	1595	1710	1358
abu+uu+568.218+awtwbys	1497	1432	1414	1390	1371	1335	1309	1251	1291	1330
abu+ii+568.378+awtwbys	2001	2026	2075	2104	2078	2005	1973	1937	1920	1941
abu+ii+570.315+hy	2227	2225	2222	2214	2179	2120	2039	1942	1856	2054
abu+ii+572.199+wDy\?g	1558	1941	2132	2230	2322	2311	2277	2226	2195	2266
abu+ii+573.083+mTyr	1581	1836	2017	2091	2044	1897	1831	1824	1796	1745
abu+ii+576.529+mTyh	1708	2450	2417	2330	2272	2226	2114	2038	2003	2177
abu+aa+577.813+ktab	1513	1417	1357	1337	1310	1273	1226	1209	1189	1221
abu+ii+580.362+mSyr	1648	1922	2028	2063	2012	1864	1887	1858	1830	1647
abu+aa+581.420+msa\9edh	1457	1457	1459	1445	1418	1387	1349	1318	1304	1357
abu+uu+582.862+smwT	780	802	833	859	859	838	832	910	966	828
abu+aa+583.997+nDl	1356	1334	1274	1221	1173	1113	1099	1101	1094	1021
abu+aa+585.009+Tab\9e	1151	1198	1202	1192	1171	1146	1119	1081	1068	1120
abu+uu+587.170+wDw\?g	952	983	995	1004	995	992	1271	1476	1622	943
abu+uu+587.381+wDw\?g	867	893	901	887	845	833	864	928	951	780
abu+aa+588.443+anfSal	1149	1188	1190	1240	1307	1355	1380	1398	1404	1398
abu+aa+589.561+tab\9e	1518	1485	1433	1376	1332	1293	1272	1260	1253	1262
abu+aa+591.624+sTam	1134	1212	1249	1262	1250	1269	1335	1387	1410	1221
abu+aa+594.586+maDr	1170	1164	1169	1155	1132	1113	1107	1107	1106	1091
abu+uu+595.683+fDwl	900	894	892	941	1049	1183	1280	1338	1372	1350
abu+aa+596.775+balTa\?grh	1127	1143	1165	1193	1252	1328	1417	1509	1567	1414
abu+aa+599.023+awTan	1082	1129	1159	1227	1321	1403	1519	1560	1590	1495
abu+uu+599.814+sTwr	990	1011	986	995	1038	1121	1380	1448	1520	1120
abu+ii+601.148+fTyrh	1541	1654	1765	1854	1899	1889	1830	1744	1646	1869
abu+aa+604.128+alan	1442	1410	1417	1424	1460	1503	1600	1658	1687	1555
abu+aa+606.023+mlabs	1394	1398	1370	1359	1337	1309	1299	1317	1331	1276
abu+aa+607.812+nmal	1331	1337	1351	1375	1389	1358	1319	1312	1309	1337
abu+aa+609.533+n\D-afh	1092	1110	1151	1173	1193	1183	1184	1283	1326	1212
abu+aa+610.416+rDa\?g	951	1052	1096	1122	1141	1164	1195	1205	1217	1184
abu+aa+611.110+Samt	1093	1091	1129	1172	1196	1206	1257	1360	1383	1195
abu+aa+613.209+raTy	1106	1102	1139	1166	1185	1161	1136	1077	1059	1156
abu+ii+613.541+raTy	1743	2097	2199	2236	2220	2199	2218	2036	2016	2180
abu+uu+614.422+fTwr	851	854	900	972	1050	1132	1339	1426	1485	1135
abu+uu+615.871+smwt	1234	1247	1144	1040	1056	1070	1160	1232	1251	1137
abu+uu+617.074+Smwt	1156	919	846	841	897	930	885	971	995	1004
abu+uu+618.190+Smwt	1603	951	841	842	869	840	1046	1237	1426	816
abu+ii+619.834+rTyb	1502	1737	1955	2075	2056	1937	1782	1750	1706	1762
abu+aa+621.596+faSl	1192	1177	1180	1179	1186	1124	1163	1284	1297	1143
abu+ii+622.519+w\D-yf	1468	1742	2043	2126	2024	1887	1889	1825	1803	1643
abu+aa+623.512+ant\D-am	1092	1145	1180	1206	1215	1242	1361	1441	1473	1161
abu+uu+625.655+stwr	1376	1256	1121	1063	1088	1136	1321	1530	1589	1281
abu+ii+626.812+hw(hy)	1803	1828	1887	1906	1897	1878	1825	1762	1743	1878
abu+aa+627.830+rTanh	1118	1202	1233	1276	1327	1389	1493	1509	1524	1431
abu+ii+628.720+nDym	1452	1851	2308	2446	2434	2226	2077	1974	1891	1945
abu+ii+629.720+sdyd	2068	2221	2264	2261	2198	2116	2092	2072	2050	1890
abu+aa+631.536+Tab	1193	1222	1227	1223	1201	1158	1091	1043	1020	1119
abu+aa+633.039+antSar	1196	1197	1208	1230	1242	1231	1338	1422	1454	1193
abu+aa+633.989+alnaSrh	1384	1388	1346	1294	1248	1209	1242	1312	1362	1180
abu+uu+634.988+aSwl	998	992	977	976	1054	1191	1296	1357	1399	1367
abu+ii+636.248+thmymh	2338	2325	2339	2327	2287	2216	2062	1896	1779	2165
abu+aa+637.146+tab	1508	1468	1439	1408	1375	1326	1257	1162	1132	1286
abu+ii+638.818+nDyf	1543	1814	1996	2055	2013	1919	1816	1844	1813	1786
abu+aa+639.558+mwaTn	1032	1083	1111	1145	1165	1169	1145	1069	1029	1160
abu+aa+640.753+mna\D-r	1274	1325	1277	1250	1228	1196	1176	1183	1177	1137
abu+aa+641.672+alfDa\?g	1072	1111	1137	1168	1188	1196	1173	1143	1132	1215
abu+ii+644.733+Sdyd	1681	1879	1969	2012	1986	1914	1868	1837	1808	1777
abu+uu+646.447+mSwl	1132	1088	1027	1011	1096	1208	1295	1360	1389	1374
abu+ii+647.455+tlyfwn	1663	1697	1755	1777	1753	1675	1641	1636	1818	1535
abu+uu+647.645+tlyfwn	1019	984	979	1006	1086	1217	1399	1499	1562	1337
abu+ii+649.195+w\D-yfh	1621	1837	1992	2038	2020	1957	1928	1890	1868	1888
abu+aa+678.137+ba\?g	1331	1327	1328	1321	1317	1306	1290	1295	1292	1301
abu+aa+680.043+ta\?g	1582	1476	1400	1369	1348	1343	1340	1336	1337	1324
abu+aa+681.177+\tfa\?g	1405	1379	1377	1370	1368	1361	1352	1354	1353	1366
abu+ii+682.400+jym	2271	2320	2264	2294	2323	2216	1937	1828	1738	2384
abu+aa+683.473+Ha\?g	1086	1336	1333	1315	1312	1306	1320	1333	1337	1314
abu+aa+684.740+xa\?g	1255	1202	1168	1164	1173	1174	1171	1186	1187	1217
abu+aa+685.722+dal	1408	1422	1364	1329	1339	1353	1340	1344	1344	1411
abu+aa+686.809+\dhal	1396	1354	1335	1344	1389	1419	1423	1431	1432	1483
abu+ii+690.111+syn	2517	2461	2368	2357	2348	2298	2250	2232	2206	2289
abu+ii+691.095+\shyn	2251	2337	2396	2400	2372	2289	2223	2189	2147	2322
abu+aa+692.784+Sad	971	995	1042	1083	1117	1173	1223	1251	1272	1193
abu+aa+693.998+Dad	999	1028	1060	1097	1128	1150	1162	1204	1228	1177
abu+aa+694.931+Ta\?g	997	987	1028	1050	1060	1060	1068	1061	1085	1029
abu+aa+696.157+\D-a\?g	996	973	997	1015	1042	1094	1130	1164	1174	1175
abu+aa+701.156+lam	1384	1373	1357	1341	1324	1287	1271	1262	1251	1257
abu+ii+701.886+mym	2274	2295	2303	2311	2304	2227	1960	1900	1817	2324
abu+aa+702.580+ha\?g	1361	1381	1346	1334	1317	1311	1297	1287	1285	1299
abu+uu+703.514+nwn	1298	1137	960	835	867	1111	1382	1695	1868	1434
abu+aa+705.032+ha\?g	1176	1316	1321	1291	1292	1279	1275	1282	1278	1296
alohali+uu+20.756+aSwl	1065	973	893	899	990	1127	1218	1301	1339	1306
alohali+aa+26.785+mwaTn	1075	1050	1064	1070	1070	1043	1038	1021	1157	987
alohali+aa+30.173+awTan	1145	1146	1134	1161	1192	1331	1481	1541	1586	1566
alohali+aa+32.855+HaDr	1365	1292	1268	1259	1254	1237	1211	1215	1212	1247
alohali+aa+52.177+maD	1283	1178	1195	1198	1221	1236	1235	1250	1251	1296
alohali+aa+64.025+alfDa\?g	1081	1136	1149	1148	1143	1149	1145	1135	1209	1159
alohali+aa+69.753+baS	1050	1095	1116	1137	1149	1167	1286	1400	1439	1152
alohali+aa+73.018+antSar	1342	1313	1296	1298	1295	1272	1340	1366	1380	1256
alohali+aa+75.733+ratb	1129	1193	1210	1221	1296	1403	1447	1470	1502	1566
alohali+uu+78.583+fTwr	1016	1075	1076	1037	1024	1021	1111	1135	1153	1056
alohali+aa+81.659+wasTh	1471	1086	1104	1137	1168	1224	1416	1562	1648	1288
alohali+aa+86.366+Tbabh	1292	1353	1376	1393	1390	1361	1317	1307	1294	1317
alohali+aa+89.883+anfSal	1221	1177	1147	1157	1175	1215	1242	1256	1242	1236
alohali+ii+94.027+hy	2055	2034	2048	2087	2156	2206	2252	2267	2258	2255
alohali+uu+102.072+wDw\?g	1023	1019	970	904	868	863	870	1002	1049	872
alohali+aa+105.671+tab	1650	1609	1566	1545	1534	1504	1484	1493	1501	1455
alohali+ii+108.801+tlyfwn	1602	1596	1568	1532	1497	1471	1457	1518	1714	1446
alohali+uu+108.950+tlyfwn	1086	1058	1070	1059	1074	1141	1268	1411	1517	1210
alohali+ii+113.054+qDyb	1446	1674	1847	1936	1981	1985	1989	2001	2010	2010
alohali+ii+116.032+jzyrh	1894	1914	1940	1945	1929	1865	1754	1627	1553	1791
alohali+aa+121.942+rDa\?g	1165	1189	1184	1166	1170	1186	1194	1189	1181	1214
alohali+uu+125.647+zhwr	1055	1019	995	1013	1055	1118	1194	1223	1248	1144
alohali+aa+129.865+alnaSrh	1508	1439	1416	1376	1343	1325	1397	1537	1684	1332
alohali+aa+133.710+n\D-afh	1191	1231	1206	1201	1190	1209	1375	1450	1490	1142
alohali+aa+136.845+ant\D-am	1274	1291	1259	1221	1181	1249	1335	1339	1354	1266
alohali+ii+139.800+w\D-yfh	1417	1651	1846	1947	1976	1968	1923	1873	1872	1990
alohali+aa+149.451+mwa\D-bh	1297	1210	1159	1133	1123	1112	1101	1091	1075	1095
alohali+aa+153.036+tab\9e	1669	1623	1591	1570	1539	1505	1486	1477	1472	1466
alohali+aa+156.743+mna\D-r	1204	1210	1186	1200	1194	1188	1166	1165	1176	1169
alohali+aa+158.560+mna\D-r	1530	1521	1449	1386	1339	1311	1273	1245	1236	1280
alohali+uu+169.641+sTwr	1054	1084	1076	1028	1002	1002	1050	1087	1104	1024
alohali+ii+173.879+wsyTh	1728	1811	1869	1888	1847	1754	1713	1692	1661	1608
alohali+ii+176.952+n\D-yf	1446	1697	1877	1962	1985	1971	1941	1961	1957	1982
alohali+ii+182.320+mTyh	1823	1927	1991	2001	1981	1938	1874	1816	1794	1894
alohali+uu+188.628+\shrwT	1129	1052	995	992	1006	1011	1016	1054	1072	1063
alohali+aa+191.555+mtwaSl	1130	1109	1101	1113	1147	1202	1375	1479	1528	1190
alohali+ii+194.524+nSyb	1692	1811	1889	1924	1922	1896	1928	1910	1904	1791
alohali+uu+199.479+ftwr	1366	1191	1148	1116	1121	1147	1287	1394	1435	1175
alohali+uu+202.185+fDwl	961	999	991	959	1000	1085	1151	1192	1216	1202
alohali+ii+211.451+yTyr	1308	1681	1880	1973	1982	1935	1896	1884	1866	1829
alohali+aa+226.025+Tab\9e	1129	1179	1207	1218	1212	1186	1163	1141	1130	1134
alohali+aa+231.625+faSl	1148	1175	1192	1196	1195	1194	1205	1336	1399	1202
alohali+aa+234.585+alan	1636	1580	1562	1548	1553	1571	1541	1559	1559	1579
alohali+ii+237.829+fTyrh	1429	1634	1769	1842	1821	1718	1570	1433	1378	1583
alohali+uu+240.659+hw	1034	1031	1036	1012	1012	1029	1045	1059	1065	1070
alohali+aa+247.386+Samt	1148	1153	1156	1161	1170	1173	1245	1303	1325	1163
alohali+aa+249.856+maDy	1794	1448	1122	1114	1119	1112	1087	1172	1182	1109
alohali+ii+253.102+mtwDy\?g	1317	1533	1750	1906	2039	2016	1992	1890	1843	1929
alohali+aa+256.232+fTam	1068	1121	1164	1170	1172	1200	1224	1267	1283	1127
alohali+uu+259.185+skwt	1088	978	974	1011	1084	1207	1262	1334	1373	1371
alohali+aa+272.129+sTam	1114	1151	1184	1203	1182	1137	1163	1227	1239	1042
alohali+ii+275.285+mSyr	1691	1830	1918	1952	1932	1854	1850	1836	1825	1759
alohali+aa+278.693+bsaTh	1189	1211	1216	1216	1204	1186	1164	1166	1197	1158
alohali+aa+281.530+mlabs	1612	1558	1519	1503	1500	1467	1452	1400	1381	1439
alohali+aa+287.721+ktab	1698	1646	1620	1587	1529	1459	1469	1485	1484	1318
alohali+aa+290.600+naDj	1587	1423	1358	1277	1245	1214	1204	1265	1263	1146
alohali+ii+293.627+sdyd	1965	2022	2073	2086	2068	2058	2062	2026	2011	2004
alohali+ii+297.454+wsyTh	1772	1860	1915	1933	1907	1818	1785	1763	1777	1716
alohali+uu+300.259+aSwl	1114	1047	1022	992	1034	1166	1232	1273	1306	1290
alohali+ii+302.856+w\D-yfh	1281	1527	1743	1887	1959	1942	1915	1874	1854	1912
alohali+ii+305.449+S\9eyd	2010	2124	2173	2191	2154	2087	2099	2092	2086	1959
alohali+aa+310.870+mwaTn	1619	1486	1261	1112	1089	1091	1099	1088	1118	1123
alohali+aa+313.167+HaDr	1401	1362	1350	1322	1288	1260	1240	1220	1217	1235
alohali+aa+315.730+faSl	1150	1180	1191	1185	1179	1174	1196	1325	1366	1187
alohali+aa+318.535+naDj	1316	1202	1197	1204	1194	1171	1161	1178	1266	1133
alohali+aa+326.014+fTam	1094	1127	1142	1156	1159	1222	1252	1251	1266	1210
alohali+aa+331.907+n\D-afh	1179	1200	1207	1194	1171	1164	1167	1288	1327	1149
alohali+aa+334.969+alnaSrh	1411	1452	1401	1344	1319	1333	1356	1512	1671	1378
alohali+aa+340.557+sTam	1138	1177	1204	1203	1207	1234	1250	1273	1280	1187
alohali+uu+343.483+fDwl	1147	1139	1132	1110	1098	1141	1159	1177	1194	1198
alohali+aa+352.086+alfDa\?g	1117	1132	1144	1138	1133	1123	1122	1118	1113	1119
alohali+aa+357.721+ktab	1690	1657	1630	1597	1548	1495	1473	1448	1435	1437
alohali+ii+360.300+tlyfwn	1847	1850	1847	1844	1839	1815	1767	1720	1691	1804
alohali+uu+360.462+tlyfwn	1018	1028	1038	1070	1169	1302	1399	1503	1550	1457
alohali+ii+363.461+mSyr	1757	1908	1965	1976	1956	1901	1886	1880	1870	1797
alohali+aa+368.898+mlabs	1632	1543	1515	1503	1485	1464	1449	1459	1458	1426
alohali+aa+371.639+alan	1550	1520	1507	1528	1575	1621	1659	1694	1707	1690
alohali+aa+373.561+baS	1062	1126	1138	1139	1164	1217	1320	1425	1465	1268
alohali+aa+375.755+ratb	1096	1136	1167	1192	1276	1379	1428	1453	1470	1548
alohali+aa+378.541+wasTh	1078	1104	1121	1142	1176	1215	1355	1471	1533	1255
alohali+aa+381.983+anfSal	1166	1181	1178	1179	1201	1230	1199	1225	1229	1304
alohali+ii+389.066+yTyr	1559	1866	2041	2119	2122	2079	2101	2098	2092	2019
alohali+uu+391.437+wDw\?g	1099	1101	1090	1003	932	835	805	945	962	709
alohali+aa+398.132+tab	1620	1578	1551	1509	1456	1415	1423	1466	1469	1314
alohali+ii+400.818+qDyb	1454	1752	1960	2070	2099	2046	2035	2010	2000	1969
alohali+uu+407.320+zhwr	934	934	911	917	969	1035	1111	1155	1177	1118
alohali+aa+410.305+bsaTh	1246	1232	1198	1199	1195	1199	1187	1209	1224	1215
alohali+aa+415.279+ant\D-am	1224	1208	1185	1157	1135	1274	1301	1317	1347	1531
alohali+aa+426.660+antSar	1220	1206	1219	1222	1227	1218	1204	1229	1232	1216
alohali+uu+429.063+skwt	1033	1028	1053	1083	1158	1258	1296	1318	1335	1424
alohali+aa+431.955+rDa\?g	1130	1111	1101	1119	1149	1167	1171	1125	1112	1215
alohali+aa+435.262+tab\9e	1637	1607	1588	1567	1537	1492	1461	1441	1435	1434
alohali+aa+438.154+msa\9edh	1634	1567	1524	1540	1560	1591	1612	1650	1661	1620
alohali+uu+444.543+sTwr	1060	1063	1056	996	958	942	961	1037	1054	952
alohali+uu+447.687+hw	1018	994	939	892	855	818	795	763	737	770
alohali+ii+450.642+n\D-yf	1523	1751	1922	2020	2059	2044	2014	2019	2004	2026
alohali+ii+459.627+jzyrh	1983	2035	2059	2031	1958	1832	1666	1530	1449	1711
alohali+uu+465.313+ftwr	1289	1158	1080	1028	1027	1037	1077	1091	1098	1071
alohali+uu+468.024+\shrwT	1063	990	914	862	854	860	979	1141	1289	894
alohali+aa+470.219+mtwaSl	1044	1020	997	1023	1064	1080	1266	1444	1511	1105
alohali+aa+473.493+Tbabh	1276	1325	1354	1354	1334	1304	1261	1211	1196	1274
alohali+aa+477.082+mna\D-r	1391	1281	1230	1212	1216	1223	1200	1191	1189	1301
alohali+ii+481.210+nSyb	1534	1722	1860	1941	1970	1924	1907	1891	1882	1872
alohali+aa+484.156+Samt	1154	1137	1122	1120	1122	1141	1199	1262	1292	1141
alohali+uu+491.848+fTwr	1033	1032	987	946	948	978	1040	1097	1117	1030
alohali+ii+493.975+hy	2004	2019	2051	2099	2150	2201	2228	2225	2237	2252
alohali+aa+499.356+mwa\D-bh	1307	920	1034	1148	1207	1242	1213	1196	1230	1247
alohali+aa+502.158+Tab\9e	1090	1156	1190	1192	1176	1153	1118	1128	1122	1125
alohali+ii+507.290+fTyrh	1332	1599	1810	1925	1964	1914	1801	1642	1576	1858
alohali+aa+509.826+maDy	1559	1346	1218	1182	1168	1163	1141	1267	1321	1178
alohali+ii+510.033+maDy	1628	1752	1931	2080	2218	2089	2005	1865	1836	1878
alohali+ii+512.291+Sdyd	1975	2069	2127	2185	2184	2130	2128	2164	2217	2001
alohali+ii+515.444+mtwDy\?g	1058	1167	1239	1377	1560	1730	1872	1977	2024	1905
alohali+aa+518.408+maD	1187	1159	1151	1152	1161	1160	1155	1143	1140	1158
alohali+aa+521.280+awTan	1172	1170	1156	1142	1161	1278	1341	1419	1469	1441
alohali+uu+523.552+aSwl	999	932	845	793	874	1021	1175	1279	1330	1216
alohali+uu+528.669+zhwr	898	831	845	885	915	939	973	965	977	969
alohali+aa+530.961+mwaTn	1195	1061	1076	1094	1111	1125	1131	1128	1199	1144
alohali+aa+533.552+maD	1606	1406	1259	1155	1117	1100	1080	1215	1258	1075
alohali+ii+539.578+mtwDy\?g	1404	1490	1619	1756	1882	1973	2018	2005	1934	2065
alohali+aa+542.104+faSl	1108	1145	1152	1149	1149	1147	1171	1417	1497	1155
alohali+uu+547.106+sTwr	955	1001	964	965	977	975	1077	1139	1163	955
alohali+ii+549.663+sdyd	2029	2091	2148	2177	2170	2163	2190	2145	2116	2106
alohali+aa+552.671+fTam	1141	1151	1149	1152	1153	1222	1269	1263	1261	1217
alohali+aa+555.205+alnaSrh	1478	1349	1272	1250	1260	1286	1423	1508	1541	1244
alohali+aa+558.774+anfSal	1202	1172	1146	1136	1131	1138	1101	1086	1080	1169
alohali+aa+561.353+baS	1022	1098	1117	1117	1108	1106	1199	1313	1344	1094
alohali+aa+564.114+rDa\?g	1048	1066	1084	1092	1086	1067	1064	1191	1306	1034
alohali+ii+566.076+hy	2113	2085	2089	2097	2118	2138	2162	2186	2185	2160
alohali+aa+568.426+sTam	1093	1147	1183	1204	1212	1245	1239	1258	1266	1253
alohali+aa+570.579+tab	1727	1655	1575	1524	1475	1460	1448	1450	1448	1389
alohali+ii+579.410+mTyh	1811	1668	2044	2093	2022	1889	1871	1757	1698	1586
alohali+aa+587.421+alfDa\?g	1100	1121	1148	1158	1162	1156	1149	1141	1131	1143
alohali+aa+593.659+Tbabh	1261	1294	1337	1338	1323	1289	1236	1210	1193	1257
alohali+aa+598.222+naDj	1383	1366	1304	1231	1181	1140	1104	1110	1111	1085
alohali+aa+600.746+HaDr	1299	1301	1293	1273	1241	1211	1180	1165	1155	1176
alohali+ii+603.031+w\D-yfh	1322	1552	1784	1930	1992	1977	1941	1901	1881	1928
alohali+aa+605.272+awTan	1081	1131	1152	1158	1192	1254	1320	1356	1371	1325
alohali+uu+608.084+fTwr	1016	1066	1018	986	969	952	953	974	977	953
alohali+aa+610.838+alan	1544	1567	1547	1534	1535	1559	1580	1613	1627	1604
alohali+aa+616.295+ratb	1115	1143	1166	1201	1253	1319	1333	1348	1368	1420
alohali+aa+619.370+Tab\9e	1003	1084	1148	1180	1188	1160	1129	1129	1120	1127
alohali+aa+622.556+wasTh	1043	1095	1133	1142	1151	1155	1189	1316	1395	1183
alohali+uu+625.531+wDwh	1032	988	984	948	867	834	830	828	851	804
alohali+ii+631.385+yTyr	1132	1445	1737	1896	1966	1976	1961	1958	1950	1962
alohali+aa+637.875+Samt	1103	1127	1122	1122	1132	1177	1181	1223	1238	1222
alohali+uu+640.621+hw	1119	1085	1021	996	923	850	798	756	757	749
alohali+aa+643.465+bsaTh	1217	1204	1193	1184	1169	1156	1136	1121	1115	1135
alohali+ii+648.937+qDyb	1391	1652	1872	1987	2026	1989	1998	2038	2061	1975
alohali+aa+651.188+n\D-afh	1054	1103	1127	1139	1138	1122	1122	1268	1329	1102
alohali+aa+653.700+ant\D-am	1166	1181	1187	1196	1190	1174	1158	1138	1131	1156
alohali+ii+656.467+jzyrh	1976	2004	2009	2003	1986	1935	1862	1757	1663	1875
alohali+ii+664.977+n\D-yf	1490	1763	1903	1965	1957	1916	1904	1897	1888	1794
alohali+uu+668.007+fDwl	1138	1067	1031	992	1033	1090	1132	1248	1273	1223
alohali+uu+670.779+skwt	1016	992	1017	1072	1154	1249	1261	1272	1291	1395
alohali+aa+673.428+mna\D-r	1431	1412	1369	1303	1258	1227	1204	1178	1164	1209
alohali+aa+678.746+mwa\D-bh	1357	1411	1267	1169	1124	1101	1056	1029	1032	1127
alohali+aa+681.604+antSar	1300	1245	1202	1193	1182	1174	1262	1287	1304	1144
alohali+ii+684.530+mSyr	1594	1716	1816	1865	1873	1848	1786	1772	1762	1815
alohali+aa+687.517+tab\9e	1536	1507	1445	1428	1430	1409	1371	1332	1335	1392
alohali+ii+694.645+fTyrh	1302	1474	1631	1753	1838	1865	1840	1770	1722	1897
alohali+aa+704.735+mlabs	1606	1593	1556	1530	1505	1468	1443	1439	1432	1415
alohali+aa+710.021+mtwaSl	1035	1074	1077	1069	1090	1121	1156	1305	1391	1148
alohali+aa+712.619+ktab	1788	1744	1702	1662	1602	1544	1535	1523	1545	1453
alohali+ii+718.517+nSyb	1602	1780	1917	1979	1990	1931	1940	1946	1941	1811
alohali+aa+720.484+maDy	1354	1154	1158	1166	1164	1137	1261	1384	1444	1081
alohali+ii+725.520+wsyTh	1604	1732	1829	1884	1884	1827	1806	1807	1821	1747
alohali+uu+730.790+\shrwT	932	899	844	839	867	906	954	1060	1081	946
alohali+ii+733.045+tlyfwn	1960	1972	1983	1991	1991	1982	1948	1909	1892	1976
alohali+uu+733.208+tlyfwn	1021	956	958	1128	1237	1343	1487	1545	1610	1518
alohali+uu+740.546+ftwr	1268	1205	1145	1093	1061	1065	1187	1295	1348	1043
alohali+aa+763.956+ba\?g	1476	1511	1513	1504	1498	1500	1490	1483	1481	1526
alohali+aa+765.835+ta\?g	1755	1682	1647	1595	1578	1565	1559	1572	1571	1566
alohali+aa+767.394+\tfa\?g	1614	1587	1543	1502	1486	1482	1482	1489	1491	1508
alohali+ii+769.049+jym	2198	2215	2223	2224	2221	2216	2137	2013	1942	2206
alohali+aa+770.616+Ha\?g	1565	1537	1516	1506	1508	1510	1519	1526	1526	1504
alohali+aa+772.507+xa\?g	1318	1302	1288	1261	1254	1253	1250	1231	1229	1258
alohali+aa+774.303+dal	1701	1653	1625	1622	1640	1649	1645	1656	1655	1657
alohali+aa+775.854+\dhal	1665	1655	1644	1621	1593	1572	1582	1578	1584	1550
alohali+aa+777.562+ra\?g	1043	1068	1101	1104	1107	1120	1129	1123	1125	1132
alohali+ii+781.370+syn	2151	2201	2218	2234	2272	2242	2152	2081	2046	2260
alohali+ii+783.448+\shyn	2177	2217	2231	2263	2289	2177	2078	2004	1955	2019
alohali+aa+785.438+Sad	1074	1051	1056	1097	1182	1292	1356	1382	1408	1443
alohali+aa+787.448+Dad	1126	1122	1113	1107	1134	1189	1198	1204	1215	1329
alohali+aa+789.941+Ta\?g	1039	1088	1109	1124	1139	1172	1263	1334	1400	1178
alohali+aa+792.469+\D-a\?g	1102	1139	1161	1158	1159	1194	1221	1280	1309	1167
alohali+aa+798.880+fa\?g	1450	1467	1483	1494	1513	1516	1541	1564	1570	1511
alohali+aa+806.487+lam	1674	1633	1581	1548	1516	1494	1518	1544	1552	1440
alohali+ii+808.549+mym	2244	2301	2344	2370	2379	2296	2116	1975	1916	2286
alohali+uu+810.745+nwn	1741	1847	1842	1748	1603	1567	1627	1655	1680	1471
alohali+aa+812.678+ha\?g	1572	1517	1495	1477	1461	1445	1428	1420	1415	1433
alotaiq+uu+36.829+aSwl	1031	973	891	885	909	997	1098	1185	1228	878
alotaiq+aa+40.965+mwaTn	1112	1115	1162	1199	1217	1181	1148	1330	1490	1172
alotaiq+aa+43.229+awTan	1144	1160	1174	1185	1222	1286	1431	1544	1589	1326
alotaiq+aa+44.659+HaDr	1334	1294	1276	1254	1216	1182	1269	1276	1288	1149
alotaiq+aa+46.645+maD	1105	1168	1185	1208	1198	1160	1133	1161	1156	1100
alotaiq+aa+53.714+alfDa\?g	1012	1076	1130	1168	1198	1217	1237	1231	1214	1230
alotaiq+aa+55.917+baS	1145	1209	1221	1250	1257	1262	1387	1516	1557	1235
alotaiq+aa+57.448+antSar	1212	1215	1246	1265	1288	1292	1347	1414	1429	1302
alotaiq+aa+58.659+ratb	1237	1248	1255	1285	1354	1440	1475	1491	1511	1566
alotaiq+uu+59.954+fTwr	931	914	941	971	992	1016	1107	1168	1198	1066
alotaiq+aa+61.188+wasTh	912	960	1015	1078	1134	1162	1165	1240	1401	1222
alotaiq+aa+64.681+Tbabh	1145	1202	1222	1231	1198	1158	1120	1093	1083	1096
alotaiq+aa+65.986+anfSal	1195	1228	1259	1266	1250	1234	1214	1215	1212	1218
alotaiq+ii+66.972+hy	2208	2231	2251	2266	2292	2316	2345	2372	2388	2345
alotaiq+aa+68.421+balTa\?grh	1135	1169	1188	1207	1233	1285	1376	1471	1544	1336
alotaiq+uu+69.914+wDw\?g	974	997	977	948	925	909	920	961	1021	897
alotaiq+aa+70.898+tab	1488	1356	1334	1339	1338	1311	1259	1257	1242	1246
alotaiq+ii+72.040+tlyfwn	1842	1985	2043	2081	2085	2042	2015	1987	1888	1974
alotaiq+uu+72.219+tlyfwn	1031	1022	1026	1060	1141	1320	1473	1469	1508	1366
alotaiq+ii+74.709+qDyb	1372	1776	2035	2158	2194	2164	2155	2132	2112	2049
alotaiq+ii+76.070+jzyrh	1918	1970	1991	1977	1924	1837	1747	1660	1565	1720
alotaiq+aa+78.695+rDa\?g	1061	1077	1102	1131	1154	1172	1181	1202	1215	1180
alotaiq+uu+79.956+zhwr	1006	981	932	870	859	851	1063	1268	1330	927
alotaiq+aa+81.049+alnaSrh	1334	1313	1273	1253	1253	1270	1357	1606	1705	1263
alotaiq+aa+82.642+n\D-afh	986	1088	1134	1148	1148	1124	1215	1343	1360	1104
alotaiq+aa+83.829+ant\D-am	1009	1074	1136	1143	1120	1186	1515	1798	1898	986
alotaiq+ii+84.921+w\D-yfh	1534	1936	2155	2244	2267	2239	2234	2199	2176	2207
alotaiq+aa+90.378+mwa\D-bh	983	1032	1075	1087	1075	1048	1025	1215	1185	996
alotaiq+aa+92.015+tab\9e	1484	1387	1392	1402	1398	1380	1366	1384	1392	1334
alotaiq+aa+93.551+mna\D-r	1485	1365	1304	1259	1195	1127	1094	1101	1091	1038
alotaiq+uu+100.588+sTwr	957	925	908	872	855	873	911	1192	1243	902
alotaiq+ii+102.915+wsyTh	2029	2085	2121	2129	2060	1943	1903	1881	1879	1720
alotaiq+ii+104.582+n\D-yf	1585	1963	2153	2228	2225	2193	2151	2103	2082	2099
alotaiq+ii+105.623+mTyh	1416	1866	2169	2273	2301	2280	2218	2092	2048	2257
alotaiq+uu+109.124+\shrwT	1087	1020	982	952	931	910	967	1098	1124	887
alotaiq+aa+110.337+mtwaSl	1016	1061	1098	1118	1150	1169	1162	1260	1499	1197
alotaiq+ii+111.797+nSyb	1699	1958	2094	2151	2150	2096	2065	2014	1994	1980
alotaiq+uu+113.175+ftwr	1271	1182	1093	1027	985	957	1007	1239	1268	948
alotaiq+uu+114.319+fDwl	868	920	943	927	926	1001	1099	1156	1196	1103
alotaiq+ii+122.891+yTyr	1590	1886	2049	2102	2084	2009	1979	1920	1897	1909
alotaiq+aa+128.598+wsTy	1135	1159	1171	1172	1176	1179	1183	1216	1267	1137
alotaiq+aa+131.274+Tab\9e	1213	1220	1220	1214	1221	1221	1233	1242	1264	1222
alotaiq+aa+133.861+faSl	1182	1200	1204	1214	1219	1229	1219	1357	1439	1266
alotaiq+aa+135.146+alan	1464	1433	1409	1423	1454	1494	1495	1544	1557	1611
alotaiq+ii+136.262+fTyrh	1504	1732	1893	1995	2021	1987	1925	1840	1752	1931
alotaiq+uu+137.414+hw	1138	1102	1056	1027	981	940	901	863	847	889
alotaiq+aa+140.514+Samt	1255	1278	1281	1278	1271	1250	1406	1398	1414	1216
alotaiq+aa+141.528+maDy	1133	1206	1203	1187	1137	1082	1052	1098	1131	1004
alotaiq+ii+141.709+maDy	1213	1388	1690	1951	2117	2196	2198	2268	2256	2285
alotaiq+uu+142.897+mtwDy\?g	1063	1032	1033	1059	1081	1089	1078	1064	1060	1090
alotaiq+ii+143.108+mtwDy\?g	1409	1696	1961	2117	2215	2270	2288	2313	2326	2299
alotaiq+aa+144.253+fTam	1141	1165	1206	1212	1184	1396	1687	1777	1875	1348
alotaiq+uu+145.453+skwt	1193	1136	1073	1051	1096	1180	1250	1281	1302	1276
alotaiq+aa+146.752+msa\9edh	1726	1671	1644	1654	1631	1585	1545	1499	1463	1512
alotaiq+aa+150.922+sTam	1157	1180	1197	1186	1171	1152	1142	1184	1208	1132
alotaiq+ii+186.424+mSyr	2014	2120	2152	2139	2084	2034	1978	1940	1921	1894
alotaiq+aa+187.791+bsaTh	1226	1212	1193	1191	1183	1185	1249	1445	1584	1147
alotaiq+aa+189.027+mlabs	1382	1413	1402	1389	1380	1389	1426	1541	1563	1371
alotaiq+aa+192.376+ktab	1665	1589	1458	1380	1346	1316	1303	1331	1331	1284
alotaiq+aa+193.420+naDj	1568	1466	1366	1296	1210	1145	1185	1206	1214	1063
alotaiq+ii+194.806+sdyd	2113	2206	2249	2280	2280	2259	2252	2210	2200	2226
alotaiq+ii+196.122+wsyTh	2036	2126	2169	2101	1926	1773	1744	1730	1684	1510
alotaiq+uu+197.323+aSwl	958	978	987	978	957	902	852	832	833	871
alotaiq+ii+198.460+w\D-yfh	1269	1692	1999	2160	2221	2162	2087	1986	1897	2079
alotaiq+aa+202.897+mwaTn	943	977	1004	1035	1062	1065	1060	1059	1064	1038
alotaiq+aa+205.290+faSl	1130	1151	1159	1167	1168	1248	1568	1807	1928	1174
alotaiq+aa+206.478+naDj	1350	1276	1244	1195	1117	1044	1005	1013	1044	943
alotaiq+aa+209.930+fTam	1148	1158	1172	1181	1178	1157	1216	1266	1279	1122
alotaiq+aa+212.360+n\D-afh	1008	1083	1149	1186	1200	1171	1117	1296	1321	1133
alotaiq+aa+213.506+alnaSrh	1350	1331	1287	1246	1217	1225	1327	1574	1669	1222
alotaiq+aa+215.953+sTam	1191	1209	1208	1206	1213	1213	1209	1204	1201	1215
alotaiq+uu+217.032+fDwl	917	867	870	881	939	1011	1081	1124	1149	1120
alotaiq+aa+221.732+alfDa\?g	1001	1049	1108	1145	1173	1197	1219	1218	1223	1216
alotaiq+aa+224.060+ktab	1610	1512	1429	1380	1349	1308	1316	1326	1324	1233
alotaiq+ii+224.912+tlyfwn	2008	2040	2077	2092	2073	2043	2021	2007	2001	1991
alotaiq+uu+225.061+tlyfwn	977	981	988	1037	1112	1175	1192	1276	1292	1255
alotaiq+ii+226.284+mSyr	1812	2003	2100	2112	2051	1979	1955	1974	1972	1868
alotaiq+ii+227.469+sdyd	2011	2092	2150	2183	2180	2148	2124	2137	2131	2102
alotaiq+aa+228.587+mlabs	1414	1415	1393	1377	1370	1340	1344	1371	1378	1325
alotaiq+aa+229.740+alan	1501	1487	1450	1412	1420	1516	1678	1710	1760	1582
alotaiq+aa+230.607+baS	1117	1148	1163	1176	1190	1201	1244	1431	1467	1197
alotaiq+aa+231.864+ratb	1256	1259	1244	1253	1306	1360	1401	1454	1474	1468
alotaiq+aa+234.697+anfSal	1213	1221	1218	1230	1239	1236	1238	1247	1258	1235
alotaiq+ii+238.490+yTyr	1571	1993	2162	2190	2157	2089	2051	2019	2003	2014
alotaiq+uu+239.643+wDw\?g	910	956	945	910	883	859	850	888	1000	847
alotaiq+aa+242.288+tab	1552	1400	1350	1324	1303	1301	1335	1321	1327	1275
alotaiq+ii+243.732+qDyb	1274	1687	2029	2178	2212	2146	2096	2037	2011	2080
alotaiq+uu+245.919+zhwr	998	952	918	919	938	956	1229	1504	1588	990
alotaiq+aa+247.054+bsaTh	1162	1164	1139	1170	1190	1194	1186	1177	1171	1190
alotaiq+aa+249.332+ant\D-am	952	1082	1145	1148	1132	1223	1417	1412	1461	1077
alotaiq+aa+254.113+antSar	1217	1203	1197	1191	1190	1309	1500	1552	1613	1193
alotaiq+uu+255.245+skwt	1029	1016	1009	1045	1112	1185	1249	1297	1356	1282
alotaiq+aa+256.248+rDa\?g	989	1044	1090	1125	1148	1156	1153	1154	1131	1170
alotaiq+aa+257.206+tab\9e	1629	1504	1450	1429	1429	1418	1457	1487	1491	1401
alotaiq+uu+261.199+sTwr	975	917	890	899	919	945	1242	1412	1487	920
alotaiq+uu+261.956+hw	1141	1090	1055	1019	990	945	901	865	836	895
alotaiq+ii+263.006+n\D-yf	1276	1689	2023	2196	2239	2196	2129	2062	2031	2095
alotaiq+ii+265.128+mTyh	1496	1748	1959	2109	2205	2268	2297	2302	2291	2324
alotaiq+ii+266.234+jzyrh	1898	1953	1978	1977	1951	1877	1778	1661	1550	1792
alotaiq+uu+268.326+ftwr	1196	1097	1033	993	980	1031	1176	1378	1445	1045
alotaiq+uu+269.358+\shrwT	1006	967	948	903	854	801	1019	1225	1295	832
alotaiq+aa+270.451+mtwaSl	962	984	1014	1043	1077	1093	1179	1522	1735	1154
alotaiq+aa+271.403+Tbabh	1098	1156	1185	1195	1178	1146	1094	1065	1056	1081
alotaiq+aa+272.461+mna\D-r	1230	1222	1192	1161	1111	1057	1206	1257	1277	965
alotaiq+ii+273.671+nSyb	1375	1682	1915	2048	2102	2086	2080	2051	2040	2073
alotaiq+aa+274.525+Samt	1238	1225	1214	1216	1217	1215	1296	1309	1325	1217
alotaiq+uu+276.569+fTwr	966	978	965	961	976	1017	1032	1050	1060	1051
alotaiq+ii+277.441+hy	2153	2168	2200	2233	2260	2296	2340	2369	2375	2329
alotaiq+aa+279.440+mwa\D-bh	977	1004	1024	1032	1025	997	1100	1487	1756	961
alotaiq+aa+280.522+Tab\9e	1195	1225	1243	1252	1256	1252	1229	1214	1224	1242
alotaiq+ii+283.009+fTyrh	1819	1904	1980	1999	1985	1932	1855	1764	1668	1872
alotaiq+aa+285.315+maDy	1200	1221	1209	1192	1175	1150	1116	1113	1124	1114
alotaiq+ii+285.505+maDy	1288	1470	1713	1898	2033	2132	2202	2253	2255	2233
alotaiq+ii+286.689+Sdyd	1923	2065	2156	2208	2232	2187	2165	2138	2122	2138
alotaiq+uu+287.624+mtwDy\?g	1071	1050	1022	1019	1030	1033	1015	977	959	1038
alotaiq+ii+287.865+mtwDy\?g	1258	1355	1635	1926	2110	2218	2286	2289	2237	2320
alotaiq+aa+288.833+maD	1138	1180	1193	1191	1173	1139	1115	1105	1111	1076
alotaiq+ii+289.023+maD	1179	1282	1466	1691	1897	2053	2151	2210	2211	2203
alotaiq+aa+290.068+awTan	1061	1111	1145	1180	1214	1274	1345	1366	1386	1294
alotaiq+uu+290.999+aSwl	1043	1034	971	954	993	1022	1140	1173	1199	1079
alotaiq+uu+293.010+zhwr	1002	972	953	950	961	973	1037	1082	1103	1005
alotaiq+aa+294.162+mwaTn	975	1017	1082	1130	1157	1150	1133	1107	1144	1144
alotaiq+aa+295.074+maD	1096	1159	1175	1169	1141	1108	1475	1615	1670	1072
alotaiq+ii+295.285+maD	1327	1524	1768	1963	2092	2186	2237	2226	2219	2275
alotaiq+uu+297.387+mtwDy\?g	1015	999	1004	1005	1007	1003	986	942	902	1005
alotaiq+ii+297.651+mtwDy\?g	1390	1619	1876	2047	2148	2221	2255	2224	2161	2281
alotaiq+aa+298.337+faSl	1162	1187	1188	1192	1203	1213	1201	1365	1562	1226
alotaiq+uu+300.417+sTwr	973	959	897	879	893	944	982	1154	1196	912
alotaiq+ii+301.439+sdyd	2048	2120	2174	2209	2237	2231	2230	2184	2172	2220
alotaiq+aa+302.479+fTam	1115	1144	1165	1183	1182	1272	1508	1487	1536	1094
alotaiq+aa+303.507+alnaSrh	1431	1395	1354	1311	1280	1264	1383	1678	1804	1248
alotaiq+aa+304.909+anfSal	1225	1209	1209	1238	1259	1263	1264	1274	1273	1266
alotaiq+aa+305.834+baS	1116	1184	1198	1208	1212	1226	1410	1562	1622	1225
alotaiq+aa+306.970+rDa\?g	1014	1041	1105	1150	1176	1194	1204	1227	1250	1228
alotaiq+ii+308.161+hy	2317	2324	2336	2353	2364	2375	2391	2417	2439	2384
alotaiq+aa+309.187+sTam	1166	1181	1180	1180	1181	1290	1436	1528	1580	1183
alotaiq+aa+310.227+tab	1646	1523	1459	1425	1394	1375	1426	1469	1481	1298
alotaiq+ii+313.862+mTyh	1786	1942	2063	2148	2199	2233	2252	2266	2270	2267
alotaiq+aa+317.207+alfDa\?g	995	1051	1100	1129	1154	1168	1184	1188	1174	1194
alotaiq+aa+319.361+Tbabh	1057	1133	1182	1191	1182	1141	1095	1069	1055	1103
alotaiq+aa+322.379+naDj	1520	1426	1334	1257	1184	1111	1063	1053	1047	1033
alotaiq+ii+324.055+w\D-yfh	1711	1912	2055	2141	2200	2242	2263	2223	2167	2271
alotaiq+aa+325.216+awTan	1062	1069	1091	1110	1147	1194	1353	1374	1407	1273
alotaiq+uu+326.229+fTwr	909	886	905	923	936	953	1005	1167	1201	983
alotaiq+aa+327.093+alan	1533	1513	1469	1446	1431	1430	1438	1420	1420	1431
alotaiq+aa+328.893+ratb	1219	1212	1213	1233	1280	1350	1409	1456	1573	1434
alotaiq+aa+329.982+Tab\9e	1221	1227	1255	1266	1272	1268	1258	1238	1236	1265
alotaiq+uu+332.060+wDwh	942	949	927	899	881	873	875	923	1057	875
alotaiq+ii+333.976+yTyr	1604	1954	2103	2175	2189	2151	2081	2029	2003	2100
alotaiq+aa+335.032+balTa\?grh	1165	1171	1186	1204	1227	1263	1315	1389	1469	1309
alotaiq+aa+336.155+Samt	1169	1196	1203	1213	1230	1232	1234	1257	1259	1234
alotaiq+uu+337.058+hw	1108	1083	1038	999	952	907	859	927	927	857
alotaiq+aa+337.994+bsaTh	1222	1218	1201	1189	1189	1195	1194	1178	1155	1208
alotaiq+ii+339.929+qDyb	1239	1657	1983	2151	2203	2158	2105	2043	2017	2120
alotaiq+aa+340.732+n\D-afh	1012	1100	1151	1172	1187	1195	1196	1328	1382	1218
alotaiq+aa+341.813+ant\D-am	1087	1179	1201	1187	1150	1222	1490	1527	1587	1074
alotaiq+ii+342.666+jzyrh	1950	1986	2016	1999	1940	1847	1741	1696	1647	1731
alotaiq+ii+345.735+n\D-yf	1430	1774	2037	2215	2277	2256	2186	2123	2095	2193
alotaiq+uu+346.831+fDwl	786	856	890	867	864	934	1020	1076	1114	1044
alotaiq+uu+347.855+skwt	1036	1013	989	986	1021	1091	1168	1214	1248	1188
alotaiq+aa+348.886+mna\D-r	1348	1279	1227	1145	1047	998	1055	1098	1123	956
alotaiq+aa+351.941+mwa\D-bh	948	980	1019	1048	1058	1038	998	961	928	1026
alotaiq+aa+353.129+antSar	1163	1182	1194	1200	1200	1203	1344	1554	1610	1205
alotaiq+ii+354.169+mSyr	1520	1826	2025	2110	2118	2057	2003	1950	1925	2017
alotaiq+aa+355.140+tab\9e	1680	1610	1536	1488	1447	1431	1414	1387	1381	1408
alotaiq+ii+357.529+fTyrh	1821	1948	2032	2079	2087	2070	2016	1923	1854	2051
alotaiq+aa+360.634+mlabs	1331	1384	1379	1382	1389	1388	1365	1352	1345	1410
alotaiq+ii+361.727+Sdyd	1981	2094	2163	2199	2213	2207	2200	2178	2112	2195
alotaiq+aa+362.880+mtwaSl	1135	1064	1004	976	978	1002	1041	1079	1106	1035
alotaiq+aa+364.090+ktab	1651	1539	1433	1376	1343	1317	1291	1325	1349	1282
alotaiq+ii+373.213+nSyb	1779	1990	2119	2180	2202	2167	2108	2082	2039	2148
alotaiq+aa+374.477+maDy	1173	1203	1195	1183	1165	1138	1216	1298	1307	1106
alotaiq+ii+374.689+maDy	1370	1693	1931	2069	2163	2222	2226	2231	2201	2284
alotaiq+ii+376.992+wsyTh	2001	2164	2229	2236	2178	2044	1874	1815	1794	1918
alotaiq+uu+381.300+\shrwT	1035	999	981	951	916	901	1015	1108	1143	884
alotaiq+ii+382.785+tlyfwn	1922	1941	1964	1994	2005	1923	1833	1860	1882	1836
alotaiq+uu+382.965+tlyfwn	989	989	996	1015	1067	1123	1114	1153	1210	1218
alotaiq+uu+386.269+ftwr	1181	1080	1022	992	999	1020	1047	1126	1147	1062
alotaiq+aa+495.201+ba\?g	1378	1436	1449	1447	1438	1428	1420	1416	1418	1414
alotaiq+ii+497.840+jym	2201	2325	2403	2445	2489	2363	2016	1757	1616	2217
alotaiq+aa+501.642+\dhal	1501	1485	1406	1394	1407	1420	1438	1465	1471	1429
alotaiq+aa+502.638+ra\?g	1163	1121	1143	1156	1178	1193	1211	1247	1256	1214
alotaiq+ii+505.062+syn	2100	2238	2363	2415	2418	2379	2316	2114	2070	2350
alotaiq+ii+505.999+\shyn	2215	2262	2334	2428	2438	2372	2213	2119	2055	2226
alotaiq+aa+507.111+Sad	1224	1234	1251	1276	1361	1472	1581	1707	1755	1632
alotaiq+aa+508.099+Dad	1084	1126	1181	1221	1290	1397	1458	1457	1481	1501
alotaiq+aa+509.398+Ta\?g	1088	1100	1104	1125	1151	1173	1186	1260	1273	1179
alotaiq+aa+510.514+\D-a\?g	1147	1153	1157	1171	1181	1196	1209	1212	1309	1210
alotaiq+aa+513.146+fa\?g	1396	1389	1389	1391	1384	1376	1377	1385	1386	1376
alotaiq+aa+515.727+lam	1414	1441	1445	1435	1423	1405	1433	1406	1400	1402
alotaiq+ii+516.686+mym	2067	2216	2274	2308	2319	2276	2211	2151	2126	2246
alotaiq+uu+517.619+nwn	1532	1290	1170	1116	1150	1234	1293	1371	1401	1375
mohammed+uu+37.810+aSwl	969	956	926	874	921	1103	1287	1337	1389	1205
mohammed+aa+41.930+mwaTn	993	1239	1157	1092	1130	1165	1134	1094	1069	1174
mohammed+aa+44.033+awTan	1174	1162	1290	1325	1356	1422	1489	1529	1549	1521
mohammed+aa+48.583+maD	1391	1350	1221	1223	1202	1161	1099	1126	1116	1125
mohammed+aa+61.715+alfDa\?g	1108	1139	1108	1063	1065	1071	1087	1092	1091	1058
mohammed+aa+66.291+baS	990	1099	1166	1184	1197	1204	1226	1271	1284	1236
mohammed+aa+68.743+antSar	1216	1176	1105	1104	1132	1158	1228	1258	1278	1158
mohammed+aa+71.386+ratb	1224	1298	1334	1385	1453	1490	1464	1447	1443	1588
mohammed+uu+74.628+fTwr	1033	982	949	929	901	888	868	857	868	860
mohammed+aa+88.416+wasTh	974	1018	1144	1280	1381	1418	1430	1440	1477	1409
mohammed+aa+100.358+Tbabh	1264	1282	1394	1397	1370	1340	1320	1309	1307	1308
mohammed+aa+103.737+anfSal	1254	1260	1261	1256	1272	1239	1241	1251	1247	1306
mohammed+ii+106.076+hy	2140	2137	2115	2134	2176	2206	2168	2107	2009	2240
mohammed+aa+108.584+balTa\?grh	1116	1176	1196	1212	1261	1290	1350	1403	1449	1288
mohammed+uu+111.351+wDw\?g	962	916	878	830	797	787	801	829	844	786
mohammed+aa+114.027+tab	1716	1615	1489	1429	1392	1322	1324	1311	1302	1234
mohammed+ii+116.742+tlyfwn	1943	1971	2030	2053	2024	1960	1907	1888	1889	1892
mohammed+uu+116.938+tlyfwn	960	1021	1019	1384	1609	1624	1580	1560	1512	1333
mohammed+ii+119.555+qDyb	1692	2047	2262	2310	2291	2183	2140	2096	2060	2128
mohammed+ii+122.125+jzyrh	1980	2075	2103	2103	2120	2103	2020	1892	1808	2099
mohammed+aa+127.152+rDa\?g	1009	1050	1037	1015	1023	1039	1052	1043	1044	1057
mohammed+uu+129.678+zhwr	894	882	794	740	784	823	900	943	958	826
mohammed+aa+131.865+alnaSrh	1578	1488	1367	1329	1258	1222	1201	1233	1365	1179
mohammed+aa+134.193+n\D-afh	1142	1224	1249	1214	1180	1159	1147	1202	1247	1174
mohammed+aa+137.117+ant\D-am	1187	1191	1177	1202	1205	1255	1238	1240	1240	1377
mohammed+ii+139.559+w\D-yfh	1721	1997	2176	2251	2264	2214	2106	2044	1998	2227
mohammed+aa+147.480+mwa\D-bh	963	1019	1292	1360	1269	1200	1155	1159	1158	1124
mohammed+aa+153.367+mna\D-r	1590	1479	1427	1326	1237	1181	1156	1162	1157	1136
mohammed+uu+162.000+sTwr	981	960	904	856	846	896	1129	1237	1310	964
mohammed+ii+164.836+wsyTh	2064	2115	2151	2185	2128	2013	1970	1907	1929	1811
mohammed+ii+167.908+n\D-yf	1878	2198	2298	2387	2456	2380	2225	2101	2034	2293
mohammed+ii+170.687+mTyh	1775	2053	2290	2375	2418	2326	2372	2421	2442	1743
mohammed+uu+176.225+\shrwT	1086	1054	917	882	869	895	907	934	949	944
mohammed+aa+178.976+mtwaSl	901	965	1083	1115	1133	1134	1198	1287	1325	1096
mohammed+ii+182.130+nSyb	2057	2183	2271	2335	2352	2267	2216	2148	2115	2092
mohammed+uu+184.843+ftwr	1231	1085	931	875	890	949	1050	1139	1172	1034
mohammed+uu+187.292+fDwl	895	927	907	847	897	1061	1318	1424	1510	1288
mohammed+ii+196.267+yTyr	2065	2336	2303	2400	2345	2318	2160	2067	1967	2230
mohammed+aa+210.665+Tab\9e	1169	1198	1201	1161	1128	1124	1139	1200	1212	1133
mohammed+aa+217.711+faSl	1177	1224	1363	1362	1285	1215	1192	1188	1187	1201
mohammed+aa+220.749+alan	1619	1519	1485	1530	1596	1622	1658	1672	1684	1649
mohammed+uu+226.666+hw	788	737	658	616	617	635	653	706	763	694
mohammed+aa+232.679+Samt	1071	1078	1113	1158	1175	1171	1174	1225	1231	1133
mohammed+aa+235.739+maDy	977	1042	1156	1189	1143	1085	1047	1089	1091	1014
mohammed+ii+236.031+maDy	1665	2032	2311	2332	2434	2407	2400	2415	2383	2408
mohammed+aa+241.517+fTam	1153	1139	1163	1161	1114	1165	1193	1202	1230	1051
mohammed+uu+244.178+skwt	969	915	914	907	982	1135	1235	1219	1244	1320
mohammed+aa+246.588+msa\9edh	1703	1602	1551	1535	1521	1523	1538	1562	1584	1531
mohammed+aa+256.759+sTam	1209	1359	1355	1198	1177	1118	1108	1132	1149	997
mohammed+ii+259.353+mSyr	1874	2095	2173	2237	2264	2247	2180	2073	2043	2217
mohammed+aa+262.251+bsaTh	1615	1487	1441	1420	1358	1292	1262	1254	1293	1165
mohammed+aa+264.851+mlabs	1760	1700	1639	1585	1539	1495	1476	1490	1488	1479
mohammed+aa+270.235+ktab	1961	1671	1534	1469	1440	1383	1360	1344	1330	1309
mohammed+aa+273.075+naDj	1652	1458	1405	1362	1261	1176	1132	1090	1073	1063
mohammed+ii+276.639+sdyd	2098	2194	2226	2276	2302	2340	2216	2033	1986	2365
mohammed+ii+279.510+wsyTh	2059	2102	2129	2146	2147	2102	1998	1911	1860	2072
mohammed+uu+282.344+aSwl	949	813	793	786	859	973	1126	1242	1290	1089
mohammed+ii+284.863+w\D-yfh	1647	2025	2140	2182	2214	2168	2080	1981	1923	2133
mohammed+aa+293.008+mwaTn	1007	1179	1316	1316	1285	1218	1164	1162	1153	1182
mohammed+aa+299.126+faSl	1181	1312	1269	1224	1241	1252	1223	1253	1255	1290
mohammed+aa+302.099+naDj	1543	1381	1341	1389	1333	1236	1147	1111	1080	1091
mohammed+aa+311.358+fTam	1192	1215	1177	1126	1091	1142	1160	1177	1199	1214
mohammed+aa+317.563+n\D-afh	1125	1204	1210	1202	1220	1201	1180	1210	1201	1145
mohammed+aa+320.204+alnaSrh	1617	1549	1430	1350	1326	1284	1380	1524	1546	1228
mohammed+aa+328.989+sTam	1108	1300	1349	1367	1340	1303	1230	1202	1194	1090
mohammed+uu+332.223+fDwl	1029	1020	904	855	918	1083	1138	1256	1308	1304
mohammed+aa+341.209+alfDa\?g	1101	1156	1179	1157	1134	1123	1125	1124	1125	1136
mohammed+aa+347.962+ktab	1812	1713	1596	1498	1429	1382	1323	1293	1279	1354
mohammed+ii+351.067+tlyfwn	1982	2065	2094	2116	2066	2007	1947	1898	1867	1933
mohammed+uu+351.257+tlyfwn	1006	832	1309	1409	1285	1159	1221	1216	1261	1083
mohammed+ii+354.235+mSyr	2097	2251	2354	2400	2314	2113	1965	1875	1796	1556
mohammed+ii+357.176+sdyd	2195	2300	2364	2445	2464	2432	2423	2341	2317	2346
mohammed+aa+360.209+mlabs	1701	1703	1633	1542	1482	1427	1401	1404	1408	1399
mohammed+aa+363.410+alan	1569	1526	1531	1531	1525	1571	1604	1626	1658	1629
mohammed+aa+365.794+baS	1166	1209	1195	1175	1166	1173	1257	1306	1332	1206
mohammed+aa+373.531+wasTh	1146	1236	1251	1264	1310	1396	1413	1410	1401	1488
mohammed+aa+378.356+anfSal	1194	1184	1155	1136	1136	1153	1136	1117	1110	1210
mohammed+ii+388.710+yTyr	1906	2117	2180	2259	2149	2105	2050	1962	1961	2117
mohammed+uu+391.943+wDw\?g	991	886	880	855	815	792	791	813	839	779
mohammed+aa+395.346+balTa\?grh	1111	1115	1162	1218	1268	1263	1286	1353	1402	1215
mohammed+aa+398.268+tab	1750	1580	1494	1451	1413	1366	1330	1298	1285	1313
mohammed+aa+399.952+tab	1653	1545	1442	1388	1348	1302	1279	1250	1236	1238
mohammed+ii+402.833+qDyb	1697	2077	2082	2004	1781	1711	1601	1547	1497	1787
mohammed+uu+408.362+zhwr	828	798	792	800	799	832	855	887	911	890
mohammed+aa+411.056+bsaTh	1502	1406	1372	1336	1277	1224	1200	1194	1204	1136
mohammed+aa+416.835+ant\D-am	1040	1222	1554	1298	1149	1098	1130	1161	1194	1340
mohammed+aa+427.673+antSar	1141	1177	1162	1118	1098	1083	1067	1027	1022	1062
mohammed+uu+430.933+skwt	843	844	895	939	1022	1146	1161	1150	1161	1407
mohammed+aa+433.588+rDa\?g	1123	1169	1140	1118	1083	1078	1077	1058	1063	1062
mohammed+aa+436.114+tab\9e	1747	1670	1554	1484	1436	1411	1410	1398	1414	1407
mohammed+uu+443.673+sTwr	1002	947	918	866	840	868	1040	1139	1198	920
mohammed+uu+446.034+hw	930	805	784	764	717	694	713	720	729	651
mohammed+ii+449.896+n\D-yf	1845	2047	1963	2085	2304	2324	2232	2114	2059	2259
mohammed+ii+455.143+mTyh	1786	2114	2228	2146	2112	2222	2361	2314	2283	2532
mohammed+ii+457.572+jzyrh	2183	2306	2316	2348	2339	2291	2182	2014	1847	2237
mohammed+uu+462.124+ftwr	1267	1092	939	873	876	915	1064	1147	1192	966
mohammed+uu+464.533+\shrwT	951	908	899	886	912	961	1036	1227	1271	1000
mohammed+aa+466.882+mtwaSl	983	1025	1024	1138	1191	1210	1222	1265	1318	1169
mohammed+aa+471.865+Tbabh	1328	1368	1365	1363	1348	1307	1287	1282	1274	1260
mohammed+aa+473.193+Tbabh	1461	1453	1420	1388	1359	1309	1293	1272	1262	1249
mohammed+aa+481.371+mna\D-r	1537	1418	1295	1178	1117	1071	1055	1094	1093	1063
mohammed+ii+484.147+nSyb	2258	2249	2258	2316	2320	2135	1967	1816	1721	1807
mohammed+aa+486.303+Samt	1006	1091	1099	1158	1217	1206	1220	1237	1250	1223
mohammed+uu+491.690+fTwr	1060	1021	972	932	918	980	1163	1267	1332	953
mohammed+ii+494.526+hy	2003	2163	2131	2164	2157	2061	1932	1797	1735	2012
mohammed+aa+504.273+mwa\D-bh	1031	1052	1075	1176	1255	1243	1212	1194	1161	1155
mohammed+aa+506.995+Tab\9e	1307	1296	1200	1224	1229	1213	1210	1197	1201	1211
mohammed+ii+511.950+fTyrh	1880	2079	2166	2275	2345	2338	2258	2127	1970	2345
mohammed+aa+513.820+maDy	1093	1309	1342	1321	1224	1114	1066	1038	1015	995
mohammed+ii+514.098+maDy	1877	2224	2121	2259	2376	2476	2389	2385	2373	2460
mohammed+ii+516.279+Sdyd	2184	2344	2404	2461	2504	2521	2384	2286	2254	2548
mohammed+ii+518.860+mtwDy\?g	1461	1563	1621	1629	1643	1644	1648	1651	1646	1651
mohammed+aa+520.790+maD	953	1318	1328	1329	1240	1149	1118	1132	1140	1053
mohammed+aa+523.950+maD	1072	1242	1259	1194	1108	1198	1246	1228	1267	1029
mohammed+aa+526.562+awTan	1054	1393	1456	1400	1395	1396	1492	1548	1586	1400
mohammed+uu+528.997+aSwl	1035	990	899	818	824	945	1096	1179	1243	1096
mohammed+uu+533.648+zhwr	846	833	818	813	799	802	794	810	829	823
mohammed+aa+535.683+mwaTn	1163	1280	1440	1407	1301	1192	1144	1153	1172	1110
mohammed+aa+539.017+maD	1100	1295	1253	1268	1355	1295	1235	1230	1197	1193
mohammed+aa+540.108+maD	967	1007	1104	1077	999	993	1053	1138	1167	1014
mohammed+aa+547.879+faSl	1130	1298	1413	1381	1311	1259	1234	1289	1299	1230
mohammed+uu+552.561+sTwr	1038	991	950	909	893	909	1000	1064	1095	935
mohammed+ii+554.866+sdyd	2270	2337	2416	2460	2450	2398	2345	2109	2033	2294
mohammed+aa+557.347+fTam	1055	1147	1265	1242	1122	1088	1085	1086	1104	1103
mohammed+aa+561.433+alnaSrh	1482	1397	1280	1192	1135	1180	1377	1584	1694	1141
mohammed+aa+564.132+anfSal	1305	1261	1229	1224	1254	1297	1333	1344	1354	1323
mohammed+aa+566.261+baS	1071	1095	1156	1172	1182	1197	1197	1252	1264	1212
mohammed+aa+568.664+rDa\?g	1161	1179	1130	1076	1054	1055	1053	1054	1056	1046
mohammed+ii+571.022+hy	2006	2022	2096	2166	2198	2184	2089	1961	1894	2161
mohammed+aa+573.167+sTam	1246	1402	1344	1271	1191	1117	1067	1054	1030	994
mohammed+aa+575.572+tab	1683	1530	1467	1410	1376	1332	1301	1282	1269	1307
mohammed+ii+582.031+mTyh	1740	2186	2316	2453	2508	2584	2585	2567	2566	2568
mohammed+aa+590.396+alfDa\?g	1169	1174	1216	1214	1200	1179	1167	1133	1126	1160
mohammed+aa+599.382+Tbabh	1428	1358	1353	1358	1357	1324	1308	1279	1265	1270
mohammed+aa+600.586+Tbabh	1178	1257	1302	1314	1313	1289	1266	1262	1253	1265
mohammed+ii+609.807+w\D-yfh	1708	2239	2506	2530	2529	2372	2225	2120	2056	2219
mohammed+aa+774.074+lam	1775	1750	1597	1487	1399	1378	1357	1342	1346	1408
mohammed+ii+775.317+mym	2022	1901	2294	2379	2256	2131	1848	1681	1675	2315
mohammed+uu+776.529+nwn	1614	1255	1028	916	988	1216	1464	1579	1676	1550
naif1+uu+15.644+aSwl	1134	1429	2116	1608	1042	825	813	1039	1170	834
naif1+aa+19.667+mwaTn	815	949	1000	1016	1018	1015	1016	1044	1133	1011
naif1+aa+21.401+awTan	1006	1025	1080	1142	1214	1277	1346	1384	1402	1355
naif1+aa+24.473+maD	1093	1137	1149	1132	1087	1018	964	952	931	944
naif1+aa+31.452+alfDa\?g	906	919	958	968	984	1004	1029	1052	1060	1042
naif1+aa+34.440+baS	1117	1129	1126	1117	1085	1154	1435	1494	1589	1084
naif1+aa+36.611+antSar	1069	1093	1076	1063	1063	1046	1028	1217	1421	1042
naif1+aa+38.078+ratb	1189	1203	1233	1281	1317	1378	1395	1351	1293	1428
naif1+uu+40.162+fTwr	758	702	617	604	623	690	777	914	969	792
naif1+aa+41.591+wasTh	894	985	1057	1096	1108	1085	1196	1346	1436	1095
naif1+aa+43.496+Tbabh	1266	1259	1267	1261	1244	1224	1195	1199	1195	1228
naif1+aa+45.302+anfSal	1055	1104	1118	1140	1181	1208	1213	1198	1197	1245
naif1+ii+47.222+hy	2127	1981	2044	2063	2070	2056	2007	1941	1860	2037
naif1+aa+49.150+balTa\?grh	968	1003	1024	1025	1078	1189	1343	1486	1543	1279
naif1+uu+50.869+wDw\?g	643	601	621	613	580	663	963	1100	1199	565
naif1+aa+52.505+tab	1298	1314	1299	1285	1275	1270	1260	1323	1332	1299
naif1+ii+54.408+tlyfwn	1917	1941	1956	1984	1996	1994	1970	1900	1864	1941
naif1+uu+54.585+tlyfwn	797	789	796	912	1031	1176	1311	1365	1389	1235
naif1+ii+56.314+qDyb	1283	1640	1852	1968	2009	1996	1936	1874	1851	1951
naif1+ii+58.213+jzyrh	1663	1764	1846	1915	1951	1948	1904	1816	1701	1935
naif1+aa+62.145+rDa\?g	988	1082	1091	1080	1082	1094	1097	1171	1187	1120
naif1+uu+64.048+zhwr	1868	2002	1520	1015	815	875	1113	1234	1293	889
naif1+aa+65.856+alnaSrh	1363	1407	1326	1267	1214	1187	1307	1460	1528	1148
naif1+aa+67.873+n\D-afh	936	1007	1031	1051	1068	1069	1329	1429	1481	1077
naif1+aa+69.963+ant\D-am	879	1011	1062	1070	1115	1144	1227	1279	1300	1199
naif1+ii+71.925+w\D-yfh	1092	1513	1886	2002	2020	2018	1992	1994	1986	1993
naif1+aa+77.720+mwa\D-bh	993	1045	1063	1048	1017	966	1052	1016	1010	880
naif1+aa+79.597+tab\9e	1524	1390	1344	1323	1325	1322	1302	1343	1347	1350
naif1+aa+81.573+mna\D-r	1446	1432	1342	1276	1207	1072	985	969	939	897
naif1+uu+88.454+sTwr	808	799	751	751	792	926	1150	1299	1374	922
naif1+ii+90.159+wsyTh	1636	1787	1871	1883	1821	1703	1694	1655	1637	1552
naif1+ii+92.073+n\D-yf	1257	1555	1753	1869	1923	1898	1881	1849	1831	1862
naif1+ii+93.909+mTyh	1380	1751	1955	2061	2134	2176	2166	2121	2110	2222
naif1+uu+98.078+\shrwT	755	724	754	790	829	876	1043	1128	1177	866
naif1+aa+99.929+mtwaSl	948	1004	1056	1081	1090	1094	1073	1288	1344	1113
naif1+ii+101.795+nSyb	1592	1794	1925	1997	2025	2002	1946	1945	1931	2010
naif1+uu+104.608+ftwr	825	830	769	684	740	798	939	1115	1161	898
naif1+uu+106.417+fDwl	804	777	704	680	717	853	1022	1119	1184	1022
naif1+ii+111.923+yTyr	1504	1751	1906	1980	2002	1991	1950	1918	1904	1980
naif1+aa+119.890+Tab\9e	917	996	1012	1050	1096	1124	1104	1112	1110	1179
naif1+aa+123.135+faSl	1081	1116	1132	1130	1110	1082	1261	1498	1564	1051
naif1+aa+124.835+alan	1474	1447	1444	1431	1433	1464	1495	1505	1520	1525
naif1+ii+126.451+fTyrh	1515	1798	1949	2020	2030	1989	1869	1793	1756	1960
naif1+uu+128.062+hw	600	604	635	637	572	592	676	768	833	597
naif1+aa+132.928+maDy	1141	1207	1197	1178	1125	1019	999	991	972	939
naif1+ii+133.238+maDy	1502	1639	1774	1912	2007	2065	2085	2006	1888	2109
naif1+ii+135.129+mtwDy\?g	1303	1374	1461	1563	1638	1697	1758	1814	1860	1737
naif1+aa+136.898+fTam	954	996	1035	1080	1127	1160	1186	1212	1225	1180
naif1+uu+139.948+skwt	800	805	757	755	801	873	1025	1218	1301	939
naif1+aa+147.010+sTam	950	1008	1025	1048	1103	1157	1222	1285	1312	1221
naif1+ii+148.942+mSyr	1643	1930	2061	2112	2135	2103	2013	1940	1903	2078
naif1+aa+150.697+bsaTh	1081	1130	1107	1102	1105	1070	1029	1029	1017	1058
naif1+aa+152.328+mlabs	1466	1450	1396	1394	1393	1360	1339	1354	1347	1322
naif1+ii+154.344+Sdyd	1931	2004	2044	2084	2123	2107	2054	1941	1908	2082
naif1+aa+157.468+ktab	1695	1551	1472	1433	1399	1373	1355	1345	1343	1362
naif1+aa+158.938+naDj	1396	1344	1313	1287	1240	1145	1076	1030	1001	1033
naif1+ii+160.759+sdyd	1960	2017	2071	2112	2132	2098	1965	1962	1933	2093
naif1+ii+164.413+wsyTh	1660	1838	1942	1970	1942	1838	1731	1686	1645	1704
naif1+uu+166.490+aSwl	903	932	842	850	892	857	839	823	832	745
naif1+ii+168.372+w\D-yfh	1387	1812	2002	2052	2039	1989	1930	1862	1836	1911
naif1+aa+173.103+mwaTn	1028	1086	1117	1105	1091	1055	1010	1129	1143	1027
naif1+aa+175.648+faSl	1044	1101	1099	1079	1064	1169	1391	1445	1527	1164
naif1+aa+177.205+naDj	1409	1357	1256	1223	1190	1147	1157	1187	1190	1021
naif1+aa+181.962+fTam	962	1030	1065	1078	1112	1144	1219	1265	1286	1178
naif1+aa+185.348+n\D-afh	877	983	1059	1079	1082	1149	1370	1583	1660	1113
naif1+aa+187.111+alnaSrh	1311	1279	1264	1227	1176	1138	1222	1494	1554	1044
naif1+aa+190.769+sTam	961	1063	1089	1102	1119	1125	1132	1143	1147	1124
naif1+uu+192.240+fDwl	808	762	688	725	764	823	936	1045	1087	840
naif1+aa+197.016+alfDa\?g	982	987	978	978	1004	1056	1083	1125	1164	1144
naif1+aa+200.450+ktab	1614	1490	1407	1349	1323	1307	1311	1325	1329	1287
naif1+ii+202.258+tlyfwn	1616	1640	1656	1625	1556	1466	1445	1485	1558	1378
naif1+uu+202.439+tlyfwn	834	804	822	830	861	953	1063	1138	1181	1100
naif1+ii+204.165+mSyr	1544	1865	1973	1991	1985	1922	1954	1948	1938	1847
naif1+ii+205.872+sdyd	2009	2072	2099	2105	2097	2056	1994	1974	1949	2015
naif1+aa+207.661+mlabs	1514	1415	1379	1383	1393	1372	1356	1377	1371	1371
naif1+aa+209.371+alan	1453	1433	1418	1405	1416	1449	1443	1457	1465	1529
naif1+aa+210.856+baS	1151	1135	1139	1159	1168	1180	1447	1509	1573	1116
naif1+aa+212.608+ratb	1159	1170	1184	1212	1269	1328	1306	1306	1417	1358
naif1+aa+214.239+wasTh	1100	1129	1131	1129	1127	1126	1283	1481	1578	1116
naif1+aa+216.334+anfSal	1096	1162	1158	1144	1145	1187	1228	1264	1284	1250
naif1+ii+221.796+yTyr	1499	1784	1950	2020	2044	2035	1992	1995	1983	2024
naif1+uu+223.555+wDw\?g	810	788	793	749	682	667	701	790	817	690
naif1+aa+225.450+balTa\?grh	1081	1107	1125	1159	1189	1262	1370	1493	1537	1330
naif1+aa+227.372+tab	1496	1444	1390	1360	1358	1332	1305	1292	1280	1337
naif1+ii+229.359+qDyb	1398	1737	1922	2002	2033	2004	2013	2007	2001	2002
naif1+uu+232.715+zhwr	1344	1615	985	667	704	773	896	1028	1066	863
naif1+aa+234.366+bsaTh	1069	1151	1155	1142	1123	1072	1024	1156	1163	1038
naif1+aa+237.602+ant\D-am	1024	1131	1151	1149	1156	1195	1271	1324	1353	1251
naif1+aa+244.170+antSar	1032	1138	1119	1105	1104	1094	1224	1276	1305	1088
naif1+uu+245.929+skwt	739	723	641	644	700	818	991	1093	1148	936
naif1+aa+247.733+rDa\?g	989	1093	1105	1115	1117	1117	1121	1263	1284	1107
naif1+aa+249.260+tab\9e	1767	1335	1330	1332	1334	1310	1311	1379	1381	1257
naif1+uu+257.575+sTwr	840	826	830	832	844	879	1098	1190	1253	935
naif1+uu+259.139+hw	774	798	795	766	739	709	754	815	882	568
naif1+ii+260.691+n\D-yf	1125	1496	1795	1924	1967	1969	1945	1916	1903	1925
naif1+ii+264.083+mTyh	1186	1509	1768	1929	2026	2089	2126	2134	2144	2156
naif1+ii+265.839+jzyrh	1718	1789	1862	1915	1923	1847	1704	1546	1490	1771
naif1+uu+269.794+ftwr	970	762	777	777	759	761	772	799	810	763
naif1+uu+271.422+\shrwT	742	755	698	657	624	614	685	717	730	498
naif1+aa+273.251+mtwaSl	945	1020	1051	1067	1077	1055	1188	1423	1473	1009
naif1+aa+275.056+Tbabh	1163	1216	1222	1214	1216	1200	1170	1164	1153	1196
naif1+aa+276.872+mna\D-r	1328	1316	1251	1216	1178	1106	1063	1061	1042	1001
naif1+ii+278.632+nSyb	1602	1884	2002	2046	2053	2025	1962	1941	1920	1983
naif1+aa+280.014+Samt	1097	1127	1131	1141	1144	1167	1255	1296	1323	1173
naif1+uu+283.803+fTwr	813	761	722	719	779	816	906	978	1004	870
naif1+ii+285.283+hy	2026	2071	2030	2030	2031	2002	1936	1846	1779	1966
naif1+aa+289.112+mwa\D-bh	1044	1092	1110	1132	1126	1074	1036	989	967	1003
naif1+ii+294.105+fTyrh	1396	1640	1831	1932	1964	1942	1839	1695	1642	1933
naif1+aa+295.592+maDy	1142	1209	1198	1181	1137	1051	1047	1048	1034	896
naif1+ii+295.903+maDy	1637	1760	1855	1932	1984	2024	2023	2016	1881	2055
naif1+ii+297.314+Sdyd	1879	1924	1954	1989	2015	2019	2015	1975	1966	2020
naif1+ii+299.231+mtwDy\?g	1453	1584	1695	1782	1846	1899	1928	1886	2050	1972
naif1+aa+300.641+maD	1111	1176	1175	1154	1127	1070	1019	999	973	986
naif1+aa+302.417+awTan	1044	1151	1162	1171	1185	1243	1323	1344	1375	1321
naif1+uu+307.713+aSwl	766	721	699	659	631	645	724	850	887	670
naif1+uu+310.583+zhwr	865	833	832	827	809	793	799	793	1004	725
naif1+aa+311.738+mwaTn	896	1002	1055	1063	1058	1049	1010	1102	1115	1047
naif1+aa+312.935+maD	1063	1184	1182	1171	1154	1086	1045	1035	1012	1004
naif1+ii+316.739+mtwDy\?g	1461	1543	1625	1734	1829	1883	1966	1979	1894	1934
naif1+aa+317.944+faSl	1127	1129	1098	1093	1090	1074	1197	1287	1317	1055
naif1+uu+320.948+sTwr	741	814	839	839	800	818	956	1098	1148	877
naif1+ii+322.677+sdyd	2036	2070	2102	2124	2141	2118	2096	2054	2034	2111
naif1+aa+325.223+fTam	922	994	1016	1041	1076	1106	1157	1177	1190	1125
naif1+aa+326.921+alnaSrh	1341	1253	1193	1181	1161	1133	1212	1407	1443	1033
naif1+aa+328.818+anfSal	1032	1081	1086	1106	1140	1184	1188	1203	1210	1250
naif1+aa+330.075+baS	1131	1159	1147	1119	1085	1078	1358	1466	1543	1025
naif1+aa+331.598+rDa\?g	925	971	993	1006	1034	1060	1074	1111	1117	1101
naif1+ii+333.051+hy	2035	2057	2129	1974	1988	1960	1948	1877	1823	2043
naif1+aa+334.534+sTam	939	998	1051	1085	1107	1129	1106	1183	1196	1141
naif1+aa+335.740+tab	1455	1341	1340	1333	1329	1306	1270	1265	1257	1336
naif1+ii+340.235+mTyh	1226	1610	1891	2032	2106	2111	2051	2023	1996	2107
naif1+aa+345.128+alfDa\?g	900	1038	1058	1042	1041	1057	1044	1178	1203	1093
naif1+aa+348.256+Tbabh	1186	1233	1219	1202	1221	1203	1211	1227	1222	1178
naif1+aa+351.991+naDj	1335	1236	1191	1164	1146	1092	1035	1023	1002	1014
naif1+aa+353.448+HaDr	1322	1233	1190	1152	1093	1019	945	937	919	934
naif1+ii+354.921+w\D-yfh	1334	1674	1887	1978	2005	1995	1941	1974	1965	1942
naif1+aa+356.566+awTan	948	1014	1029	1049	1110	1211	1290	1336	1367	1343
naif1+uu+358.722+fTwr	836	821	787	717	679	679	701	741	770	694
naif1+aa+360.285+alan	1379	1361	1363	1373	1412	1449	1489	1510	1524	1542
naif1+aa+363.417+ratb	1035	1139	1165	1174	1208	1289	1373	1369	1386	1398
naif1+aa+364.879+Tab\9e	962	1013	1066	1085	1101	1118	1141	1190	1205	1170
naif1+aa+366.350+wasTh	970	1042	1104	1124	1124	1134	1290	1493	1581	1154
naif1+uu+367.869+wDwh	750	769	764	745	724	710	715	726	731	673
naif1+ii+370.936+yTyr	1534	1813	1947	1998	2011	1972	1906	1889	1864	1931
naif1+aa+373.226+balTa\?grh	974	1071	1101	1139	1183	1276	1404	1509	1556	1365
naif1+aa+374.593+Samt	1075	1086	1094	1130	1149	1159	1220	1270	1289	1115
naif1+uu+376.146+hw	673	753	733	707	705	732	790	853	914	757
naif1+aa+377.563+bsaTh	1086	1086	1083	1076	1059	1004	1117	1338	1382	952
naif1+ii+380.062+qDyb	1190	1511	1725	1863	1950	1988	2003	1987	1978	2035
naif1+aa+381.297+n\D-afh	870	962	999	1005	1017	1039	1041	1355	1401	1066
naif1+aa+382.686+ant\D-am	833	954	1006	1045	1086	1155	1209	1245	1269	1210
naif1+ii+383.977+jzyrh	1742	1826	1873	1904	1916	1894	1826	1717	1593	1885
naif1+ii+387.984+n\D-yf	1102	1528	1798	1907	1956	1974	1934	1902	1892	1995
naif1+uu+389.375+fDwl	886	833	806	763	785	891	1020	1119	1181	1096
naif1+uu+390.971+skwt	687	856	851	839	824	797	800	825	868	765
naif1+aa+392.341+mna\D-r	1355	1283	1238	1202	1139	1043	1006	995	979	912
naif1+aa+396.938+mwa\D-bh	1199	1118	1112	1090	1033	976	944	924	912	882
naif1+aa+398.777+antSar	1002	1065	1081	1076	1058	1031	1066	1168	1185	999
naif1+ii+400.086+mSyr	1597	1813	1958	2026	2048	2048	2006	1941	1921	2063
naif1+aa+401.400+tab\9e	1470	1360	1334	1304	1294	1282	1286	1324	1328	1286
naif1+ii+404.727+fTyrh	1357	1586	1724	1793	1816	1795	1719	1598	1538	1771
naif1+aa+409.119+mlabs	1406	1389	1361	1343	1344	1328	1326	1368	1370	1319
naif1+ii+410.670+Sdyd	1907	1941	1981	2005	2022	1933	1842	1861	1830	1938
naif1+aa+413.390+mtwaSl	874	905	973	975	989	1020	1329	1444	1522	1075
naif1+aa+414.987+ktab	1510	1405	1330	1312	1319	1312	1303	1305	1302	1311
naif1+ii+418.569+nSyb	1523	1742	1854	1897	1915	1896	1896	1913	1913	1873
naif1+aa+419.950+maDy	1172	1207	1234	1200	1134	1047	992	1003	990	961
naif1+ii+420.222+maDy	1504	1665	1813	1946	2056	2155	2216	2065	1872	2264
naif1+ii+422.805+wsyTh	1562	1753	1843	1881	1889	1844	1725	1681	1645	1810
naif1+uu+425.756+\shrwT	883	904	911	896	858	809	754	740	750	756
naif1+ii+427.077+tlyfwn	1727	1748	1755	1721	1666	1590	1550	1580	1695	1496
naif1+uu+427.236+tlyfwn	931	915	892	869	882	920	995	1038	1075	974
naif1+uu+432.225+ftwr	1021	848	789	760	757	765	778	884	906	802
naif1+aa+450.155+ba\?g	1315	1343	1332	1334	1338	1334	1332	1330	1330	1321
naif1+aa+451.327+ta\?g	1483	1423	1385	1371	1361	1356	1362	1364	1367	1359
naif1+ii+453.933+jym	1940	2000	2046	2079	2105	2041	1817	1670	1601	1893
naif1+aa+457.731+dal	1500	1454	1421	1394	1384	1401	1423	1433	1445	1455
naif1+aa+459.047+\dhal	1454	1451	1428	1393	1373	1362	1366	1368	1366	1346
naif1+ii+463.333+syn	1886	2021	2160	2231	2256	2230	2152	2046	2011	2248
naif1+ii+464.742+\shyn	2121	2236	2240	2264	2138	2028	1831	1751	1688	2026
naif1+aa+465.999+Sad	976	1002	1020	1045	1109	1220	1273	1306	1335	1369
naif1+aa+467.611+Dad	922	988	972	975	985	1021	1080	1098	1120	1065
naif1+aa+469.032+Ta\?g	949	1006	1008	1014	1050	1093	1205	1234	1266	1094
naif1+aa+470.995+\D-a\?g	887	966	1005	1033	1061	1089	1111	1123	1130	1115
naif1+aa+475.050+fa\?g	1276	1308	1327	1330	1335	1334	1326	1326	1323	1347
naif1+aa+479.109+lam	1505	1453	1425	1392	1363	1325	1353	1354	1356	1289
naif1+ii+480.375+mym	2272	2284	2295	2280	2117	1716	1510	1391	1186	826
naif1+uu+481.562+nwn	1297	1061	916	848	851	928	1014	1045	1088	1041
naif1+aa+482.727+ha\?g	1312	1301	1308	1317	1320	1315	1335	1337	1340	1308
naif2+uu+12.270+aSwl	882	838	884	872	896	991	1047	1131	1163	1185
naif2+aa+15.138+mwaTn	938	1038	1092	1120	1119	1089	1049	1019	1038	1052
naif2+aa+16.601+awTan	989	1052	1073	1098	1146	1206	1296	1383	1417	1282
naif2+aa+19.301+maD	1141	1166	1188	1191	1156	1096	1052	1047	1029	1016
naif2+aa+24.977+alfDa\?g	939	989	1021	1028	1051	1069	1049	1042	1037	1106
naif2+aa+27.378+baS	1168	1188	1194	1164	1124	1110	1235	1398	1449	1087
naif2+aa+29.135+antSar	986	1082	1114	1115	1114	1101	1167	1169	1176	1093
naif2+aa+30.428+ratb	1055	1135	1161	1167	1211	1307	1352	1363	1380	1442
naif2+uu+32.365+fTwr	2684	2328	2347	1654	1099	789	979	1116	1206	876
naif2+aa+33.777+wasTh	997	1057	1110	1141	1138	1113	1256	1328	1391	1065
naif2+aa+35.520+Tbabh	1105	1175	1194	1211	1232	1231	1225	1241	1238	1254
naif2+aa+37.304+anfSal	1014	1096	1125	1144	1182	1220	1260	1278	1289	1290
naif2+ii+38.840+hy	2197	2118	2101	2111	2103	2038	1931	1827	1763	1956
naif2+aa+40.402+balTa\?grh	986	1047	1074	1095	1113	1145	1208	1301	1329	1181
naif2+uu+41.755+wDw\?g	473	1672	1834	1343	891	859	861	864	879	755
naif2+aa+43.111+tab	1510	1386	1369	1363	1356	1328	1223	1303	1295	1341
naif2+ii+44.717+tlyfwn	1775	1837	1851	1831	1767	1683	1622	1592	1557	1583
naif2+uu+44.909+tlyfwn	904	760	693	756	857	996	1121	1224	1272	1155
naif2+ii+46.338+qDyb	1270	1622	1868	1997	2032	2030	2032	2004	1995	1984
naif2+ii+48.032+jzyrh	1566	1678	1849	1950	1993	1948	1832	1680	1592	1920
naif2+aa+51.001+rDa\?g	960	1031	1055	1059	1054	1056	1054	1027	1025	1086
naif2+uu+52.481+zhwr	848	910	933	859	827	828	945	1059	1107	881
naif2+aa+53.890+alnaSrh	1374	1314	1281	1252	1205	1166	1301	1461	1509	1144
naif2+aa+55.428+n\D-afh	922	1029	1063	1072	1074	1084	1090	1136	1159	1109
naif2+aa+57.047+ant\D-am	893	999	1046	1074	1114	1158	1231	1257	1274	1188
naif2+ii+58.394+w\D-yfh	1165	1425	1662	1843	1928	1959	1913	1859	1844	1935
naif2+aa+64.335+mwa\D-bh	1017	1093	1113	1102	1065	995	936	914	907	919
naif2+aa+65.751+tab\9e	1453	1418	1376	1373	1373	1347	1291	1288	1274	1332
naif2+aa+68.185+mna\D-r	1333	1312	1274	1243	1197	1113	1058	1031	1007	1021
naif2+uu+73.783+sTwr	693	643	628	636	689	781	877	998	1048	901
naif2+ii+75.563+wsyTh	1531	1685	1744	1771	1748	1676	1658	1670	1659	1581
naif2+ii+77.328+n\D-yf	1244	1523	1758	1888	1956	1977	1934	1923	1911	2007
naif2+ii+78.893+mTyh	1310	1697	1930	2134	2201	2141	1971	1915	1838	2045
naif2+uu+82.461+\shrwT	778	833	810	783	755	805	961	1082	1139	913
naif2+aa+84.025+mtwaSl	1002	1058	1085	1091	1068	1046	1331	1464	1525	980
naif2+ii+85.806+nSyb	1456	1779	1949	2022	2045	1984	1987	1953	1935	1888
naif2+uu+88.538+ftwr	1043	946	795	781	798	818	835	915	937	822
naif2+uu+90.087+fDwl	1218	1245	930	1272	1162	1110	970	1007	1075	882
naif2+ii+95.367+yTyr	1362	1621	1783	1894	1952	1957	1896	1853	1833	1964
naif2+aa+102.713+Tab\9e	958	1001	1030	1053	1084	1096	1137	1184	1198	1139
naif2+aa+105.212+faSl	1163	1178	1178	1156	1125	1080	1152	1248	1270	1036
naif2+aa+107.423+alan	1414	1425	1425	1444	1468	1483	1496	1489	1486	1500
naif2+ii+108.864+fTyrh	1418	1616	1792	1895	1920	1875	1775	1675	1627	1827
naif2+uu+110.188+hw	788	754	672	644	677	764	848	922	957	860
naif2+aa+112.758+Samt	958	1026	1022	1035	1058	1114	1228	1287	1326	1139
naif2+aa+114.219+maDy	1027	1186	1239	1207	1146	1083	1031	1031	1019	1032
naif2+ii+114.541+maDy	1417	1587	1782	1933	2034	2111	2197	2235	2265	2149
naif2+ii+116.272+mtwDy\?g	1189	1258	1312	1373	1422	1466	1504	1523	1534	1495
naif2+aa+117.894+fTam	932	1024	1043	1060	1111	1139	1176	1185	1188	1194
naif2+uu+119.357+skwt	899	833	825	812	847	955	1106	1286	1352	1124
naif2+aa+125.548+sTam	963	1043	1083	1070	1090	1125	1149	1174	1193	1184
naif2+ii+127.001+mSyr	1424	1689	1894	1980	2005	2006	1969	1967	1960	2011
naif2+aa+128.591+bsaTh	1010	1104	1134	1137	1121	1086	1026	1104	1105	1077
naif2+aa+130.092+mlabs	1440	1431	1413	1395	1384	1375	1335	1320	1312	1391
naif2+ii+132.082+Sdyd	1900	1965	2011	2034	2043	2030	2054	2015	2010	2004
naif2+aa+133.670+ktab	1572	1470	1418	1398	1394	1379	1345	1321	1308	1373
naif2+aa+135.456+naDj	1264	1231	1198	1166	1110	1075	1048	1053	1054	1010
naif2+ii+137.291+sdyd	1934	2000	2024	2042	2042	2036	2031	2019	2015	2009
naif2+ii+138.897+wsyTh	1531	1651	1738	1800	1830	1802	1719	1675	1652	1787
naif2+uu+140.550+aSwl	1378	872	871	853	855	951	1050	1116	1166	1094
naif2+ii+142.067+w\D-yfh	1186	1530	1810	1921	1957	1983	1971	1952	1948	1979
naif2+aa+146.487+mwaTn	980	1008	1048	1075	1088	1081	1060	1089	1087	1087
naif2+aa+148.939+faSl	1069	1122	1131	1119	1108	1081	1105	1127	1133	1070
naif2+aa+150.190+naDj	1348	1302	1242	1210	1185	1127	1091	1080	1062	1045
naif2+aa+154.256+fTam	990	1095	1079	1090	1133	1183	1264	1286	1309	1246
naif2+aa+157.024+n\D-afh	943	1008	1081	1116	1134	1128	1215	1301	1324	1136
naif2+aa+158.473+alnaSrh	1249	1242	1234	1232	1211	1178	1263	1340	1361	1096
naif2+aa+161.660+sTam	989	1030	1044	1066	1087	1110	1138	1178	1189	1130
naif2+uu+163.196+fDwl	785	1240	979	603	687	776	935	1058	1111	849
naif2+aa+168.173+alfDa\?g	927	1029	1086	1119	1140	1162	1143	1119	1114	1186
naif2+aa+170.924+ktab	1567	1513	1459	1422	1402	1363	1313	1297	1279	1329
naif2+ii+172.347+tlyfwn	1778	1835	1854	1799	1716	1635	1599	1642	1661	1531
naif2+uu+172.533+tlyfwn	843	757	751	746	770	841	942	1064	1138	933
naif2+ii+173.858+mSyr	1135	1531	1809	1968	2036	2011	1927	1915	1885	1999
naif2+ii+175.325+sdyd	1891	2016	2046	2051	2058	2023	1967	1930	1909	2004
naif2+aa+176.571+mlabs	1474	1421	1396	1387	1404	1402	1400	1426	1426	1414
naif2+aa+178.047+alan	1462	1417	1408	1406	1426	1454	1481	1494	1506	1506
naif2+aa+179.273+baS	1086	1127	1126	1121	1104	1093	1095	1269	1299	1075
naif2+aa+180.529+ratb	936	1036	1127	1166	1205	1264	1273	1341	1363	1384
naif2+aa+181.747+wasTh	925	995	1051	1083	1092	1079	1138	1247	1269	1093
naif2+aa+183.315+anfSal	964	1020	1042	1079	1128	1174	1185	1204	1212	1228
naif2+ii+187.290+yTyr	1545	1829	1964	2023	2062	2072	2025	2005	1988	2094
naif2+uu+188.707+wDw\?g	844	781	789	761	676	680	731	779	807	707
naif2+aa+190.328+balTa\?grh	957	1034	1074	1103	1130	1209	1324	1406	1449	1272
naif2+aa+191.677+tab	1471	1386	1380	1373	1367	1366	1324	1318	1314	1402
naif2+ii+193.476+qDyb	1222	1538	1738	1867	1934	1962	1916	1911	1900	1998
naif2+uu+196.008+zhwr	944	1583	1353	1059	825	794	829	939	973	825
naif2+aa+197.269+bsaTh	1030	1081	1103	1095	1079	1048	981	1034	1028	1039
naif2+aa+200.210+ant\D-am	915	1042	1074	1073	1086	1112	1143	1169	1182	1150
naif2+aa+205.763+antSar	1094	1096	1106	1102	1100	1098	1161	1165	1178	1100
naif2+uu+207.185+skwt	788	805	775	715	717	818	1049	1168	1237	926
naif2+aa+208.542+rDa\?g	957	1015	1021	1039	1059	1087	1096	1150	1163	1120
naif2+aa+209.695+tab\9e	1313	1318	1309	1296	1300	1294	1286	1304	1304	1344
naif2+uu+215.669+sTwr	897	822	769	796	831	886	1053	1121	1170	948
naif2+uu+216.872+hw	861	773	733	752	821	906	984	1060	1089	1009
naif2+ii+217.926+n\D-yf	1050	1449	1784	1919	1970	1978	1934	1904	1888	1999
naif2+ii+220.352+mTyh	1315	1699	1934	2023	2068	2056	1950	1911	1877	2061
naif2+ii+221.741+jzyrh	1751	1878	1921	1909	1862	1765	1617	1471	1417	1655
naif2+uu+224.792+ftwr	1152	904	772	800	840	892	966	1061	1099	947
naif2+uu+226.201+\shrwT	857	797	709	712	784	843	917	1119	1160	926
naif2+aa+227.549+mtwaSl	915	1004	1044	1056	1037	1021	1237	1615	1699	999
naif2+aa+229.095+Tbabh	1149	1193	1215	1220	1219	1214	1215	1222	1222	1226
naif2+aa+230.547+mna\D-r	1287	1240	1209	1196	1156	1072	1031	1002	981	949
naif2+ii+232.028+nSyb	1670	1874	1976	2036	2072	2033	2027	1998	1981	2019
naif2+aa+233.452+Samt	959	1010	986	1010	1059	1130	1267	1315	1358	1188
naif2+uu+237.454+fTwr	947	1246	876	1218	1170	1031	1024	1117	1183	905
naif2+ii+238.560+hy	2151	2061	2064	2086	2066	1980	1862	1751	1696	1897
naif2+aa+241.305+mwa\D-bh	996	1070	1088	1087	1060	1006	963	945	929	916
naif2+aa+242.666+Tab\9e	957	1011	1030	1055	1092	1082	1057	1110	1110	1157
naif2+ii+245.496+fTyrh	1436	1645	1754	1822	1837	1791	1689	1549	1486	1729
naif2+aa+246.859+maDy	1089	1118	1171	1161	1105	1044	1066	1075	1076	952
naif2+ii+247.166+maDy	1611	1746	1903	2011	2083	2139	2197	2203	2087	2199
naif2+ii+248.301+Sdyd	1862	1937	2015	2060	2080	2035	2011	1967	1943	1979
naif2+ii+249.945+mtwDy\?g	1186	1290	1404	1515	1603	1662	1671	1645	1611	1714
naif2+aa+251.235+maD	1126	1161	1159	1129	1085	1037	1001	1009	1000	981
naif2+aa+252.966+awTan	970	1051	1082	1101	1129	1191	1251	1280	1303	1270
naif2+uu+254.497+aSwl	901	948	755	640	720	870	995	1066	1151	1119
naif2+uu+257.541+zhwr	1531	1522	1003	797	782	814	846	907	937	870
naif2+aa+258.941+mwaTn	978	1037	1051	1045	1028	1003	970	966	962	969
naif2+aa+260.335+maD	1098	1146	1189	1184	1138	1094	1037	1016	1001	1050
naif2+ii+263.751+mtwDy\?g	1222	1266	1317	1367	1437	1517	1581	1622	1634	1619
naif2+aa+264.922+faSl	1148	1157	1134	1115	1081	1061	1317	1478	1548	1036
naif2+uu+267.896+sTwr	881	830	783	784	806	853	991	1095	1146	907
naif2+ii+269.278+sdyd	1924	1991	2041	2075	2079	2049	2046	1991	1975	1968
naif2+aa+270.836+fTam	997	1027	1027	1058	1106	1154	1194	1210	1227	1215
naif2+aa+272.857+alnaSrh	1347	1318	1239	1183	1125	1048	1176	1316	1348	968
naif2+aa+274.555+anfSal	980	1043	1074	1112	1171	1224	1261	1273	1283	1310
naif2+aa+275.562+baS	1141	1193	1225	1195	1158	1136	1126	1132	1130	1106
naif2+aa+277.039+rDa\?g	974	1028	1090	1141	1161	1160	1110	1162	1161	1180
naif2+ii+278.558+hy	1876	2119	2168	2160	2120	2022	1910	1799	1724	1898
naif2+aa+280.015+sTam	979	1067	1129	1132	1140	1154	1176	1218	1227	1178
naif2+aa+281.283+tab	1554	1428	1416	1405	1396	1361	1325	1316	1304	1319
naif2+ii+285.488+mTyh	1376	1740	2000	2139	2189	2127	1989	1924	1865	2067
naif2+aa+289.629+alfDa\?g	917	1013	1034	1053	1083	1096	1083	1110	1110	1101
naif2+aa+292.592+Tbabh	1240	1242	1284	1315	1309	1270	1222	1220	1209	1247
naif2+aa+295.247+naDj	1479	1304	1291	1281	1210	1107	1045	1025	996	943
naif2+ii+297.804+w\D-yfh	1272	1620	1857	1967	1984	1963	1928	1876	1861	1883
naif2+aa+299.402+awTan	951	1014	1077	1099	1135	1204	1284	1327	1354	1269
naif2+uu+301.212+fTwr	888	811	815	827	860	912	1088	1237	1299	978
naif2+aa+302.454+alan	1464	1434	1419	1411	1433	1448	1480	1488	1492	1480
naif2+aa+304.911+ratb	1031	1104	1137	1159	1217	1285	1334	1414	1442	1436
naif2+aa+306.302+Tab\9e	996	1040	1063	1074	1073	1089	1069	1091	1096	1115
naif2+aa+307.695+wasTh	954	995	1061	1101	1114	1219	1276	1538	1603	1118
naif2+uu+309.252+wDwh	909	1067	926	668	644	729	828	910	963	889
naif2+ii+311.803+yTyr	1474	1768	1907	1946	1956	1910	1868	1854	1834	1875
naif2+aa+313.009+balTa\?grh	981	1038	1056	1057	1087	1159	1282	1391	1433	1246
naif2+aa+314.356+Samt	975	1000	1036	1068	1102	1139	1211	1269	1294	1159
naif2+uu+315.435+hw	473	633	632	614	614	691	783	864	934	780
naif2+aa+316.618+bsaTh	1040	1109	1132	1126	1111	1075	1053	1108	1111	1048
naif2+ii+319.039+qDyb	1275	1588	1778	1940	2012	2047	1978	1962	1950	2075
naif2+aa+320.181+n\D-afh	967	1047	1087	1107	1124	1125	1166	1241	1258	1125
naif2+aa+321.850+ant\D-am	924	1009	1065	1104	1123	1153	1182	1199	1218	1197
naif2+ii+323.136+jzyrh	1632	1737	1870	1921	1921	1863	1743	1598	1553	1839
naif2+ii+327.026+n\D-yf	1286	1562	1754	1859	1920	1984	1973	1939	1937	2072
naif2+uu+328.381+fDwl	1056	1171	1135	1135	1011	904	847	834	866	802
naif2+uu+330.035+skwt	732	602	593	665	679	718	741	814	915	670
naif2+aa+331.194+mna\D-r	1334	1327	1274	1217	1151	1089	1059	1040	1030	1002
naif2+aa+334.180+mwa\D-bh	1021	1048	1067	1071	1045	1000	967	952	940	960
naif2+aa+336.028+antSar	1093	1104	1104	1117	1125	1133	1236	1247	1269	1147
naif2+ii+337.460+mSyr	1346	1638	1832	1921	1939	1898	1853	1816	1793	1859
naif2+aa+338.604+tab\9e	1492	1423	1423	1420	1417	1398	1359	1349	1340	1387
naif2+ii+341.168+fTyrh	1349	1538	1655	1726	1759	1727	1645	1531	1474	1671
naif2+aa+345.242+mlabs	1454	1444	1404	1393	1392	1378	1328	1319	1309	1378
naif2+ii+346.718+Sdyd	1811	1866	1918	1977	2052	2071	2061	2026	2015	2095
naif2+aa+348.087+mtwaSl	1044	1057	1068	1093	1087	1060	1019	1210	1252	995
naif2+aa+350.205+ktab	1612	1456	1405	1390	1373	1360	1316	1298	1290	1362
naif2+ii+353.397+nSyb	1238	1510	1735	1901	1968	1992	2023	2028	2030	1978
naif2+aa+354.651+maDy	1164	1157	1167	1158	1125	1070	1015	1012	995	1008
naif2+ii+354.937+maDy	1487	1633	1766	1860	1952	2042	1984	1995	1919	2157
naif2+ii+357.202+wsyTh	1529	1739	1873	1953	1986	1932	1800	1699	1643	1868
naif2+uu+359.812+\shrwT	727	804	765	758	791	840	993	1057	1104	914
naif2+ii+361.088+tlyfwn	1790	1797	1811	1798	1720	1625	1589	1563	1594	1492
naif2+uu+361.261+tlyfwn	933	921	905	899	934	1020	1115	1213	1259	1157
naif2+uu+364.368+ftwr	1188	1007	945	890	859	863	955	1032	1071	893
naif2+aa+375.662+ba\?g	1420	1407	1398	1385	1390	1367	1348	1333	1324	1324
naif2+aa+376.786+ta\?g	1493	1488	1499	1493	1477	1466	1444	1428	1418	1475
naif2+ii+379.111+jym	1953	1962	2041	2108	2139	1980	1806	1714	1636	1757
naif2+aa+382.551+dal	1568	1451	1407	1390	1383	1408	1429	1436	1452	1475
naif2+aa+383.758+\dhal	1479	1447	1455	1450	1427	1428	1438	1437	1443	1448
naif2+ii+387.454+syn	1834	2137	1963	1875	1547	1512	1390	1326	1374	1569
naif2+ii+388.794+\shyn	2299	2301	2296	2300	2202	1925	1761	1668	1536	1463
naif2+aa+389.959+Sad	907	962	997	1038	1104	1191	1236	1262	1290	1391
naif2+aa+391.331+Dad	861	928	974	1026	1073	1146	1189	1208	1230	1219
naif2+aa+392.616+Ta\?g	981	1033	1026	1027	1022	1037	1113	1123	1146	1058
naif2+aa+393.974+\D-a\?g	928	1014	1036	1048	1043	1069	1076	1078	1086	1101
naif2+aa+397.679+fa\?g	1289	1366	1375	1371	1377	1374	1365	1364	1360	1368
naif2+aa+401.739+lam	1522	1495	1473	1446	1426	1393	1376	1370	1363	1393
naif2+ii+402.951+mym	1813	2454	2402	2266	2124	1863	1690	1606	1515	1459
naif2+uu+404.227+nwn	1317	1152	1222	1189	1188	1198	1253	1291	1320	1263
naif2+aa+405.461+ha\?g	1327	1315	1329	1344	1350	1346	1332	1329	1323	1347
saud+uu+3.284+aSwl	988	960	922	880	864	903	998	1129	1234	949
saud+aa+6.801+mwaTn	996	1031	1063	1087	1114	1125	1129	1169	1214	1143
saud+aa+8.686+awTan	972	1052	1101	1144	1199	1272	1358	1447	1519	1355
saud+aa+12.070+maD	1135	1157	1161	1156	1135	1096	1239	1277	1301	1062
saud+aa+20.528+alfDa\?g	1059	1089	1099	1104	1102	1094	1093	1081	1073	1069
saud+aa+24.672+baS	1127	1150	1152	1151	1158	1180	1280	1474	1518	1202
saud+aa+27.065+antSar	1147	1138	1137	1130	1142	1142	1144	1294	1312	1135
saud+aa+28.751+ratb	1055	1093	1118	1158	1249	1365	1383	1430	1444	1538
saud+uu+30.553+fTwr	947	951	919	910	936	979	1151	1268	1312	1023
saud+aa+36.297+Tbabh	1230	1273	1273	1273	1267	1258	1247	1236	1232	1234
saud+aa+38.443+anfSal	1094	1105	1137	1224	1354	1466	1522	1553	1567	1596
saud+ii+39.799+hy	2407	2384	2402	2414	2420	2417	2421	2429	2428	2410
saud+aa+42.479+balTa\?grh	1114	1107	1098	1108	1140	1199	1281	1363	1433	1256
saud+uu+44.085+wDw\?g	919	839	802	788	783	770	784	930	999	743
saud+aa+45.921+tab	1723	1550	1533	1480	1432	1378	1360	1339	1330	1315
saud+ii+48.657+tlyfwn	1870	1952	1977	1965	1909	1808	1736	1696	1704	1658
saud+uu+48.823+tlyfwn	949	967	1016	1062	1085	1077	1097	1161	1250	1047
saud+ii+50.697+qDyb	1607	1865	2053	2127	2091	1989	1969	1901	1865	1712
saud+ii+52.715+jzyrh	2013	2060	2100	2044	1868	1684	1535	1394	1328	1463
saud+aa+55.479+rDa\?g	1123	1136	1137	1146	1151	1156	1150	1139	1133	1143
saud+uu+56.967+zhwr	873	915	909	917	967	1046	1209	1380	1434	1096
saud+aa+58.503+alnaSrh	1386	1326	1265	1240	1237	1216	1398	1656	1862	1235
saud+aa+60.314+n\D-afh	1120	1131	1132	1126	1123	1109	1177	1280	1347	1124
saud+aa+62.324+ant\D-am	1117	1141	1140	1128	1100	1291	1524	1626	1716	1069
saud+ii+63.975+w\D-yfh	1316	1625	1885	2010	2042	1997	1945	1948	1903	1941
saud+aa+69.891+mwa\D-bh	1013	1058	1087	1101	1109	1106	1105	1126	1213	1116
saud+aa+71.958+tab\9e	1637	1559	1461	1390	1356	1313	1295	1296	1287	1268
saud+aa+74.207+mna\D-r	1579	1520	1419	1330	1264	1209	1175	1165	1156	1159
saud+uu+80.749+sTwr	968	932	901	916	959	1048	1292	1402	1472	1070
saud+ii+82.952+wsyTh	1863	1937	1940	1846	1688	1539	1465	1442	1479	1354
saud+ii+84.870+n\D-yf	1731	1984	2097	2122	2073	1968	1873	1799	1750	1815
saud+ii+86.961+mTyh	1710	2170	2383	2467	2480	2455	2340	2249	2212	2451
saud+uu+91.203+\shrwT	989	930	933	954	991	1025	1061	1109	1150	1081
saud+aa+93.354+mtwaSl	1053	1087	1111	1132	1149	1160	1174	1222	1315	1172
saud+ii+95.797+nSyb	1767	2071	2221	2242	2182	2043	1918	1882	1842	1890
saud+uu+98.230+ftwr	1360	1151	1095	1060	1058	1178	1366	1538	1606	1142
saud+uu+100.226+fDwl	919	928	951	1017	1134	1265	1356	1412	1433	1438
saud+ii+106.301+yTyr	1703	2052	2163	2145	2058	1950	1871	1809	1783	1816
saud+aa+116.709+Tab\9e	1071	1079	1111	1146	1179	1203	1217	1253	1261	1242
saud+aa+120.853+faSl	1073	1096	1115	1135	1157	1185	1238	1350	1373	1254
saud+aa+123.536+alan	1631	1547	1486	1473	1526	1585	1617	1667	1685	1685
saud+ii+125.081+fTyrh	1758	1976	2080	2112	2078	1958	1806	1645	1514	1797
saud+uu+126.672+hw	690	710	703	692	683	678	709	892	1003	693
saud+aa+130.088+Samt	1064	1067	1108	1140	1166	1173	1199	1250	1259	1162
saud+aa+132.003+maDy	1155	1182	1185	1182	1165	1134	1114	1169	1170	1086
saud+ii+132.235+maDy	1461	1672	1850	1981	2054	2106	2120	2093	2122	2148
saud+ii+134.303+mtwDy\?g	1686	1754	1823	1898	1954	1991	2016	2033	2048	2024
saud+aa+135.951+fTam	1138	1165	1171	1168	1143	1293	1439	1576	1645	1820
saud+uu+137.781+skwt	944	906	927	1023	1192	1346	1437	1477	1501	1550
saud+ii+149.379+mSyr	1721	1959	2083	2124	2123	2081	2011	1937	1868	2049
saud+aa+151.465+bsaTh	1500	1384	1299	1251	1224	1199	1204	1276	1282	1175
saud+aa+153.329+mlabs	1744	1643	1541	1471	1426	1388	1355	1362	1373	1347
saud+aa+156.907+ktab	1787	1697	1582	1487	1416	1354	1319	1324	1318	1294
saud+aa+158.601+naDj	1663	1558	1431	1325	1249	1190	1154	1180	1176	1136
saud+ii+172.656+wsyTh	1969	2105	2199	2249	2272	2246	2178	2066	1940	2209
saud+uu+174.664+aSwl	971	891	862	926	1071	1271	1422	1525	1577	1540
saud+ii+176.382+w\D-yfh	1582	1934	2121	2214	2223	2188	2065	1962	1889	2222
saud+aa+181.965+mwaTn	1099	1137	1181	1197	1202	1187	1176	1170	1189	1177
saud+aa+185.441+faSl	1139	1155	1146	1139	1146	1166	1183	1300	1322	1205
saud+aa+187.137+naDj	1369	1293	1244	1219	1194	1159	1135	1129	1122	1098
saud+aa+193.268+fTam	1108	1166	1201	1199	1179	1163	1460	1719	1801	1121
saud+aa+197.419+n\D-afh	1142	1155	1164	1171	1174	1158	1162	1213	1276	1129
saud+aa+200.411+alnaSrh	1535	1443	1365	1308	1282	1279	1277	1315	1354	1328
saud+ii+202.465+syf	2078	2111	2154	2169	2140	2064	1989	1917	1876	1992
saud+aa+204.539+sTam	1117	1174	1199	1205	1198	1181	1207	1344	1347	1162
saud+uu+206.379+fDwl	897	914	869	861	924	1028	1182	1312	1387	1144
saud+aa+212.313+alfDa\?g	1075	1093	1110	1128	1144	1151	1152	1139	1133	1151
saud+aa+216.348+ktab	1734	1648	1553	1485	1426	1369	1342	1340	1335	1307
saud+ii+218.377+tlyfwn	2047	2062	2050	2017	1944	1851	1795	1749	1716	1741
saud+uu+218.550+tlyfwn	979	1037	1006	1020	1058	1165	1289	1328	1373	1224
saud+ii+221.139+mSyr	1675	1984	2124	2194	2226	2207	2129	2028	1995	2185
saud+ii+223.322+sdyd	2129	2238	2362	2403	2429	2428	2412	2316	2240	2423
saud+aa+225.104+mlabs	1591	1517	1458	1411	1369	1326	1271	1292	1326	1283
saud+aa+226.974+alan	1286	1228	1208	1217	1290	1408	1499	1566	1601	1568
saud+aa+228.709+baS	1082	1125	1138	1134	1130	1135	1142	1150	1185	1144
saud+aa+230.397+ratb	1146	1117	1114	1119	1122	1159	1235	1335	1429	1199
saud+aa+234.742+anfSal	1028	1094	1132	1139	1152	1196	1272	1340	1368	1244
saud+ii+240.569+yTyr	2006	2238	2315	2349	2322	2241	2140	2044	1980	2130
saud+uu+242.806+wDw\?g	734	787	817	801	780	750	726	743	892	729
saud+aa+245.141+balTa\?grh	1095	1095	1101	1116	1132	1159	1241	1258	1283	1165
saud+aa+247.147+tab	1727	1609	1536	1518	1491	1465	1442	1420	1401	1437
saud+ii+249.020+qDyb	1666	1952	2132	2214	2234	2194	2093	2039	1960	2149
saud+uu+252.615+zhwr	727	755	782	796	787	786	805	832	889	743
saud+aa+254.398+bsaTh	1446	1364	1304	1259	1222	1199	1193	1253	1261	1161
saud+aa+258.484+ant\D-am	1144	1157	1157	1145	1140	1138	1136	1134	1126	1136
saud+aa+265.799+antSar	1126	1143	1161	1177	1187	1188	1189	1191	1202	1188
saud+uu+267.541+skwt	841	822	812	867	997	1185	1286	1336	1367	1401
saud+aa+269.382+rDa\?g	1093	1092	1101	1112	1119	1115	1110	1107	1102	1110
saud+aa+271.132+tab\9e	1344	1278	1231	1216	1226	1240	1224	1199	1201	1273
saud+aa+272.919+msa\9edh	1577	1498	1460	1422	1398	1409	1439	1462	1474	1432
saud+uu+276.609+sTwr	992	1004	941	879	881	912	965	1046	1113	956
saud+uu+278.302+hw	763	762	742	731	726	706	689	685	714	674
saud+ii+280.060+n\D-yf	1453	1726	1904	2003	2049	2035	1946	1885	1856	2024
saud+ii+283.712+mTyh	1793	2236	2473	2532	2537	2491	2363	2258	2212	2466
saud+ii+285.502+jzyrh	2020	2133	2211	2276	2289	2239	2109	1948	1826	2169
saud+uu+289.530+ftwr	1357	1217	1085	1041	1036	1060	1123	1299	1388	1069
saud+uu+291.485+\shrwT	1144	1052	988	946	897	868	886	920	955	807
saud+aa+293.443+mtwaSl	1065	1106	1129	1136	1148	1146	1255	1301	1328	1203
saud+aa+295.402+Tbabh	1393	1394	1359	1342	1337	1321	1290	1282	1270	1287
saud+aa+297.246+mna\D-r	1632	1532	1388	1290	1236	1194	1159	1143	1129	1144
saud+ii+299.069+nSyb	1508	1760	1983	2101	2135	2115	2019	1966	1936	2105
saud+aa+300.852+Samt	1111	1127	1155	1168	1176	1217	1263	1321	1343	1223
saud+uu+304.428+fTwr	867	759	656	603	693	813	1022	1246	1326	974
saud+ii+306.026+hy	2514	2531	2550	2563	2568	2559	2548	2515	2279	2539
saud+aa+310.764+mwa\D-bh	1132	1102	1090	1104	1123	1122	1091	1040	1006	1122
saud+aa+312.430+Tab\9e	1114	1138	1140	1144	1162	1198	1224	1284	1301	1253
saud+ii+316.072+fTyrh	1616	1981	2227	2338	2397	2380	2275	2108	1962	2374
saud+aa+317.701+maDy	1181	1174	1168	1156	1141	1131	1219	1267	1294	1105
saud+ii+317.988+maDy	1763	1878	1982	2062	2111	2153	2163	2170	2156	2189
saud+ii+319.472+Sdyd	2212	2250	2357	2419	2389	2288	2232	2199	2146	2151
saud+ii+321.591+mtwDy\?g	1767	1872	1967	2073	2187	2278	2354	2416	2384	2358
saud+aa+322.897+maD	1163	1156	1165	1173	1166	1123	1097	1086	1071	1085
saud+uu+324.679+awTan	843	782	724	739	832	927	1036	1108	1211	1009
saud+aa+324.898+awTan	1110	1148	1138	1146	1171	1230	1323	1414	1447	1283
saud+uu+329.996+aSwl	704	587	693	852	955	1181	1629	2000	2148	1177
saud+uu+330.255+aSwl	996	1007	963	898	870	889	994	1147	1203	908
saud+uu+333.494+zhwr	737	698	645	648	709	794	875	964	1023	890
saud+aa+335.353+mwaTn	1154	1157	1170	1176	1178	1174	1136	1159	1155	1172
saud+aa+337.306+maD	1192	1156	1173	1181	1181	1164	1139	1132	1122	1154
saud+ii+341.331+mtwDy\?g	1721	1767	1804	1836	1872	1910	1942	1981	2024	1955
saud+aa+342.897+faSl	1007	1064	1095	1117	1128	1145	1305	1365	1403	1166
saud+uu+346.313+sTwr	1019	1026	977	933	941	970	1011	1158	1268	1015
saud+ii+347.995+sdyd	2107	2164	2195	2195	2163	2102	2085	2034	2027	2025
saud+aa+349.711+fTam	1173	1210	1271	1291	1270	1249	1217	1194	1181	1222
saud+aa+351.425+alnaSrh	1467	1420	1362	1318	1288	1278	1255	1278	1357	1280
saud+aa+353.406+anfSal	1148	1172	1181	1190	1200	1206	1222	1226	1221	1197
saud+aa+355.021+baS	1083	1141	1178	1192	1191	1197	1204	1224	1230	1193
saud+aa+356.693+rDa\?g	1126	1148	1158	1156	1153	1148	1144	1148	1144	1143
saud+ii+358.126+hy	2262	2296	2273	2292	2345	2374	2400	2399	2289	2403
saud+aa+359.592+sTam	1137	1183	1207	1218	1214	1198	1181	1170	1152	1178
saud+aa+361.285+tab	1369	1342	1283	1243	1212	1191	1178	1161	1154	1176
saud+ii+366.122+mTyh	1802	2146	2315	2398	2432	2399	2266	2145	2098	2381
saud+aa+371.179+alfDa\?g	1095	1100	1127	1145	1149	1149	1148	1145	1145	1148
saud+aa+374.483+Tbabh	1190	1227	1286	1303	1303	1279	1261	1243	1234	1244
saud+ii+376.201+syf	2020	2077	2121	2157	2192	2199	2182	2133	2104	2202
saud+aa+377.844+naDj	1309	1252	1212	1201	1187	1176	1156	1159	1202	1164
saud+ii+380.884+w\D-yfh	1302	1607	1834	1954	1987	1938	1892	1874	1843	1878
saud+aa+382.639+awTan	1070	1097	1091	1086	1108	1121	1143	1173	1209	1144
saud+uu+384.167+fTwr	1034	1054	1050	1039	1041	1039	1077	1251	1288	1024
saud+aa+385.554+alan	1521	1349	1226	1155	1133	1144	1209	1265	1286	1165
saud+aa+388.596+ratb	1153	1152	1163	1199	1311	1445	1530	1578	1607	1636
saud+aa+390.048+Tab\9e	1125	1131	1107	1108	1139	1184	1228	1268	1284	1235
saud+aa+391.559+wasTh	1024	1033	1070	1111	1144	1169	1201	1264	1280	1205
saud+uu+393.158+wDwh	889	806	776	776	775	776	782	790	917	765
saud+ii+396.153+yTyr	1489	1765	1962	2049	2097	2101	2060	1991	1957	2113
saud+aa+397.900+balTa\?grh	1144	1137	1154	1164	1177	1234	1345	1481	1529	1286
saud+aa+399.426+Samt	1146	1154	1182	1218	1230	1260	1284	1309	1323	1259
saud+uu+401.024+hw	780	750	719	696	675	668	672	874	932	642
saud+aa+402.227+bsaTh	1328	1290	1261	1253	1243	1222	1215	1282	1290	1203
saud+ii+404.732+qDyb	1818	2048	2172	2229	2242	2218	2138	2028	1977	2191
saud+aa+406.115+n\D-afh	1117	1132	1152	1162	1153	1124	1090	1072	1087	1119
saud+aa+407.899+ant\D-am	1166	1178	1185	1192	1191	1185	1227	1304	1320	1150
saud+ii+409.413+jzyrh	2121	2167	2197	2227	2239	2217	2123	1991	1855	2212
saud+ii+413.741+n\D-yf	1860	2066	2158	2188	2167	2068	1986	1903	1840	1968
saud+uu+415.108+fDwl	1051	1058	1046	1027	1004	1037	1187	1196	1171	1007
saud+uu+415.275+fDwl	952	935	898	880	874	897	946	1017	1104	924
saud+uu+416.805+skwt	978	936	907	906	930	988	1106	1147	1167	1035
saud+aa+418.149+mna\D-r	1624	1447	1351	1264	1201	1168	1118	1161	1162	1154
saud+aa+421.073+mwa\D-bh	1086	1098	1100	1102	1114	1115	1078	1070	1061	1132
saud+aa+422.843+antSar	1223	1215	1202	1200	1201	1203	1204	1203	1204	1194
saud+ii+424.274+mSyr	1430	1672	1860	1976	2012	1999	1945	1870	1823	1974
saud+aa+425.675+tab\9e	1377	1260	1195	1161	1155	1164	1174	1229	1241	1193
saud+ii+428.552+fTyrh	1509	1780	1944	2023	2062	2034	1927	1781	1690	2031
saud+aa+430.067+msa\9edh	1576	1487	1388	1334	1323	1331	1355	1386	1395	1348
saud+aa+433.066+mlabs	1726	1545	1418	1353	1309	1270	1194	1210	1200	1242
saud+ii+434.708+Sdyd	1996	2080	2140	2193	2248	2229	2178	2132	2100	2145
saud+aa+436.095+mtwaSl	894	999	1048	1060	1077	1102	1113	1217	1236	1139
saud+aa+437.534+ktab	1597	1495	1382	1300	1247	1217	1195	1171	1144	1202
saud+ii+440.457+nSyb	1530	1772	2026	2150	2219	2209	2154	2096	2145	2170
saud+aa+441.770+maDy	1264	1171	1158	1183	1179	1150	1074	1056	1040	1164
saud+ii+442.059+maDy	1673	1759	1856	1940	1994	2021	2031	2025	2028	2036
saud+ii+443.504+wsTy	1530	1742	1899	2026	2176	2280	2157	2042	1979	2555
saud+ii+444.759+wsyTh	1956	2048	2207	2368	2487	2511	2401	2212	2016	2459
saud+uu+447.922+\shrwT	859	841	836	853	903	959	1085	1235	1290	1079
saud+ii+450.810+tlyfwn	2103	2136	2160	2155	2120	2034	1984	2137	2211	1960
saud+uu+450.977+tlyfwn	913	852	847	909	988	1030	1031	1082	1164	1123
saud+uu+454.038+ftwr	1375	1264	1157	1087	1060	1019	1014	1021	1038	982
saud+aa+468.312+ba\?g	1594	1548	1508	1475	1457	1438	1423	1417	1413	1425
saud+aa+469.649+ta\?g	1678	1633	1591	1546	1510	1479	1462	1452	1446	1447
saud+aa+471.006+\tfa\?g	1751	1724	1664	1615	1569	1528	1502	1490	1483	1489
saud+ii+472.529+jym	2460	2490	2502	2484	2444	2320	2103	2023	1950	2274
saud+aa+476.263+dal	1883	1912	1873	1836	1809	1795	1745	1736	1726	1819
saud+ii+481.637+syn	2263	2433	2570	2617	2572	2372	2216	2138	2070	2135
saud+aa+484.139+Sad	1008	919	920	957	973	1009	1138	1198	1242	1019
saud+aa+485.422+Dad	958	900	866	872	913	996	1118	1159	1211	1021
saud+aa+486.832+Ta\?g	1039	1017	945	914	925	951	1014	1029	1047	1004
saud+aa+488.233+\D-a\?g	1044	984	964	969	991	1008	1096	1114	1133	1041
saud+aa+492.514+fa\?g	1543	1504	1470	1433	1405	1376	1358	1357	1351	1355
saud+aa+496.659+lam	1827	1867	1869	1849	1807	1690	1619	1586	1546	1537
saud+ii+498.064+mym	2746	2711	2668	2672	2699	2655	2442	2329	2259	2814
saud+uu+499.570+nwn	1323	1256	1854	1922	1757	1471	1612	1561	1551	1192
saud+aa+501.003+ha\?g	1723	1710	1700	1683	1656	1623	1610	1598	1590	1579
